0 0 1 -1 0 0 -1 0 -2 1 2 1 -1 -5 0 0 2 1 2 0 -1 1 -2 -2 2 1 0 -5 -2 0 -1 0 0 -1 -2 0 -2 1 0 1 0 0 0 -1 0 0 -1 -1 -1 0 1 -2 1 
1 -1 -1 0 -5 0 -1 -1 -2 0 -1 1 -2 -2 0 0 1 1 1 -2 1 1 -1 -1 4 2 0 -1 -3 0 -1 0 0 -1 -1 -3 0 0 0 1 1 -1 0 -1 -1 0 0 0 1 -1 -1 0 -3.81442e-270 
-1 0 0 0 -3 -3 -1 0 -3 1 2 2 -1 0 0 0 0 0 1 2 1 0 -1 -1 3 1 -2 -2 0 0 0 0 1 -1 -1 -1 2 -2 0 1 1 -1 0 0 0 1 0 1 0 0 1 -1 1 
0 0 -1 0 -2 -3 -2 -1 -2 0 1 3 1 0 0 1 2 0 1 -1 1 1 1 0 1 2 2 0 -1 0 0 0 3 -1 -1 -1 0 0 0 -1 1 -1 -1 1 0 0 0 0 1 -1 0 -2 1 
-1 0 -2 0 0 -3 -1 0 0 2 0 1 1 -1 1 -1 2 -1 0 1 0 0 -1 0 1 0 2 -2 -2 0 0 0 4 -2 -1 0 1 0 1 -2 3 1 0 1 -2 -1 0 1 1 -2 -1 -1 -3.81812e-270 
4 -3 3 1 1 -2 -1 -3 -2 0 1 1 2 -3 1 -1 0 0 1 0 0 -1 -2 -1 1 0 0 -1 -4 0 0 1 2 -2 -1 -2 0 -1 -1 -1 -1 0 0 0 -2 -1 -1 0 1 0 0 -1 -3.79039e-270 
-8 -18 -28 5 2 0 -1 -1 -3 -1 -1 3 2 0 -1 0 1 -1 2 0 1 0 1 -2 3 0 0 1 -4 -2 0 1 0 2 -2 -1 -1 0 -2 0 0 0 -1 -1 -3 0 0 -2 0 -2 0 1 -3.79963e-270 
-14 12 -2 15 -13 -7 -2 -1 -3 1 1 1 0 -1 1 -1 0 0 3 3 3 0 0 -2 2 2 1 0 -1 -2 -2 1 0 0 0 -3 -2 -2 -1 0 0 1 0 0 -2 -2 -2 0 0 -1 1 0 -3.79501e-270 
0 1 1 3 7 2 0 1 -1 0 -1 0 0 -1 1 -1 0 1 1 1 2 1 0 -1 3 1 2 1 -1 0 -1 0 1 1 0 -1 1 -1 -1 -1 1 0 0 -1 -1 -2 -1 -2 0 -2 0 1 1 
2 -3 0 2 9 -1 -3 0 -1 1 -2 2 0 1 0 -2 3 0 1 1 0 0 1 0 2 -1 2 -1 -1 -1 1 0 4 1 0 -2 1 -3 -1 0 1 0 0 -1 0 0 -1 1 0 -2 -1 0 1 
3 0 0 -13 3 0 -2 -1 -1 0 -3 1 0 0 0 1 1 0 1 1 0 -1 0 1 0 -1 3 2 1 0 0 -1 4 1 -1 0 0 -4 -2 0 0 0 1 1 -1 -1 0 -1 0 0 0 0 -1 
-4 -4 4 4 2 0 0 -1 -2 0 1 1 0 1 0 0 1 0 0 1 0 -1 1 -2 0 1 1 2 -2 -1 0 -1 4 2 0 -1 1 -5 -3 0 0 1 1 0 -3 0 0 -1 0 -1 0 0 -3.80703e-270 
-1 -2 4 0 2 -2 -2 -1 0 0 1 0 2 2 0 -1 0 -1 0 0 -1 -1 1 -1 -1 -1 0 1 1 1 0 1 2 1 3 0 0 -1 -1 1 -1 1 1 0 -1 -2 0 -1 0 -1 0 0 -3.80795e-270 
-7 -3 3 1 2 -1 2 0 2 -1 -2 1 1 4 -1 -3 1 -1 1 1 -1 0 2 -1 0 0 0 0 -1 -1 0 0 1 2 1 1 -1 0 -1 1 -1 1 0 -1 -1 -1 0 1 -1 -1 -1 0 -3.8098e-270 
0 -3 4 0 3 0 0 0 1 -4 -2 0 1 2 -1 -3 1 0 1 -3 -4 -2 1 0 -3 1 2 0 -1 0 0 -1 1 1 0 1 0 -2 0 1 0 1 2 0 -2 -2 0 0 -1 0 1 0 2 
1 -7 1 1 3 -3 6 0 -2 0 -2 -1 4 0 1 0 -1 -1 1 2 -2 0 3 0 -1 -3 4 4 -1 1 -1 -3 3 1 2 1 -1 -4 -2 1 1 1 3 1 -2 0 -2 -3 0 0 -1 -1 -3.8135e-270 
1 -2 3 1 5 -4 -2 12 3 0 -1 -1 2 0 -1 0 -3 0 1 1 0 0 3 0 -2 0 3 3 0 0 3 -3 2 0 1 -1 -1 -3 -2 1 -1 1 0 2 1 1 1 -3 0 0 1 -1 1 
2 0 1 -4 -1 4 5 7 2 0 0 1 1 2 1 1 -2 0 0 -1 -1 0 3 1 -3 -1 0 4 2 0 -1 -2 0 3 1 2 -1 1 -1 -1 1 2 2 0 1 0 0 -2 -1 0 1 0 2 
0 -2 3 -1 1 2 -14 2 3 22 -11 -5 0 7 -3 -1 0 0 -2 0 0 1 1 -2 -4 -1 0 1 0 1 0 -1 0 0 5 -1 -1 1 -1 1 -1 0 0 2 1 0 1 0 1 1 -1 0 -3.81534e-270 
1 0 -1 -4 3 13 4 -10 8 24 -16 -8 -2 0 -1 -2 1 0 0 0 -1 2 0 0 -5 -1 1 1 0 0 0 0 0 0 2 0 1 0 0 0 -1 1 0 -1 2 2 -2 0 -1 1 0 -1 -3.80148e-270 
0 -2 -3 0 2 4 3 6 4 -7 2 6 2 1 0 0 0 0 -1 -1 -2 -1 3 1 -1 -2 3 1 1 0 0 0 -1 0 1 0 -1 1 1 0 0 0 -1 0 0 2 0 -1 0 0 0 -1 -3.80241e-270 
2 -3 3 0 0 1 4 1 -5 -1 2 2 12 0 -2 -3 -3 -7 1 0 1 -6 10 19 -1 -4 -2 2 2 0 2 -2 -3 0 2 0 0 0 -1 0 1 0 -1 0 0 1 0 0 0 0 0 -4 -3.81904e-270 
84 -48 5 8 2 0 2 1 0 4 3 -12 -7 14 4 6 1 -2 1 -13 -22 -7 -2 -8 7 0 0 1 0 -1 0 -2 -3 -1 1 -1 1 1 -2 0 -1 0 -2 0 2 0 -1 0 0 0 1 -1 -1 
-80 17 4 -72 -12 3 2 1 4 -1 -3 -1 -3 -8 -13 0 -9 -1 5 0 2 0 3 -15 -11 0 0 1 1 1 -1 -1 -3 -1 3 -1 1 3 -2 -1 -2 1 -1 3 2 2 -1 1 2 2 0 0 -2 
14 -18 5 12 9 -2 24 35 11 5 68 40 94 3 2 0 6 -1 -30 -23 16 0 -1 5 2 0 -1 2 1 0 -1 -1 -1 0 0 0 2 1 -1 -1 0 1 -1 4 1 4 0 -1 0 1 1 1 -1 
-2 -2 -16 -2 6 -1 -12 -149 -76 -32 -55 -35 -86 -51 -71 -9 -14 -1 2 -3 0 0 2 1 0 -2 -2 0 2 2 -1 -2 -1 0 1 -2 1 0 -1 0 1 0 0 0 2 2 0 0 0 0 1 -2 -3.80518e-270 
-17 -3 42 24 -8 2 -5 4 11 11 11 -7 1 -9 29 60 0 -1 5 1 1 5 0 2 -1 -2 -2 4 0 1 3 -2 -2 1 -1 -1 1 3 0 0 -1 0 -2 1 0 0 2 -1 0 2 2 17 -1 
40 3 -14 -7 -3 -5 0 5 2 -8 -1 10 -2 2 -1 -3 5 9 3 35 4 -14 14 -3 -11 -15 -7 2 1 2 2 -16 5 0 3 0 5 4 0 -1 1 0 -2 0 1 1 1 1 1 2 60 -35 -29 
51 -7 -32 26 -1 5 3 -4 24 -5 4 2 8 -5 5 -1 -7 0 -21 -11 -44 54 1 3 2 4 0 35 -13 -3 2 4 9 10 4 -2 2 3 1 0 -1 -1 -2 1 0 2 0 10 14 14 -51 2 -6 
18 1 13 -1 -3 -1 39 -2 -32 18 -9 -8 10 10 -7 2 0 2 13 -6 -11 -3 -30 8 0 0 -1 -6 -7 27 9 31 -61 8 1 21 2 7 -1 1 0 -1 0 4 4 13 27 12 43 15 -1 -6 -22 
-1 58 -21 -10 -2 2 -19 -3 3 -15 47 -18 -11 -8 32 31 7 -1