0 -1 2 -1 0 1 2 -1 -1 0 0 0 0 0 0 0 0 0 0 0 -1 0 0 -1 0 1 0 0 -2 0 0 0 0 1 0 0 0 0 0 -2 0 0 0 -1 0 0 0 0 -1 0 0 0 1.3231e-231 
0 0 2 0 1 0 -2 -1 -1 1 0 0 0 0 0 0 0 0 0 0 0 0 0 -1 0 0 0 1 0 -1 0 0 0 1 0 0 0 0 -1 0 0 0 0 -1 1 0 0 0 0 -1 0 0 3.88823e-270 
0 0 0 -1 -1 1 -2 1 0 0 0 0 0 0 -1 -1 0 0 0 -1 -2 -1 -1 0 0 0 0 0 1 -2 0 0 0 1 0 -1 -1 0 -1 0 0 0 0 -1 0 1 1 0 1 0 0 0 1.3231e-231 
1 1 0 1 0 2 0 2 -1 0 1 0 0 0 -1 0 0 0 1 0 1 -2 2 -1 1 1 0 0 0 -1 1 -1 0 1 0 0 0 -1 1 0 0 0 -1 0 0 0 0 1 1 0 0 0 3.88823e-270 
-2 -1 0 -1 -1 1 1 -1 -2 0 0 0 0 0 0 -1 0 0 0 0 0 -2 -1 -2 0 0 1 1 -1 0 0 0 0 0 0 -1 0 0 0 0 0 1 -2 -1 0 0 1 0 1 0 0 0 3.88823e-270 
11 -3 6 1 0 0 -1 -2 -1 1 0 0 -2 0 0 0 0 0 0 0 0 -1 -2 0 0 1 1 2 0 1 0 0 0 1 0 1 1 0 0 1 0 2 1 0 0 1 0 0 0 0 -1 0 -1 
2 -24 -36 7 0 0 1 2 -2 1 0 -1 0 1 0 1 0 0 0 0 0 0 -1 -2 -1 0 0 0 0 -2 -1 0 0 0 0 -1 0 0 -1 1 0 -1 1 -1 0 0 0 0 0 0 0 0 3.88823e-270 
-21 17 -9 19 -17 -8 -1 0 -1 -1 -1 1 -1 1 -2 0 0 1 0 0 0 0 0 -1 -1 1 -2 1 1 -1 0 0 0 1 0 0 0 1 1 -2 0 -1 -1 0 0 1 0 0 0 0 0 0 6.0225e-310 
11 8 3 -2 12 5 1 0 -1 1 -2 0 1 0 -2 -1 0 -1 0 0 0 0 0 0 -1 1 1 1 0 -1 0 0 -1 0 0 2 1 0 0 -2 0 1 1 0 0 0 0 1 0 0 0 0 -3.79131e-270 
4 1 0 2 3 0 0 -1 2 1 0 0 0 0 -1 0 -1 0 0 0 1 -1 0 1 -1 0 2 1 0 0 1 -1 1 1 0 1 0 0 -1 0 1 0 -1 0 -1 -1 0 0 1 0 1 0 -1 
5 2 -2 -21 2 0 0 0 1 -1 -1 0 0 1 2 0 0 0 0 0 0 0 0 0 0 0 0 1 0 0 0 0 -1 1 0 0 0 1 1 0 1 1 -2 0 -1 0 1 0 1 0 0 -1 -3.78854e-270 
-3 -6 3 3 1 0 0 0 0 0 -1 0 0 0 0 0 -1 -1 0 1 0 -1 0 0 0 0 0 0 1 0 0 0 0 0 0 0 -1 0 -2 1 -1 0 2 0 0 1 0 1 1 1 1 0 1 
1 -1 -1 -2 0 0 0 0 1 -1 0 -1 1 2 1 1 -1 0 1 1 0 0 0 -1 0 1 1 0 1 -1 2 0 -1 -1 0 0 0 0 -1 -1 1 1 -1 -1 -1 -1 0 0 0 1 2 0 -1 
-4 -4 1 -2 -1 0 0 -1 0 -1 0 0 1 1 1 0 0 -1 0 1 1 0 -1 0 0 0 -1 0 0 0 0 -1 0 0 1 0 0 0 -1 -1 1 0 1 -1 -2 -2 -1 0 1 1 1 2 -1 
2 -2 1 1 -2 2 4 1 4 -3 1 0 0 0 2 0 -2 -1 1 1 2 -1 0 -1 -2 0 1 0 0 0 0 0 0 1 0 0 0 -1 0 -2 0 -1 0 0 0 -1 -1 0 1 -1 0 1 -1 
0 -4 -1 1 1 -5 14 -4 -4 0 1 0 0 0 0 2 -1 -1 0 0 1 1 1 1 0 -1 0 1 0 0 0 0 0 0 1 0 0 0 0 0 -1 0 0 0 1 0 0 0 -1 1 0 0 -3.79224e-270 
2 -3 -1 0 7 -6 -11 18 3 0 2 1 1 0 0 0 0 0 0 0 0 0 -1 0 2 -1 -1 1 0 1 0 0 0 -1 0 0 0 0 0 0 0 0 0 0 0 0 -1 -1 0 0 0 0 -1 
2 0 -3 -6 -4 5 9 3 0 1 -1 -1 0 -1 0 0 0 0 2 0 0 0 1 1 0 1 0 -1 2 1 -1 0 0 -3 0 0 0 0 0 -1 0 -1 0 0 2 0 0 0 0 0 0 0 -3.79316e-270 
-1 -6 4 -3 -2 1 -17 4 0 39 -11 -9 1 5 -9 1 0 0 0 2 -1 1 1 0 -1 -1 0 -1 2 2 0 -1 0 -1 1 0 0 0 0 0 0 0 0 0 1 0 0 0 0 0 0 0 -3.78947e-270 
1 -1 -5 -7 3 16 5 -15 13 37 -34 -9 -4 1 4 -1 1 0 0 0 0 0 0 1 0 -1 0 0 -2 0 -1 0 -1 0 0 0 0 0 0 1 -1 0 0 0 1 0 0 0 -1 -1 0 1 -3.78669e-270 
1 0 -3 1 1 5 6 4 10 -1 33 5 2 -1 0 -1 0 0 0 -1 1 2 3 -4 -3 -12 -1 0 2 1 0 0 -1 -2 0 -1 1 1 -1 0 0 0 1 0 0 0 0 0 0 0 -1 -1 -3.79594e-270 
-3 -3 1 1 1 0 3 1 -14 0 0 7 21 1 -3 -2 -1 -15 5 1 6 -13 22 29 0 -9 -2 1 0 1 -2 0 -2 0 1 0 2 0 1 -1 0 0 0 0 0 0 0 0 -1 0 0 0 1 
111 -47 13 7 1 -3 1 0 -5 5 8 -15 -3 30 11 11 1 -2 7 -15 -31 -19 -4 -20 5 1 -2 0 1 0 0 0 0 0 0 0 0 0 -1 1 0 0 1 0 1 0 1 -2 1 0 1 0 -3.79131e-270 
-89 29 1 -79 -4 0 1 1 1 1 3 6 -2 -20 -17 3 -15 0 17 -12 2 -15 3 -31 -16 4 0 -1 1 1 1 0 0 0 1 0 2 0 0 1 0 -1 0 0 2 1 0 -2 0 1 0 0 1 
28 -19 10 16 -5 -8 27 43 10 4 91 48 119 -6 -1 3 3 3 -51 -10 31 16 -6 7 4 -1 0 0 -1 -1 0 1 -1 -1 -2 1 0 0 1 0 0 0 0 1 1 -1 -3 -2 -1 0 -1 0 -3.79224e-270 
-2 -14 -21 16 10 -3 -19 -169 -67 -42 -68 -5 -80 -72 -103 -18 -20 -9 -1 -1 2 1 -1 2 0 0 -1 0 0 -1 0 1 1 0 0 -1 1 0 1 0 0 0 0 -1 1 1 -1 0 0 -1 1 -1 -3.78669e-270 
-1 3 54 33 -2 4 -7 2 13 18 14 -8 6 -7 24 63 -6 2 11 7 5 14 1 2 0 1 -2 4 0 1 7 -1 -1 0 0 0 0 1 -1 0 0 0 0 -1 0 0 1 0 0 0 2 34 -3.78762e-270 
37 -2 -14 -2 1 -1 -4 -5 6 -11 -2 16 -4 2 -2 1 7 7 6 20 -1 -19 20 2 -17 -26 -4 -1 -2 0 3 -25 13 2 1 -1 0 0 1 0 0 -1 -1 -1 0 0 -1 3 1 4 86 -62 -39 
34 8 -39 17 2 11 15 -5 29 -3 6 6 3 2 -5 -2 -4 4 -14 -27 -65 68 2 3 7 3 -1 33 -13 -4 -2 11 23 32 13 -1 0 1 1 -1 0 1 -2 2 1 1 0 9 17 18 -60 -1 -6 
-12 -7 2 5 6 -16 46 6 -27 -3 -8 -10 2 18 -13 11 -24 0 11 -8 -20 -1 -17 10 1 0 0 -9 -2 28 17 61 -92 14 3 47 4 16 3 0 0 0 -1 2 5 28 46 25 54 11 -24 -11 -27 
-2 44 -21 -21 -5 -9 -11 -15 19 -4 43 -9 2 -12 52 25 0 5 1 6 -3 3 7 -4 4 -1 2 0 11 39 -9 -62 86 30 11 13 -72