0 0 0 0 0 -2 -2 -2 0 -1 -1 1 0 0 -1 0 0 0 1 0 -1 -1 0 -1 1 -1 -1 0 0 0 0 1 0 0 1 0 0 1 0 0 0 0 0 0 0 0 1 0 0 0 0 0 0 
0 2 -1 0 0 -1 0 0 1 -2 1 0 -1 0 0 0 0 0 0 1 1 -2 1 -1 0 1 -1 -1 0 0 0 0 0 1 2 0 2 0 1 0 1 1 1 1 -1 -1 -1 0 1 0 0 0 -3.79224e-270 
0 -1 0 1 0 0 0 -1 -1 -1 1 0 1 -1 0 0 0 0 -1 0 0 -1 0 -1 1 0 0 0 0 0 0 -1 0 0 1 0 1 -1 1 2 0 0 -1 0 1 -1 0 0 0 0 0 0 -3.79871e-270 
0 1 0 1 1 0 0 0 0 -1 -1 -1 1 -1 1 0 0 0 0 0 -1 -1 0 0 0 0 1 0 0 1 0 1 0 1 1 0 2 0 0 1 -1 1 0 -1 0 -1 0 -1 0 0 0 0 -3.79409e-270 
1 0 0 0 0 0 0 0 0 -1 0 0 1 1 -2 0 0 0 0 0 0 -2 0 -2 1 0 1 0 0 0 0 2 0 1 0 0 2 0 2 0 0 1 1 -2 -1 -1 0 0 0 1 1 -1 -3.79594e-270 
5 -6 2 0 1 0 0 1 -1 0 1 -1 0 0 -1 2 0 0 0 0 0 -1 -1 0 1 0 0 0 0 0 0 -1 0 1 0 1 1 -1 2 -2 2 0 1 -2 0 -1 1 0 1 0 0 0 -3.78854e-270 
-3 -22 -27 5 1 2 0 0 -1 1 0 -1 -3 -1 -1 0 0 0 0 0 0 0 0 0 0 0 1 0 0 0 0 1 0 0 2 0 1 0 0 0 2 0 0 0 0 -2 0 0 1 0 0 0 -3.80241e-270 
-18 11 -4 19 -20 -11 -1 0 -1 -2 -2 0 -1 -1 -1 0 1 0 0 0 0 0 -1 1 -2 -1 0 -1 -1 0 0 0 0 -1 0 0 0 0 0 0 -1 -1 1 0 0 -2 0 0 0 0 0 0 -3.79686e-270 
14 4 0 -2 9 2 -1 0 -1 -1 -1 0 0 -1 0 0 -2 -1 0 0 0 -1 -2 0 0 1 1 0 0 0 0 0 0 1 0 0 0 0 0 0 -1 -2 0 -1 0 0 0 2 0 1 1 1 -3.79778e-270 
3 -1 0 2 5 0 -1 -1 0 0 -1 -2 -1 2 1 1 0 0 0 -1 0 0 -1 0 0 0 0 0 0 0 0 1 0 0 0 0 0 0 1 0 1 -1 1 0 -1 1 1 0 0 0 1 -1 -3.78669e-270 
4 2 -2 -18 1 0 0 0 0 0 0 -2 -2 -1 -1 1 -1 0 1 0 0 0 0 0 0 0 0 0 -1 0 0 0 0 0 0 0 -1 0 1 0 0 0 -1 0 0 1 -1 1 1 -1 -1 0 -3.80063e-270 
1 -9 5 8 1 -1 1 1 1 0 0 -2 -3 -1 -1 1 -1 1 2 0 0 0 0 0 0 0 -1 1 1 -2 0 0 0 0 0 0 0 -1 0 0 -1 -2 -1 0 1 0 0 0 1 1 0 2 1 
1 -5 2 0 -1 0 -1 0 0 0 -1 -1 -2 -1 -1 -1 -1 -1 2 -1 1 0 -1 0 0 0 -1 0 1 -1 0 0 0 0 0 0 0 0 -1 0 1 0 -1 0 1 0 -1 0 1 0 2 0 1 
-4 0 0 1 0 0 0 0 0 0 0 0 -2 -2 0 2 0 0 0 0 -1 1 0 0 0 0 1 0 -1 -2 2 0 0 0 0 0 1 0 0 0 -1 0 -1 0 1 2 2 1 -1 -1 -2 0 -1 
0 -5 1 -1 -2 1 2 1 1 0 0 -2 0 -1 0 0 0 0 1 1 0 0 0 1 0 0 1 0 1 0 -1 0 0 0 0 0 0 0 0 0 0 -1 -1 0 1 1 0 1 0 1 -1 0 -3.78947e-270 
2 -3 0 0 2 0 6 -1 -2 2 0 -1 -1 0 0 0 0 -1 -1 0 0 1 1 0 1 -1 0 0 0 0 2 1 0 0 0 0 0 0 0 0 0 -1 -1 0 2 0 1 -1 -1 -1 0 -1 -3.79778e-270 
0 -4 -1 2 5 -4 -10 19 4 1 0 0 -1 -1 0 0 2 1 0 0 0 0 0 0 0 2 0 0 0 0 0 -2 0 0 0 -1 0 0 0 0 0 -1 0 0 0 1 0 1 -1 0 -1 0 -1 
2 3 -5 -4 -4 -1 14 2 0 0 2 0 -3 0 0 -1 0 0 0 0 0 -1 2 1 1 0 0 0 0 0 1 0 0 -2 -1 0 -1 0 0 0 0 -1 0 0 1 0 2 0 -1 0 0 -1 -3.79039e-270 
-1 -1 1 -7 0 4 -23 2 0 22 -9 -3 2 6 -8 -1 0 0 -1 1 1 2 0 2 1 0 0 0 0 0 0 0 1 -2 -1 -2 -1 -1 0 -1 0 0 -1 1 1 0 0 0 -1 -1 0 1 -3.78669e-270 
-1 -1 -1 -3 1 15 3 -12 9 27 -12 -5 -3 -2 3 -1 0 0 1 0 2 -1 2 1 -1 0 0 0 0 0 0 -1 0 0 0 -1 0 0 0 0 0 0 0 1 0 0 1 -1 -1 0 1 -2 -3.78854e-270 
0 0 -2 0 1 2 4 5 9 5 34 4 0 0 2 2 1 2 1 0 0 4 3 -8 -4 -4 0 0 -1 1 0 0 0 0 1 -2 1 0 0 0 0 -1 0 0 0 0 1 -1 0 0 0 0 -3.80056e-270 
-1 -9 1 0 0 0 0 1 -7 1 1 7 14 -4 1 -2 12 -7 2 2 6 -10 9 -1 -11 -2 0 1 1 1 0 -1 0 0 0 -1 0 0 -1 0 0 0 1 0 0 0 0 0 -1 0 0 1 -3.79778e-270 
90 -35 12 3 2 1 0 0 -2 3 3 -14 -4 17 4 6 1 -1 1 -11 -24 -6 1 -13 2 0 -1 1 1 -2 0 0 0 0 0 1 0 1 -1 0 0 0 1 1 0 0 0 0 0 0 0 1 -3.80148e-270 
-90 23 -10 -81 -10 0 -1 0 2 1 0 0 -4 -17 -14 -4 -13 -1 14 0 8 -5 7 -20 -9 3 0 1 0 0 -1 1 1 0 0 0 0 1 0 -2 1 0 0 0 1 0 0 0 0 0 0 0 -3.79963e-270 
26 -2 4 8 0 -34 41 61 15 5 92 64 126 -3 -4 5 4 2 -26 5 21 13 0 5 3 1 0 1 2 -1 -1 -1 -1 0 0 -1 0 1 0 -1 0 0 0 1 1 1 0 0 0 1 0 0 0 
-9 -10 -4 0 5 -2 -3 -99 -44 -25 -49 -9 -32 -35 -83 -14 -10 -4 2 -3 0 0 0 0 1 0 1 0 0 -1 0 -1 -1 0 0 -2 -1 0 0 1 0 -1 0 1 -1 0 1 0 -1 1 1 1 -3.79686e-270 
-9 10 49 21 -4 1 -8 4 12 17 18 -6 4 -7 38 70 -3 1 6 2 6 10 2 2 -1 1 1 2 0 0 4 -1 0 1 1 -1 0 1 0 0 -1 0 0 0 -1 0 1 0 0 0 1 20 -3.79594e-270 
-1 -27 -2 -4 -1 2 -4 -9 3 -15 -2 5 14 2 -3 3 3 3 26 84 15 2 8 -11 -25 -16 1 4 2 1 -1 -17 23 3 3 -1 1 2 0 0 0 1 0 0 0 -1 0 6 3 8 69 -53 -37 
11 8 -41 29 -3 7 -28 4 26 -2 4 -9 -9 2 -6 -7 -3 4 -4 -4 -46 -15 -5 3 1 -1 1 14 -22 -15 1 19 -19 5 -11 0 -1 1 -1 -1 0 2 0 0 1 2 2 6 10 -41 9 20 2 
12 -9 5 -3 3 -13 35 -4 -27 6 -7 -10 12 20 -7 -1 0 3 10 -6 -6 0 -6 5 0 -1 0 -6 -8 29 5 27 -56 -2 6 17 1 3 -1 -1 2 -1 1 2 3 9 19 6 37 17 1 -10 -24 
6 23 -33 -22 -3 -2 -14 24 -2 -6 35 -10 -1 -13 28 8 11 2 -8 5 11 3 7 -12 -6 1 0 0 15 31 -1 -52 91 