0 0 0 0 3 1 -1 0 -1 0 0 0 0 -2 1 0 0 2 1 0 -2 -1 -1 0 1 0 0 0 -2 0 1 0 -1 0 0 1 -1 -1 -1 1 0 1 0 -1 0 0 0 0 -3 0 0 -2 
1 0 -2 1 -1 0 0 -1 0 -2 -1 -1 -2 -1 -1 0 0 0 -1 -1 0 0 1 -1 2 0 -1 1 -1 0 -1 0 -2 1 0 -1 -1 0 0 0 0 0 1 -2 0 0 0 0 0 1 0 -1 
-2 0 0 1 -1 0 0 1 0 0 2 -1 -2 1 1 0 -1 0 0 1 0 0 0 0 0 2 -1 -1 0 0 0 -1 -2 1 0 -1 0 0 0 0 1 -2 0 -1 0 1 0 0 -1 -1 0 -1 
1 -1 1 0 -1 -1 0 0 1 0 0 0 1 1 0 1 1 0 0 0 1 1 0 1 0 2 1 1 1 1 1 -1 3 -2 0 0 1 0 1 1 -1 0 0 1 1 1 1 -1 1 -1 -1 0 
0 1 -1 -1 0 -1 1 1 2 1 0 0 1 0 1 -1 0 0 0 0 0 0 0 0 -1 0 1 0 -2 1 0 0 0 0 0 0 1 0 1 -1 2 2 -1 0 1 0 -1 0 0 -1 -3 0 
9 1 6 2 -1 0 0 -2 -1 0 1 0 1 -1 1 -2 0 0 0 0 -1 0 -1 0 -1 0 0 -1 -1 0 1 -1 -1 -1 -2 1 -3 0 -1 -3 -2 1 0 0 -1 -1 0 0 1 1 0 0 
0 3 -30 7 2 0 1 0 -1 0 1 0 1 0 0 0 0 -1 1 -1 -1 -1 2 -1 0 1 -1 3 -2 0 0 1 -2 2 0 1 -2 1 -2 1 0 0 1 0 -1 0 1 -2 -2 0 -1 1 
-10 12 4 8 -3 -10 1 0 0 0 0 0 0 -1 0 -2 0 0 0 1 1 1 0 0 1 2 0 1 2 -1 0 0 -2 0 1 -1 1 1 0 -1 0 0 0 -1 0 -1 -2 0 0 -1 -1 0 
-4 3 3 -1 3 2 0 1 0 1 0 0 -1 0 1 1 0 2 -1 0 2 1 0 0 0 1 2 -1 -1 2 -1 0 -2 -1 -1 0 1 1 1 0 1 -1 0 0 1 -1 -1 -1 0 -1 0 0 
3 0 -1 1 1 -1 -2 0 0 0 -1 0 -1 0 0 0 0 -1 -1 -1 1 0 0 0 1 -1 0 -1 0 -1 1 0 2 0 1 -1 2 -1 -1 0 0 0 0 0 1 1 -1 -1 0 -1 0 0 
3 -1 -2 0 -6 0 -1 -2 -1 0 -1 2 0 1 0 1 -1 0 1 0 0 -1 0 0 1 0 1 1 0 1 -1 0 0 0 -2 1 1 -1 -1 0 0 0 0 1 0 0 1 -1 0 1 0 0 
-10 2 1 0 -2 -1 0 1 -1 0 1 1 0 1 0 1 1 0 -1 0 0 0 -1 -2 -1 1 -2 0 0 0 0 -1 3 1 1 0 -1 -1 -2 0 0 1 0 0 -1 0 1 0 0 -1 0 -1 
-1 0 3 0 1 0 -1 2 0 1 1 0 1 0 0 0 0 -1 -1 0 1 0 1 -1 0 -1 -1 -1 1 0 1 0 -2 1 1 0 0 3 0 1 1 0 0 0 0 0 0 2 1 -1 0 1 
-7 2 0 -1 1 0 3 0 2 0 -1 1 0 2 -1 -1 1 -1 0 1 0 0 1 0 1 0 -2 -1 1 -1 1 0 -2 1 -1 0 -1 1 0 0 0 -1 -2 -1 -1 -1 0 2 0 0 0 -2 
1 -1 0 -1 4 1 1 0 0 -2 1 -1 -1 -2 -1 0 0 0 0 -1 -1 0 -2 1 -1 0 0 -1 0 0 1 0 1 -2 -1 -1 1 -1 1 -1 1 1 1 -1 -2 -1 1 0 0 0 -1 -1 
0 -4 1 1 2 1 3 9 -6 0 0 -2 3 -2 1 1 0 1 0 0 1 -2 1 -3 2 0 1 0 -2 1 0 0 2 -1 0 1 1 -1 -2 1 0 0 3 -1 -1 0 -1 -1 -2 -1 1 -1 
-1 0 0 -1 1 -5 4 5 2 1 0 -1 1 0 0 0 -2 1 -1 1 1 -1 2 0 1 -1 -1 1 1 0 2 1 0 0 0 -1 -1 -1 -1 0 1 0 1 2 0 1 1 -2 0 0 1 -1 
-2 0 2 -3 0 11 0 7 1 2 0 1 1 0 -1 0 -1 0 0 0 1 0 0 1 -2 0 -2 0 1 0 0 0 -1 2 -2 1 -1 4 0 0 1 0 1 0 0 0 -1 0 0 -1 1 0 
-1 0 1 -1 0 1 7 -8 0 1 -3 -5 -1 5 -1 0 -1 1 0 0 1 0 -1 0 -2 -1 1 -2 0 1 -1 1 2 1 0 -1 -1 1 -1 1 -1 0 1 -2 0 0 2 1 1 0 0 0 
0 1 2 -2 2 1 1 -7 3 -4 17 -16 -3 -2 -1 0 0 0 0 1 0 1 -1 -1 -1 -1 0 1 -1 0 0 0 2 0 0 1 0 0 1 0 -1 0 -1 1 1 0 -2 0 -1 -1 0 0 
0 1 0 -2 0 1 3 6 2 1 2 5 -1 -1 2 2 5 2 1 -1 -1 -1 3 5 1 -2 6 0 -2 -1 1 -1 -1 0 0 -1 0 1 0 0 0 0 0 -2 0 1 0 0 0 -1 0 0 
0 36 5 0 0 -1 3 -1 -1 -2 1 -2 3 10 -3 -2 -4 -18 -2 -1 2 -8 6 9 -13 -5 -7 0 1 -1 1 1 -1 1 1 -1 -1 0 0 0 1 0 0 0 -1 0 0 2 0 -1 0 -1 
13 44 97 66 3 -2 0 1 -1 2 1 -5 -8 17 3 2 4 5 2 -8 -20 -6 4 -1 12 -5 0 1 0 -3 1 1 -3 0 1 -1 0 0 0 1 0 0 -1 0 0 -1 -1 0 0 0 -1 -2 
16 15 0 -52 18 -4 1 0 3 0 0 2 -1 -9 -6 -3 -10 3 0 3 -4 15 0 -6 -3 -2 0 0 1 0 0 0 0 -1 1 0 1 0 -1 0 0 0 0 0 1 -1 0 2 1 1 -1 0 
-19 -26 -2 11 12 55 12 8 10 4 31 42 40 2 1 1 4 5 -10 -25 6 6 1 3 1 1 1 -1 1 1 0 0 1 0 -1 0 -1 -1 0 0 1 0 0 1 1 1 1 -1 -1 1 1 1 
5 -10 -4 -7 2 -1 -11 -157 -77 -31 -67 -38 -87 -62 9 -8 -11 -3 -2 5 0 0 1 0 2 0 0 1 1 -1 0 0 1 1 -1 0 -1 -2 0 0 0 0 0 -1 0 1 0 -1 1 -1 -1 -1 
-30 -1 16 27 -1 1 1 9 18 9 4 5 0 -4 3 19 11 2 6 5 3 -1 3 0 1 -1 0 0 0 0 1 1 0 3 0 0 -1 0 0 1 -1 0 -1 -1 -1 0 0 0 -1 1 0 5 
20 21 -28 0 -2 -3 3 4 5 -3 -8 4 -13 2 -9 -6 12 52 67 7 1 -10 4 -4 -6 -14 -7 -1 5 -1 4 -10 17 17 3 1 1 1 1 0 1 0 -2 -1 0 0 2 2 2 2 17 -31 
63 -11 9 24 3 0 0 2 0 6 0 2 10 -10 8 0 -14 -2 -23 -14 -77 -21 49 5 3 2 1 -5 6 4 3 -12 2 9 25 -2 0 2 1 0 -1 -1 0 0 -1 0 1 1 12 9 -86 0 
12 13 2 6 -1 5 44 -3 -25 3 -11 -3 -6 6 0 6 11 -9 -1 -2 -9 -2 -30 51 3 1 -1 4 3 26 14 27 -7 -19 14 47 -3 0 0 -1 1 1 2 2 -1 0 22 15 39 22 5 17 
-1 37 2 -12 1 7 -21 -8 22 -28 37 -20 -18 -6 25 25 -7 -6 -2 4 13 -6 -5 -10 57 31 1 1 18 17 -2 -37 2 20 34 11 -60 -27 -14 47 3 -1 0 0 -7 -19 -13 -4 3 -2 20 -4 
10 -16 33 -26 1 -7 26 26 1 -21 -19 -18 8 6 30 6 4 -14 5 1 -9 -9 10 -7 -1 3 75 27 -2 17 -28 -3 -9 -18 -21 20 35 16 1 8 -6 2 0 4 -2 -16 -10 -4 -8 -9 -21 6 
21 -3 14 17 9 8 11 -22 11 -8 -8 -7 -21 -13 -16 1 10 14 4 14 0 -19 -15 -5 -1 -2 -2 12 -35 8 20 -8 -1 -3 7 6 18 14 11 9 20 1 -4 -1 2 2 -14 30 49 24 11 -13 
-25 2 1 11 -7 -4 -14 14 12 14 -12 22 10 1 -3 14 -2 -1 22 23 6 0 26 12 -2 -3 4 2 -4 -8 -50 4 71 27 14 0 16 -11 -12 -23 -15 -4 0 2 3 -1 12 -18 -47 -4 45 15 
-8 7 -1 2 1 -9 -24 3 -27 13 -19 -7 -20 8 9 -2 -4 -2 16 -13 -4 9 -24 3 0 -7 2 -1 -4 -3 -4 -2 -20 -2 7 -14 23 51 19 -11 -1 -37 2 35 5 24 -13 21 30 5 27 -28 
-2 8 51 -6 -6 -12 -9 -2 -23 25 3 -15 -5 21 8 3 -3 1 0 8 -3 4 -1 -3 -2 2 -6 -2 7 -9 -7 0 4 4 -6 -5 -10 12 -4 15 2 7 14 -13 101 -30 4 -1 20 -22 3 22 
-4 -5 -16 -8 -4 -3 32 31 -6 -5 -35 -2 -14 -2 32 20 2 4 -1 2 -3 -3 2 -1 0 2 1 -5 3 2 -7 -5 0 -3 5 3 7 13 -2 9 34 -19 19 -23 -19 16 -6 -18 4 2 -36 5 
-19 -9 30 6 4 25 8 -20 10 -5 -4 1 63 54 -11 1 -4 2 1 -1 -2 1 13 0 -4 1 13 -2 -4 -2 1 -11 2 -3 8 3 5 0 -1 -9 1 57 59 14 -5 -6 18 -4 -15 -1 12 4 
41 -31 -7 -6 -27 -11 -18 11 10 -9 -17 -8 -38 35 11 -30 -11 -17 -6 -1 -7 -9 4 3 4 -2 2 -12 -5 -5 -6 -10 -5 3 -1 -8 -12 2 3 13 1 -5 -12 -86 42 91 44 -4 3 11 3 -43 
-3 6 18 -4 7 -13 -5 -7 -13 -6 9 -5 -6 -15 15 -8 -22 11 0 4 12 -3 4 8 -3 3 -1 2 10 -3 -5 -4 -4 -1 4 -3 -2 5 4 -1 -1 -3 0 -1 -2 -50 -2 61 32 47 34 33 
41 9 -5 4 7 7 -2 9 4 -6 -29 30 -2 -14 -6 24 9 10 -2 -23 -37 -24 15 11 -3 1 6 2 -4 -16 -17 -5 -2 -4 1 5 -2 1 0 3 11 -2 3 -3 1 1 -3 -9 -21 -43 -73 -133 
32 12 0 3 -5 -3 11 -11 14 10 20 -4 68 -1 -18 -4 13 2 24 41 -12 5 -3 12 1 4 -1 0 -2 28 -10 -40 -3 -1 14 -5 23 -1 -9 2 9 7 -3 2 1 -2 -2 -6 -6 0 1 -2 
0 0 -6 -2 1 -4 -1 0 -4 -1 -15 -11 -6 16 -1 10 10 -20 -2 -9 -18 -6 -2 -5 -3 -4 -1 3 0 -9 -12 -2 -4 25 -10 5 1 15 13 -10 7 -22 -12 9 1 2 -1 1 2 -4 1 -3 
-23 64 -6 -2 0 0 5 0 3 1 5 12 -16 -15 -15 0 31 51 -16 -18 10 -31 7 4 15 10 -9 10 0 3 7 -17 -20 12 17 -1 20 14 3 34 -8 13 18 -3 0 4 -2 -1 -22 -7 -2 0 
-9 -29 25 0 -7 -1 2 4 0 3 0 -4 -6 10 -3 24 -7 18 41 -21 6 -11 -17 -20 -15 -20 -8 15 9 -11 -19 -12 11 -2 0 2 -24 10 25 28 14 13 -6 1 5 -5 -3 2 26 1 -2 2 
20 -33 -34 -31 -20 8 4 -7 7 9 -7 -6 -12 -4 3 -2 19 14 15 32 21 3 2 1 -15 5 11 29 -20 8 16 -13 -35 16 24 3 -25 36 11 -12 -2 -23 -1 -19 -7 -3 -3 -19 27 0 2 1 
0 14 -4 -15 -35 0 -11 1 -1 1 5 9 3 -8 -1 5 21 -4 14 6 -10 3 -9 8 -10 1 -9 17 -20 -9 -7 -16 17 -24 -14 4 12 43 50 -39 12 23 4 -9 15 30 -4 11 -9 8 -18 -1 
8 -9 -5 -6 -14 9 22 12 1 -3 4 -12 -6 -19 -11 4 -22 3 25 -2 10 -10 8 -9 -3 11 22 -5 26 62 31 19 -20 -24 2 -29 -15 12 -17 -21 -4 -5 -12 15 -30 -37 -3 -12 -15 -12 27 2 
-4 11 13 -9 -13 12 17 3 -7 2 0 -10 0 12 20 -14 -22 9 -3 -9 -29 -8 1 -36 14 12 -3 -7 -20 -11 -13 10 10 1 13 12 -22 36 10 1 -18 -15 -16 -6 -4 -9 -13 -30 -3 -3 -15 -11 
17 -2 6 -24 19 16 4 0 -2 3 -3 0 0 -14 -2 -14 -4 -31 1 0 -2 10 2 -8 -25 -26 -1 -4 -8 -14 -27 -4 -52 6 9 9 -8 -18 1 20 13 -21 36 5 29 3 30 19 -1 -17 -21 28 
