-12 -5 15 103 -2 4 6 -6 0 0 1 -3 2 -32 15 -7 -14 1 -17 1 14 14 6 15 9 0 0 5 0 5 6 -8 -2 0 8 -6 -12 -66 61 30 100 -12 -3 -1 0 4 141 7 1 9 9 -122 -10 3 8 6 -59 0 20 -41 11 39 15 -12 -11 -20 -16 -2 4 4 -15 24 7 -4 -27 14 6 1 -4 -7 1 3 -1 -3 0 1 22 78 -5 -4 91 -7 -200 -4 0 -3 3 -1 3 -5 25 -1 1 0 -7 151 2 -127 6 13 -20 -61 -13 -10 2 -2 1 -1 -7 25 9 40 -7 -2 9 
3 -4 -16 5 -38 -11 18 4 4 8 11 2 0 15 -11 5 -1 87 -3 5 -6 -8 -11 -2 4 -11 -8 5 6 -6 3 24 16 9 15 68 24 3 -6 89 37 -2 0 4 -7 2 -3 -5 -4 68 -1 0 0 -13 -6 17 0 -6 2 0 0 19 9 -3 1 12 95 16 5 133 -4 -11 -7 -10 1 3 14 2 0 4 3 0 6 -95 -5 -6 -3 17 23 -5 -5 180 -3 -123 1 -3 -5 -2 2 0 -16 2 9 -1 5 2 0 5 16 -25 -9 24 -3 3 3 2 -1 140 4 -1 -5 -6 -3 1 2 
-62 11 5 -7 -1 -27 19 -14 6 3 9 -2 -2 -28 1 -171 -3 9 5 8 5 14 -66 17 7 26 -1 41 16 30 -13 83 21 20 21 11 -3 -80 103 4 -2 48 4 2 1 -5 -15 25 -61 32 25 16 5 -30 5 -3 2 -1 21 32 0 -54 -15 20 14 39 -13 -35 3 -2 2 1 0 -2 -2 1 5 4 17 -5 0 -2 -114 0 -1 1 2 -25 -2 -10 3 -6 -3 -2 3 2 -5 0 -1 -3 0 4 -2 -125 -7 3 16 95 -7 -51 10 56 -6 -5 2 -6 7 14 91 165 -77 -4 -3 218 0 
13 6 -15 24 -35 -3 5 6 -18 -12 10 1 -10 -2 31 -2 -25 -2 34 1 -19 -25 -16 27 -8 6 -2 -1 -6 -7 3 1 -6 2 0 6 10 14 4 -15 -21 2 7 -4 -7 16 -10 22 10 20 42 15 -16 -87 1 -6 0 3 -29 0 0 9 0 24 18 15 15 3 -4 9 -9 -5 9 -30 22 8 -20 -3 -1 -2 -6 -70 22 13 33 -1 -15 -17 -6 2 22 -1 0 2 1 -175 0 3 2 0 -1 -8 0 1 -15 -10 0 6 -19 -6 -45 4 7 -133 -15 -11 -5 2 -8 -15 3 -25 -3 8 1 
53 29 22 122 -20 69 -8 3 2 14 13 4 5 -18 -4 -4 0 -11 -10 2 -3 2 -5 -9 16 -5 -18 20 17 72 10 106 17 -10 -92 2 11 -13 -23 -5 -22 2 5 1 0 -3 -3 -88 -8 93 77 -1 -16 -3 -7 -5 3 -1 2 0 84 -8 0 66 1 1 25 10 -6 -2 -2 1 -3 0 4 -3 13 16 36 0 -10 -8 -20 0 35 1 -91 -2 15 38 -10 -1 0 -2 4 4 -4 -107 0 17 -6 12 2 -6 16 7 -21 5 2 14 0 19 -8 38 8 -6 2 -2 0 2 -2 -2 1 5 -10 
33 -12 142 -6 -24 -20 -7 -54 -87 -13 80 20 -1 -16 11 30 17 15 7 -18 7 2 -4 20 10 -3 -21 42 -4 -7 -15 -2 -51 -2 -9 -2 2 8 17 29 -30 -19 3 4 -11 2 -2 -6 -1 1 19 -3 3 -5 5 -5 5 1 -2 15 -30 -26 49 9 -65 -37 -14 12 -7 -2 1 3 11 43 -23 121 0 4 -9 4 -12 5 -23 -4 -175 14 -36 24 0 -9 -2 71 3 1 2 1 0 3 6 128 -8 -1 -7 -2 10 -4 -5 1 -5 1 15 1 -10 6 -1 -6 -1 -6 117 2 1 -17 13 4 8 
-2 0 2 8 -2 -3 4 -4 -74 -6 -23 -13 25 -26 3 13 -2 15 2 -12 36 3 -91 -14 -11 -5 -11 19 -14 14 -27 -22 33 23 23 37 -7 -1 -6 8 -47 1 -84 2 4 -4 10 4 2 2 2 -1 -61 9 -5 -1 1 1 -2 -2 0 33 -43 15 1 6 2 29 3 11 38 130 -18 -10 -31 133 -8 3 -150 4 -18 25 0 -7 27 9 21 5 20 -17 7 5 1 3 9 6 -5 -3 -3 -161 2 2 11 -6 -8 -2 -6 -11 6 2 1 144 -3 0 9 -11 -10 2 57 7 33 13 -39 -7 -13 
0 -2 5 -119 -58 -1 2 3 -3 3 2 2 -10 1 114 -9 -3 -8 0 0 3 -14 12 -6 95 -31 -26 -14 2 -3 3 -2 9 -4 74 -2 -1 21 86 5 7 -8 -1 6 2 -4 -3 -3 -2 8 -3 2 0 0 6 -3 -6 -1 47 3 48 -4 9 -2 3 -22 8 1 -5 -17 10 0 -22 7 26 7 -1 -20 -4 2 25 6 -24 66 -8 -1 -11 17 15 -36 4 -13 -17 0 0 1 -1 2 11 1 15 -8 8 -5 7 39 -2 -7 19 7 -11 5 3 -17 9 -6 -16 10 0 -32 -65 -12 -14 -12 -22 
-1 0 -6 1 0 -1 1 0 -3 -6 2 2 0 -4 -2 0 -15 -3 11 -15 -2 2 9 -9 25 7 5 2 1 -2 9 167 -8 -7 -75 -2 3 -1 -7 2 2 -29 4 -4 -5 7 1 -4 1 -2 -2 6 4 128 -2 -13 -24 -205 -37 -5 -59 -26 9 -9 -9 3 -5 3 35 -107 6 -7 -6 -7 -4 -13 11 13 -14 6 1 -2 -22 -4 -1 -37 0 -24 -5 21 13 59 -3 -2 1 12 -5 8 -4 -3 -1 -2 11 0 9 -10 -108 -3 -3 -7 -2 -19 0 24 15 -21 -1 38 1 -13 131 32 -28 -27 -2 
16 0 166 0 7 103 -1 -4 -35 -6 -1 -4 -16 -21 -13 -65 -83 3 -20 55 -4 2 -13 36 16 19 8 -17 24 15 2 12 19 7 17 14 17 19 2 6 3 7 -1 -19 -13 -1 -1 2 0 9 2 1 -104 -1 3 35 1 -196 1 48 20 51 13 2 2 -5 -2 0 -10 -7 5 1 -2 7 6 8 -5 9 -33 -47 11 -7 -51 31 8 -65 12 26 -11 27 -47 -6 -4 -7 -8 4 7 7 3 4 -1 10 3 -7 85 -19 -9 -17 -8 -76 -9 0 23 1 -47 13 4 0 1 -1 21 1 -1 -12 5 
-2 5 4 0 0 0 0 0 -3 -2 1 -113 -8 -10 3 -1 -1 2 -54 -1 -73 -1 2 21 -3 -3 -5 -25 -42 13 -23 -18 -1 -12 -25 -26 -19 -1 9 5 -4 13 0 -38 2 -3 0 -5 0 6 5 -3 3 0 -9 54 8 -17 2 15 -41 -15 24 -13 6 -75 -16 -2 3 3 -12 10 9 0 -1 -27 2 6 -50 1 6 4 -63 -7 35 -25 -50 -32 9 -1 -2 -1 -3 -27 13 4 1 -166 0 -3 12 -54 30 3 -21 13 -8 0 -2 -3 -8 -12 -30 4 83 30 5 10 -5 -36 11 12 1 -10 28 
-5 143 27 -1 -1 0 2 -5 8 -7 8 -5 -2 0 1 1 0 -59 6 7 74 36 1 -11 -12 -1 0 -8 8 0 -12 5 17 -12 -6 -19 -4 1 -15 -16 -18 3 -3 0 -4 3 4 -4 -2 -4 2 4 2 6 -4 -65 -153 -4 0 -22 51 22 -18 -4 9 5 13 7 5 -9 -13 38 2 -50 4 4 10 19 38 30 -31 -53 -28 11 6 -2 -6 0 1 -153 0 3 -1 1 1 -2 -4 -5 -2 8 0 -10 -23 21 -10 0 0 -85 5 -19 -1 0 -30 -2 -2 32 -10 -6 -40 26 -7 57 -5 -1 6 
-1 -2 -5 7 4 0 0 -1 0 2 -65 1 -1 1 1 -4 2 8 17 -91 -6 6 6 10 -3 -18 -63 -14 19 13 -17 -21 52 -10 -16 12 9 18 11 -21 10 17 -3 -46 -1 -176 2 8 3 6 6 9 12 2 8 -2 31 8 2 -5 -33 23 -9 -7 -16 -2 -10 2 1 5 4 10 25 46 16 12 -26 -36 -4 22 -2 -8 -11 56 -4 16 -2 -9 -5 2 63 2 -3 6 -4 -1 23 10 -26 11 10 35 21 78 3 2 0 -12 107 -41 12 -27 -15 -14 -2 2 2 13 15 -20 9 41 -5 1 2 
16 1 -9 -1 -151 4 -5 1 -118 -1 3 -1 -2 -5 -2 3 -3 -5 -33 6 3 -5 -11 -18 -8 -104 -13 0 1 -13 4 -71 -8 8 102 6 5 -66 -1 -4 7 7 6 1 5 54 -7 -27 -7 -30 -42 -29 -25 11 51 -26 -41 4 2 -7 2 0 0 6 3 3 14 27 52 26 15 -49 -19 -5 6 -7 5 64 -12 10 10 0 -7 -55 -44 -2 0 -2 0 -131 6 0 -115 8 47 -112 10 -1 11 8 0 3 0 -25 7 18 -18 -2 -27 0 -6 -72 16 -9 -27 -11 26 -8 4 -20 -1 22 3 -3 9 
-5 9 0 6 9 2 1 5 171 -2 -3 -1 5 -8 67 2 -3 1 0 -7 4 27 -98 14 9 28 23 -17 26 -1 63 -12 -18 -15 -24 -16 -13 -17 -14 -9 44 -5 -119 21 -30 -14 113 6 -6 -20 -8 12 8 16 -18 3 -1 6 -22 1 -23 13 34 107 28 -41 -49 -10 -11 16 0 2 -131 1 -8 -10 -3 5 7 8 7 -3 6 1 0 -4 -59 -1 12 26 -6 1 -6 6 -27 1 -11 -29 -11 4 -152 -2 4 -13 -3 -8 -10 6 -25 5 87 35 -7 15 -5 19 18 17 -10 22 -15 30 0 170 0 
3 0 -2 5 -6 200 0 7 -3 0 -2 -3 2 -2 -1 6 3 5 -144 3 1 0 -7 1 -3 62 -5 -3 -8 -1 -4 43 4 20 11 8 15 5 -91 35 15 2 28 -6 -7 -146 17 -13 -3 2 -2 7 -2 -4 0 -128 -90 112 0 46 -4 -32 -29 -15 -6 11 19 -17 6 -4 32 -95 7 5 -1 0 -65 3 -1 13 -155 -9 1 6 13 7 -14 -10 5 4 0 -3 -64 19 -2 0 25 -7 9 0 8 115 -16 7 28 2 10 -57 10 -4 71 0 127 18 4 48 13 9 -9 18 -80 6 -12 6 1 
41 -1 0 3 7 7 1 -4 -130 3 63 5 -10 -218 -3 6 10 9 79 7 5 -3 -3 8 5 10 4 -8 -13 0 -15 -1 1 -11 2 -7 -15 1 147 -17 -5 -19 10 -113 15 -7 -6 0 2 -22 -3 -15 -20 5 -30 -6 -1 0 -100 -24 16 -1 -6 -6 4 4 -9 -13 -8 3 3 -4 -2 11 0 -5 -1 -8 1 5 -4 -8 -2 -4 9 -3 -12 -3 1 1 -10 -2 87 -3 -30 50 -75 -2 20 -7 -3 -8 -10 -2 -6 93 0 -8 -2 62 39 1 6 -14 -13 -86 9 14 -12 15 -77 -34 -12 -2 2 
-2 -3 0 5 2 -1 -4 3 4 -3 147 1 66 17 11 8 -12 0 21 -17 -22 -3 -3 -4 2 -16 -10 6 1 2 3 1 6 9 -2 2 11 -89 1 14 70 -3 22 18 4 -15 -59 0 6 6 2 0 2 1 12 -6 -10 3 10 5 -5 1 4 8 -3 -3 10 4 3 4 1 -16 1 -8 6 -1 10 -2 23 18 -11 -7 -2 -20 7 13 0 -25 -45 2 -57 4 3 -3 -2 1 -3 2 -24 36 36 38 -19 -17 14 -14 -13 -152 -1 20 -39 2 141 2 -3 15 -2 -3 -7 1 7 5 84 7 -10 
3 -2 6 15 -1 -2 1 -8 2 -2 8 6 -175 -22 9 7 -1 -36 -5 -12 -86 -39 6 -12 -2 -119 -3 -5 4 -4 -12 -13 -2 -1 -4 1 9 102 4 -6 27 -7 0 -5 -6 0 -1 -5 1 -1 -3 -1 -1 -11 -18 -9 -9 -22 -27 4 -2 10 -84 0 25 -7 -9 3 4 -59 7 10 6 12 -14 -116 8 8 -4 -1 4 8 -1 2 -9 6 7 -2 -6 99 9 8 4 4 3 2 -91 2 3 -3 32 -15 4 -2 -123 16 0 3 -2 -2 2 25 -2 0 -3 -9 -8 -7 -7 -2 2 -1 -5 -3 -2 
-5 -4 2 -17 1 -4 -8 -1 -16 34 -4 -3 -33 -13 18 1 -6 -4 -9 5 6 18 -21 16 18 -2 -22 -1 -2 6 -1 -3 4 -46 1 17 -1 7 15 8 11 -5 0 2 1 11 97 -2 -3 -1 -1 5 4 0 107 -11 -4 3 -2 2 -3 -155 -2 -1 -36 1 -3 -7 -1 38 -19 8 -3 -9 2 -3 -149 7 0 1 -2 0 4 -3 -29 3 -1 -6 -1 -3 25 -1 4 -1 90 1 -3 -2 -1 1 0 1 -12 -1 -1 1 9 75 30 -32 -3 -23 4 -76 2 5 1 -10 12 -9 -7 -2 24 -11 33 
11 22 12 73 -5 -15 2 87 0 4 19 53 107 -13 -1 4 -32 -47 -5 -3 -12 -8 -2 5 10 -52 -5 9 -4 1 -2 -4 2 0 -4 -155 18 -15 -14 -10 14 24 0 18 31 6 14 46 2 20 57 20 4 23 -3 16 71 13 21 -132 17 14 2 5 -25 -18 0 2 -5 -27 2 -5 8 2 -3 -2 54 0 35 -3 -23 85 4 1 5 11 10 6 -23 8 5 -5 -1 3 -1 2 2 1 -2 -2 0 45 2 7 -2 -5 3 34 10 -44 -54 -1 12 3 5 -3 -5 1 -6 8 29 8 2 -42 31 
-40 -36 -2 51 -7 -5 11 20 -7 -20 -29 0 7 -10 4 11 3 0 -1 4 -3 -20 4 -51 9 183 -2 2 0 9 23 -109 24 -14 23 14 -1 94 -35 -24 -37 -33 -149 -33 -20 -18 -41 -25 -120 132 0 7 -2 -6 -12 6 30 -4 5 -1 -4 -4 1 -3 0 5 5 -124 5 1 1 -47 3 -9 10 7 1 -5 210 -2 3 7 -3 37 -10 7 -2 -89 -69 -40 121 -1 -1 -63 138 -2 -147 -50 1 16 -30 113 17 11 2 4 -14 -14 2 -16 38 2 6 1 -3 2 -1 3 2 -35 15 -44 -6 15 9 
4 2 0 -2 -69 2 -3 -5 -9 -9 6 -2 138 0 -4 0 -3 -4 -139 -6 -40 -12 1 8 16 12 8 9 12 42 -25 -12 -128 16 -2 30 9 -116 21 -6 0 -8 -70 -50 -13 -8 63 -15 -30 8 -6 -11 -10 -5 -21 -22 -14 -8 22 -6 5 3 8 -3 -4 13 3 -8 1 -10 -1 2 2 19 -19 127 1 50 0 -42 7 -87 18 40 0 -11 -9 61 7 2 56 -1 -34 -8 15 12 -12 4 14 14 -25 -22 15 -3 -5 -8 22 0 38 4 6 13 11 6 3 -6 5 -10 2 -7 -11 -5 -4 -4 70 
-12 12 8 3 -1 2 -4 33 3 -8 0 3 -7 8 5 19 30 19 -105 5 24 -2 -13 3 -11 -19 26 59 26 -16 -7 -17 6 -116 17 4 60 -5 -26 -5 -30 -26 -2 -7 96 -109 54 -28 -24 -1 2 -130 -4 28 -2 -1 -1 105 23 1 -3 1 -3 1 -11 1 14 -5 5 -7 -1 -1 8 -6 1 10 0 9 3 1 -2 -4 -5 -15 6 -5 -3 2 -3 -3 0 2 0 4 -4 -7 -8 -15 15 25 9 8 131 7 10 -9 -16 -20 -16 -44 -6 -9 36 -12 1 5 -1 -1 11 83 -1 -2 0 -17 23 
3 11 -23 -1 -12 6 11 30 28 22 -3 -1 -51 -8 -2 -1 9 8 3 -7 14 33 -59 -44 -18 -2 1 18 -46 0 -30 15 72 -43 53 43 -15 4 -8 4 -3 34 -5 -1 5 -5 -2 73 3 10 -2 49 18 2 3 -5 0 -107 -7 -21 -1 3 1 1 -2 6 -1 -6 -4 4 -1 2 8 0 -3 -26 3 -18 22 30 -6 2 80 -3 0 11 15 -2 -7 0 -4 89 -2 -87 -45 -13 13 1 -4 5 0 31 -69 4 5 -12 2 1 -4 -1 0 0 -1 1 -1 0 0 5 -8 21 8 -146 17 -160 -82 
-9 3 -1 -4 16 15 132 -5 -15 3 3 -23 3 8 4 86 11 -36 20 157 17 -9 21 3 4 -6 -1 89 3 40 107 -21 -36 -21 -125 38 -5 6 126 3 0 36 12 13 17 5 -7 -29 6 17 9 114 -8 -32 0 0 6 8 -22 1 -1 -1 -3 -28 2 -4 4 7 -1 4 2 0 -18 3 3 -1 -1 -2 -3 -13 3 7 12 90 -2 9 -6 1 9 -33 -3 3 1 -1 -8 3 1 -3 11 3 81 -8 -96 24 1 -5 -4 -6 -10 -3 -1 17 6 4 -8 -9 100 3 -7 -8 -2 -6 3 7 -2 
3 87 -18 -20 -1 4 4 3 0 -6 23 8 -11 32 40 -13 8 6 -6 -7 -38 65 -29 -4 -9 8 -16 37 -45 2 -4 5 -103 -54 1 -4 -7 -2 17 -84 10 20 -18 -5 6 -16 8 -14 14 -71 19 -35 -8 -12 -6 -9 -87 1 1 3 37 -2 -1 -2 -3 -7 -3 0 0 0 34 1 -5 -1 1 1 12 5 4 -56 -10 -8 -2 -1 -10 -6 2 -3 22 6 1 2 120 72 6 -6 1 -4 11 -6 -12 -8 4 -140 10 6 8 3 2 6 -1 4 1 -8 21 10 1 3 -8 -3 4 22 7 -6 -86 
34 -32 -10 -135 21 25 8 18 -11 -8 15 2 25 -35 -12 7 -3 5 -68 -4 -21 -14 -7 -13 -5 17 -31 -1 0 -8 0 1 4 4 16 -4 -2 7 13 14 14 29 -14 18 13 19 12 9 13 12 16 16 10 13 11 4 1 1 4 -138 122 103 1 -70 -1 -5 0 3 0 -1 -158 63 1 -36 -7 -4 -5 27 57 -6 1 -1 82 -1 -52 -7 -13 21 -2 22 0 1 -12 -4 -1 2 1 -1 21 12 8 56 -8 21 33 -9 86 9 25 105 -1 -71 -37 -2 20 -3 98 8 17 -8 -26 2 -8 -89 -80 
31 -24 -165 6 -30 -1 -10 114 5 44 -23 -9 -14 -8 15 18 184 -1 -3 -3 -3 0 19 -10 15 -14 9 -6 -1 4 6 12 -6 -3 32 76 30 11 -7 71 -38 -16 -43 -44 -44 -27 -33 -22 -3 3 19 19 9 85 6 -49 207 9 0 1 143 3 7 -4 -1 -4 3 2 65 -3 -1 13 -1 14 7 9 -2 -10 -2 1 1 1 2 0 1 -124 1 16 -5 -23 2 2 -1 8 -11 101 -6 1 7 -33 2 -5 -12 -1 23 8 14 -22 -10 -5 -1 32 -3 -1 1 14 -10 -14 4 -16 -4 -2 -113 4 1 
-24 25 -92 16 8 4 -8 -5 5 -1 -3 -6 -1 -148 45 -2 4 -19 -6 -122 -161 17 55 8 74 -20 0 5 16 -16 10 29 -1 -4 -16 -32 -152 -5 7 -1 -2 1 -8 0 0 0 0 0 -3 4 18 -2 4 -2 -170 -31 -39 -35 -6 9 0 0 -2 0 2 -1 1 3 2 3 2 9 -4 7 0 -106 -1 -1 7 -49 -30 9 0 -11 17 5 6 -3 156 1 3 -6 -5 7 -33 11 -4 -4 0 2 1 4 11 6 -8 -3 18 3 5 -23 8 -4 -2 -1 2 -12 -9 -27 -2 -4 1 5 -1 -11 -11 
-40 -30 54 0 2 11 6 -2 1 0 -99 -6 -1 3 5 -7 -22 -15 23 18 -2 -82 -5 -8 4 6 -5 0 22 20 7 -22 -27 -14 -16 0 0 0 14 -6 18 -28 0 -32 0 4 -46 2 -9 15 -3 5 194 -13 60 43 0 -4 10 1 2 1 2 1 -42 0 0 -2 -114 -1 2 8 0 -12 2 6 5 1 1 -4 2 -7 -2 75 11 -96 17 -2 -11 32 0 -2 3 -5 8 41 4 77 7 -27 10 -3 26 20 -5 -1 11 -6 -9 -6 -6 5 1 3 -5 16 -24 5 -156 2 7 -22 7 2 5 
35 -44 -17 -66 -1 -46 -7 -1 2 2 -1 -4 2 -1 4 8 2 1 -2 -7 -19 -7 -4 -4 9 31 4 21 -14 -39 -18 0 0 -89 0 0 -9 0 -3 -2 -44 -2 182 -2 -2 3 3 3 0 0 0 -12 -3 163 0 0 156 -220 11 12 3 2 -4 1 0 3 7 69 -5 -5 4 11 186 -15 63 -9 0 9 -11 -3 1 -9 -33 -7 3 -44 -1 5 5 -36 12 -50 -1 -7 -1 38 1 -2 -10 -2 82 1 0 30 2 6 -1 61 -122 61 72 -7 1 -3 -39 -1 17 -2 -6 4 -142 36 14 15 -10 
-106 10 -2 -18 1 -19 79 1 2 2 0 -2 -114 9 8 -3 -8 -1 2 3 -4 5 14 -1 0 3 -41 -20 -221 0 0 0 0 0 35 0 0 0 0 0 0 4 0 -1 -5 -4 2 -4 6 1 0 0 0 0 0 0 0 10 1 -41 -1 -44 -4 2 2 -7 6 3 -1 2 -5 9 4 -140 1 125 -25 -9 -15 -2 15 62 1 1 2 1 -1 -1 10 28 -20 4 14 21 -59 1 19 -9 -3 -1 12 4 2 1 -3 5 119 18 -3 2 0 -2 -2 1 8 8 0 32 26 25 10 -12 -22 -52 -9 
5 6 1 1 3 18 94 -2 -2 1 -3 22 -5 3 -8 -95 -77 -52 -1 2 -6 11 -3 -29 -29 -67 -8 -12 -15 13 0 87 0 0 0 151 -150 0 0 0 0 0 7 0 2 -4 -1 36 101 0 0 0 16 6 0 14 -3 -19 25 -15 -22 4 6 0 2 2 9 -81 -4 7 85 -6 18 -4 4 24 -2 -3 -4 5 -6 -3 1 34 45 -12 -16 5 -80 77 -18 -3 -11 3 1 -11 22 -29 -108 0 -1 -6 8 -46 3 4 1 1 -19 4 -2 -3 -5 -2 -8 8 5 3 -4 1 2 0 -1 -9 -4 
64 23 10 -17 -16 -1 2 -2 -3 0 -6 39 59 5 -8 4 9 9 9 43 -13 -27 14 4 -2 0 16 -21 -29 -13 -163 0 0 0 0 0 0 0 0 0 0 0 0 0 -4 -2 0 3 0 -4 10 5 -24 -11 179 11 31 -44 -15 -2 -2 0 98 -1 1 4 -7 -8 1 -1 -95 -2 -9 0 2 3 7 9 16 67 15 -88 27 18 74 -30 -2 -3 -2 0 3 1 96 3 3 14 -16 -41 29 2 -3 -5 40 -4 29 -3 21 -13 -11 -5 -7 0 2 -2 2 -12 9 -4 25 -4 -8 2 25 4 42 
-24 -3 -21 51 6 0 1 1 3 -2 0 0 -6 3 11 1 9 7 -31 9 20 8 -11 15 -2 -1 -29 -26 -10 0 0 0 0 0 0 0 0 0 54 0 0 -113 -2 0 0 -39 0 -13 4 -3 -11 1 91 18 16 -15 31 -5 -4 4 9 -7 -1 -2 -4 -4 -1 -4 -4 4 2 0 13 69 0 -79 -37 -23 -2 -70 -5 -26 0 7 76 3 1 0 0 0 -25 -4 10 0 1 -2 -10 18 31 -119 97 20 39 0 10 9 4 -31 -141 0 20 -3 -10 -5 0 32 -10 9 -6 7 4 -37 -9 -10 -27 
7 -2 -106 -9 -8 3 2 -2 4 -2 -1 9 9 -6 1 161 -5 1 3 -3 2 12 10 -21 -3 0 0 0 0 0 0 0 178 0 0 0 -154 -64 0 0 0 0 0 -6 1 -9 6 42 3 84 9 72 -14 -5 -11 -134 9 7 -6 21 1 5 -38 -2 6 0 77 6 -1 15 -1 8 -92 5 -60 -1 -13 -1 -1 -1 -4 35 -75 22 -30 -16 -58 -3 -3 12 -39 13 49 -65 1 -1 -4 2 65 -10 -2 2 -8 -10 -8 26 2 3 -16 38 8 1 -5 -46 2 -10 10 -15 -5 1 7 -7 -3 8 7 
3 -42 -72 -1 -1 5 3 3 11 6 2 -8 9 71 -26 -12 -4 -198 -230 -4 228 -15 0 0 0 0 20 0 0 0 0 0 0 0 0 0 0 76 0 0 0 13 -2 -1 5 1 11 22 16 -9 -2 -2 0 -3 10 -6 -5 -5 -1 -12 12 7 2 -5 -24 -13 -3 92 109 14 16 -5 1 6 0 18 17 -18 7 -11 16 71 -2 9 6 7 -18 -1 4 -7 -22 -72 -3 2 12 14 25 -10 33 106 0 -1 -55 -27 0 -12 -3 -2 -6 -31 5 1 1 -1 -8 -1 5 6 9 1 -4 1 8 14 -20 
6 2 -17 -1 97 -74 2 2 -12 16 23 14 -3 -29 -9 2 2 2 -6 0 203 -4 148 0 0 0 -131 -200 0 0 0 0 0 0 0 0 0 0 10 8 -13 -21 -20 17 -1 18 -18 -27 0 3 -12 4 4 -1 8 -19 7 4 12 -27 0 2 0 -61 6 -18 -5 -6 -12 14 -10 -1 13 9 -16 142 39 6 17 10 -53 -36 -33 16 22 39 26 -1 3 -15 37 2 -13 -1 5 -10 -21 -3 0 7 4 -14 -20 13 -76 -124 2 9 -3 16 4 1 2 2 -2 2 -24 109 11 -12 2 -5 15 -38 -32 
-5 -1 1 12 14 0 -1 7 15 24 -12 -4 -20 1 1 1 -1 -2 0 1 3 4 0 0 96 0 -5 2 0 0 0 0 0 0 0 2 6 5 2 -12 -3 2 10 14 -32 4 4 4 5 -1 6 -13 7 12 1 -14 4 11 -11 -7 -9 -11 -1 -6 -15 7 18 1 -15 -1 9 -32 8 17 -1 -4 -36 53 -2 9 -38 15 -10 -10 2 1 -7 3 10 -46 135 1 -18 1 1 -1 -63 14 5 0 7 3 -55 -10 13 0 22 42 -22 8 -139 0 4 48 8 7 0 -2 0 -3 1 0 4 -52 12 
5 -8 5 -84 22 3 12 -5 -6 59 1 -1 -11 4 5 7 -5 246 -104 -4 2 2 2 0 -2 138 0 -2 -4 0 -73 0 41 17 -12 7 -2 2 4 11 25 11 -51 16 -3 -4 10 -4 5 -9 5 7 -21 3 19 -9 2 6 12 12 -88 6 -3 -1 77 2 -1 0 -2 1 -6 -6 1 0 4 35 24 -18 15 -26 19 -10 -1 14 -33 52 1 -1 17 -16 -9 -28 -49 -2 -1 -13 -2 -33 7 3 -9 4 44 -15 -13 -4 1 -2 12 -97 -6 -1 35 -3 -8 13 -2 7 -21 -7 17 33 18 10 1 
-98 8 -9 0 13 5 -10 2 -2 1 -1 -5 0 -3 -2 0 164 2 -2 131 -2 0 0 0 0 0 0 6 7 -5 0 -4 10 117 -5 -4 8 25 -6 -18 1 1 2 4 13 -10 10 -2 8 -21 -9 25 8 -19 -15 32 13 -83 -20 -20 -2 -8 -90 -7 -15 -32 6 8 0 1 -4 -20 -46 -26 -13 -42 13 -34 -29 12 5 -19 -2 -8 -23 -70 2 1 -8 -136 36 35 1 -22 9 21 21 5 -1 0 4 -15 4 -16 -12 -4 -5 -15 4 3 -11 1 1 98 6 8 1 4 21 0 -9 2 8 -6 -3 
156 -14 -4 -6 -16 -2 60 0 -3 -3 15 1 13 2 0 0 -1 0 -149 0 2 -5 0 0 -126 6 -8 0 5 2 -15 -24 14 0 46 37 -6 36 -2 1 -5 15 4 -5 -3 -1 21 -18 6 4 -3 -4 30 1 136 10 6 5 -2 6 -1 0 15 2 -3 26 -82 -7 10 30 20 0 4 0 -11 0 0 21 22 -13 3 -8 -6 -62 35 -8 -7 10 -55 19 -3 14 5 -5 -14 7 -4 2 -2 -1 -5 16 15 -86 4 -2 -116 40 43 1 -14 -3 -4 10 1 15 -2 5 -1 14 21 -5 4 4 -3 
35 -139 -118 3 0 1 2 0 -6 2 -4 40 -25 10 0 0 0 0 0 0 0 -6 0 38 249 0 0 0 -1 1 -11 22 -3 -22 -44 18 3 2 -4 0 -10 -1 5 1 20 -24 20 -14 -5 -14 -12 -19 6 0 3 -27 -25 2 -11 0 0 -1 -7 -10 0 7 -9 46 6 -4 14 -6 2 25 15 9 -3 -1 2 -1 1 1 -9 -11 -9 -7 4 -32 75 16 -155 9 -8 0 -12 23 -22 26 -17 2 4 -5 -14 -25 -1 0 -2 3 -92 41 31 -109 -1 -66 -173 1 6 -165 5 -4 -8 -1 -6 0 3 
-10 -26 -29 0 -206 1 0 0 0 0 -2 -2 0 -8 0 168 -68 89 12 -5 -5 5 9 0 -3 -107 -8 -134 4 33 -8 0 6 5 7 -8 8 3 3 -9 4 9 -26 0 -81 -25 6 -25 7 -10 29 34 12 1 -8 17 -7 -7 -104 1 1 2 0 8 -3 -2 -43 -6 1 28 -15 5 12 -5 21 31 2 1 4 2 -101 28 116 23 109 -4 7 -4 -27 -78 3 0 4 1 -17 -8 22 19 0 1 67 -89 24 1 40 39 -132 29 -52 37 -7 -2 55 -4 -6 0 154 4 4 -1 1 2 1 6 0 
-7 0 0 0 0 0 0 0 0 58 0 0 0 0 8 14 33 9 -23 8 28 162 1 4 -1 1 -8 20 -17 55 -1 18 -13 -4 -138 82 -8 -6 11 -11 -29 -1 3 0 5 20 41 42 46 13 5 -25 -26 96 0 28 -24 -2 -3 46 1 5 75 11 -19 27 -30 11 -19 -30 15 -2 6 3 -19 -31 -12 134 1 -16 -2 -16 -17 -60 -1 2 18 -1 24 3 6 -1 -76 9 -16 95 -7 -10 -1 11 -12 -2 6 84 -2 1 1 18 9 53 -45 -1 -4 45 -28 10 12 -4 -19 4 6 4 8 -6 4 
0 0 0 0 193 0 0 0 0 0 0 10 -3 -192 35 -13 -34 -5 14 -3 -14 -3 -6 -4 3 37 -33 -21 24 6 -20 2 0 9 -13 -4 14 -7 -14 -1 -10 -135 21 8 6 22 34 -29 -8 -5 22 10 -18 -11 8 -16 1 -30 1 -128 -1 32 31 -123 14 -3 2 -16 -96 -5 48 19 6 3 4 -1 149 -25 -78 25 4 -5 -5 0 31 40 -23 6 34 -18 -14 -57 1 15 -6 -1 3 3 -3 9 4 -3 12 9 1 3 -5 4 -22 -7 -30 -74 4 2 69 11 157 -3 30 1 -8 5 -31 4 -8 
0 -17 0 0 0 0 3 6 0 18 39 23 -15 -59 1 -1 -6 -4 164 -73 20 -3 -5 -3 -48 10 5 13 1 2 59 2 -27 9 16 -14 -15 139 -5 -5 -7 0 5 2 18 -80 -6 -17 -34 -21 -7 -4 4 2 6 5 18 81 -31 -2 -2 5 84 -1 -3 -1 2 19 0 37 -4 -11 -10 7 8 -2 1 -11 -89 24 -7 53 4 0 -39 7 -6 8 -15 3 5 15 9 -11 -2 1 0 1 4 38 -12 9 2 -21 3 1 87 -10 9 12 -4 0 7 -8 26 3 25 7 -21 -21 -1 0 2 4 -3 
61 59 0 0 0 0 24 39 32 -34 -27 110 5 15 2 -4 -8 -1 2 -10 78 -5 5 28 -13 -15 -11 0 -89 -2 -5 21 -39 -28 -2 11 32 -1 -108 4 -6 -5 -38 -6 136 18 -14 -11 -9 -6 9 -27 7 65 -16 -1 -3 8 79 1 0 2 166 -119 -9 1 9 0 -6 -3 52 -3 5 13 43 25 156 45 -1 2 -1 -7 -13 2 0 -11 -1 -3 0 4 -1 1 -5 26 -14 2 -3 97 137 -7 97 11 7 1 6 0 -4 -15 19 -83 2 7 -20 13 -2 7 73 -129 -55 -21 -5 2 2 0 -1 
5 -1 7 -2 21 -20 -11 -14 -21 6 2 -10 17 6 -3 22 17 -13 -51 11 3 13 20 -49 13 3 7 2 7 11 32 -15 -33 -1 -4 27 -8 2 2 0 22 -6 21 10 -10 -9 -5 5 75 -5 4 1 2 -9 -7 11 13 -23 -7 3 -1 -6 -29 2 0 0 7 -1 61 7 0 28 -41 -44 -23 -15 66 17 -31 -5 -3 68 8 -8 -11 0 0 15 -21 25 2 -24 -5 -13 -1 13 3 -1 -1 -3 -9 1 10 11 0 3 11 48 9 19 2 0 0 20 2 -2 5 -54 7 11 6 0 0 3 13 
20 0 7 13 2 -12 -4 15 15 -12 24 -11 -10 1 2 1 -10 -5 -11 -119 -30 22 -3 -11 -5 -2 9 30 9 2 -20 -18 0 6 105 0 -24 -2 28 2 18 -9 -7 4 1 6 9 -6 11 5 -4 -10 -1 7 -3 3 9 -2 2 -1 -40 -6 -18 10 1 3 10 -7 -49 -92 5 11 2 -1 -37 -1 -47 -38 -5 28 -18 8 -11 -29 -13 7 20 16 2 8 -25 0 0 5 17 -9 5 0 2 78 4 22 -3 -72 -100 2 -9 9 -36 14 2 -3 -61 -14 12 -4 -15 8 -4 43 0 -3 0 -2 -6 
19 11 2 -37 7 -3 -2 3 69 3 -16 1 91 3 0 62 9 2 -1 -4 54 -9 -36 -63 -135 2 3 21 -13 -6 -5 1 0 -4 -14 12 14 -20 -4 2 -18 -12 3 -13 -2 0 1 9 -1 -7 29 -20 -33 -24 3 -6 -22 17 -2 -5 -16 21 4 -17 1 16 -40 8 24 7 -13 -71 2 29 -3 76 24 26 37 6 9 -3 4 8 -3 -2 -51 -27 0 10 -147 15 0 -3 9 1 -1 2 5 -4 4 23 -3 -5 0 1 2 14 30 4 6 10 13 1 -11 7 14 -6 3 -18 -34 28 1 31 -8 
5 -2 7 -117 38 -22 -10 -5 1 -24 -2 7 10 -112 -7 2 10 2 -9 31 7 25 1 6 8 -5 -8 -25 -7 2 2 -4 6 -154 -5 -23 8 2 -3 -24 -2 0 0 -14 10 -7 12 -19 -57 1 -1 19 -3 5 187 -3 -9 -1 -58 1 -4 2 -4 -8 -104 124 20 4 -1 56 4 6 -1 13 -149 -3 -21 12 -36 9 147 29 18 15 5 -2 5 -9 2 -20 107 -7 4 4 -14 -82 -5 -1 -1 -2 22 -28 1 -5 -1 -5 -8 0 -1 2 -16 21 74 -5 0 2 -5 18 4 -11 -1 -2 1 5 44 
-20 -5 8 -4 -5 26 7 -94 20 -6 -7 6 -138 -6 -15 -12 7 105 3 -4 0 -3 -132 9 -2 5 -24 1 0 -5 112 -10 12 0 29 -24 0 1 -1 -3 -87 29 8 53 16 -15 -14 16 25 16 1 -2 -27 18 163 -8 -3 0 1 0 1 17 -3 13 -1 -10 -24 3 -4 -8 24 -7 2 22 0 14 20 -16 31 -13 11 9 -10 -8 47 -1 -1 -2 2 -19 -155 -11 -3 9 5 5 -2 -6 -2 3 18 2 -7 4 4 24 -6 31 -24 4 -1 13 4 -34 -10 6 -2 6 -2 -6 2 2 -5 -4 -13 
-2 136 -3 1 12 -22 -2 -8 9 0 -9 -5 -7 2 -8 -2 1 -4 -21 2 -50 1 17 -50 -2 11 18 18 4 1 -16 11 16 -19 6 -9 -1 -2 4 0 55 21 -14 -30 -18 -6 9 -6 -16 -16 -26 30 -7 -5 2 8 -1 3 59 0 -59 27 -19 -5 -1 6 30 6 8 -23 -47 97 -119 12 3 -4 -2 -9 9 70 -8 9 10 -3 1 1 1 -6 1 -153 4 3 21 -25 -1 7 77 97 -1 3 -14 5 3 3 -3 -17 15 6 10 -6 -1 -9 3 6 70 -79 19 6 -25 -120 1 -1 -1 -139 2 
-1 -3 -1 3 9 3 -72 -6 12 -108 5 27 8 -3 5 0 78 -24 -1 3 12 1 -12 11 -6 8 -20 8 -2 -8 -146 4 -11 -5 -14 7 -6 3 1 6 6 -9 -28 -22 -3 -16 -7 -7 -3 9 8 -3 16 -9 6 -8 -1 -4 0 2 -2 39 -5 -8 1 170 5 -17 -41 2 -4 -2 1 -34 -4 -9 1 -18 4 47 27 18 106 1 -1 1 -2 4 9 -3 -17 81 -9 21 7 16 -3 -7 0 2 8 47 7 -1 3 7 49 -6 -14 8 -2 17 -19 -3 -8 -3 5 -2 122 -119 2 5 -2 -158 1 
1 -1 1 46 -8 0 24 -7 -7 9 -14 5 -1 -3 -2 0 -4 -17 -1 -49 -11 -13 -2 23 58 -5 -33 0 4 0 6 6 0 2 -6 -1 -8 19 4 -4 96 -2 3 10 16 -5 4 -2 -1 22 -1 -4 4 -9 -4 0 12 2 0 5 3 -22 12 -3 0 6 -15 9 -2 -3 24 -1 2 17 1 2 -48 -3 23 -11 16 -19 74 2 121 -3 17 -147 21 -6 -144 4 -71 2 -20 5 1 0 -2 0 105 4 -74 3 4 -2 -10 -2 98 0 -6 -10 118 8 -11 2 14 8 1 1 0 -134 4 55 -32 
4 1 -1 -6 -2 0 0 1 -4 -8 -9 -4 0 -72 9 20 -12 -3 1 -100 -8 -4 43 -20 -13 -1 -14 -2 227 0 -11 5 7 12 8 -3 -12 -3 8 4 -51 8 12 -7 -30 0 10 -2 3 0 123 -17 6 0 -3 7 16 48 3 -1 -10 -44 -9 -25 133 -12 0 -13 0 -1 -5 2 6 -2 -2 -3 20 -56 37 -1 -12 69 12 4 -53 -56 -3 -47 35 15 -20 4 -108 21 -7 0 3 -1 -1 0 8 6 -1 -2 -1 0 1 -2 -1 1 -13 -27 32 -184 -10 -21 12 102 0 142 -1 -4 7 -7 -9 
-3 2 28 -2 -4 5 10 -6 1 5 3 -1 2 -45 5 -3 -3 -4 95 42 -5 53 31 -229 54 1 4 91 9 0 0 -2 1 -4 -4 0 -1 -22 -15 62 1 6 -13 -10 4 -14 10 1 -1 -44 26 1 -10 -5 -4 2 -26 2 1 5 -95 0 20 0 2 -40 -12 9 -2 4 2 1 5 -14 1 -1 -17 -96 7 10 17 -162 -14 1 -2 -2 -12 3 -10 -2 -12 25 29 0 -10 -5 5 3 -6 5 2 3 -3 50 -4 -2 12 8 1 -111 2 -5 -3 174 -3 5 -1 7 -3 49 160 0 123 1 -8 
-6 -4 16 4 -3 0 2 19 -5 50 -6 3 46 2 -7 8 0 10 107 4 15 -24 10 0 0 -10 2 85 0 0 0 0 0 -230 -1 -11 4 23 1 0 -4 -13 -2 12 0 0 -33 20 19 -6 -26 -26 0 6 5 -2 -120 3 3 -18 -5 7 -27 1 16 9 -34 -9 21 40 -10 2 22 -25 2 0 -3 -1 -2 -35 -9 -27 -18 2 0 -3 2 44 1 -54 139 3 3 -1 -3 -1 6 4 -64 -3 -3 -2 60 -56 -8 3 2 -10 -5 -1 -7 -2 -4 9 6 6 1 -8 -1 -2 -4 1 -7 -5 7 
7 -2 -103 32 3 -2 2 -28 3 -1 -4 -5 -2 -115 7 -2 3 13 0 0 5 -15 0 0 0 0 39 0 -231 0 0 0 0 0 -2 5 5 -10 217 -4 2 1 1 -11 2 108 0 -3 -11 -18 -123 5 0 2 3 -41 -49 -1 -1 -1 -3 -5 -59 -5 1 -6 -11 14 0 -4 -172 2 3 2 -1 -1 -13 0 2 -1 -5 2 2 0 1 -3 -2 -2 10 4 3 -81 -12 11 -15 -9 -11 -10 -10 -2 1 0 -1 4 6 2 10 4 -2 2 70 -14 -12 -7 7 -8 11 -3 -1 1 1 -2 -1 -147 -24 
-1 3 11 -3 2 1 2 -3 -5 2 57 5 3 1 0 10 -7 1 10 -3 2 0 0 0 -51 -17 -4 0 0 0 0 0 0 0 1 2 -4 -1 0 -46 -4 -27 -14 40 8 0 -1 3 2 -5 3 5 -5 -20 -3 -10 -47 -3 -1 2 2 0 -11 73 19 -18 2 -13 -1 2 -8 0 -47 41 21 -2 19 13 0 -2 1 -2 0 -4 -2 -6 -1 10 1 56 -3 6 23 -11 -7 8 -6 2 6 8 1 85 -3 -4 48 0 -2 -12 -2 1 -1 -13 -3 -2 -14 -6 8 149 1 -1 1 2 4 12 24 
-4 5 -2 -6 -4 -23 9 0 0 -3 1 2 146 3 5 -8 -5 -32 15 5 -10 0 0 0 0 0 -2 4 0 0 0 0 0 112 -1 1 -1 0 -12 0 -6 -9 3 15 3 2 4 1 -3 -3 4 1 7 -2 -3 4 3 90 67 -2 5 16 -6 -1 -15 3 -1 13 14 4 5 -156 159 -5 -6 -29 -50 -21 21 30 16 4 22 11 4 20 -2 -24 -5 4 -8 13 -4 1 -2 0 1 -6 -2 11 3 -7 -8 0 112 4 13 -7 -1 103 15 -26 24 -3 148 -59 -1 -1 0 31 1 3 -7 -2 -18 
-1 1 2 2 4 -58 -6 4 5 75 4 -7 21 -7 5 -3 -1 18 -3 7 1 4 0 0 0 0 0 8 -1 3 0 0 0 8 0 -10 2 0 -2 -1 -1 -17 8 -26 43 1 -1 -112 1 43 1 9 -2 -1 0 2 -3 -3 -3 8 -6 8 6 -2 2 -3 -10 0 -15 -72 -21 3 23 21 13 0 1 2 1 1 -1 -5 -13 8 -16 5 -5 19 -25 -57 -49 8 -3 -21 23 2 -7 5 14 -3 14 10 2 -218 1 1 -4 -5 4 6 6 5 1 12 16 22 23 -2 -19 -3 5 4 2 -11 62 
3 -2 0 -73 2 1 10 14 0 -4 -129 -7 3 -2 5 -13 13 -11 -1 11 129 2 0 0 -87 0 0 0 0 -3 0 0 -3 12 0 0 0 -1 0 0 4 43 5 -2 -43 -5 29 37 16 0 -64 -4 -8 -3 -2 0 1 -5 1 -1 -2 -13 -3 -1 -5 4 0 -5 2 8 -1 7 3 -1 -15 -21 -16 6 32 26 -27 -8 -7 2 4 3 6 -5 -19 -39 54 13 4 -1 2 0 3 7 8 -10 -4 3 -11 95 6 -97 0 0 -80 -5 -29 21 104 -4 7 4 0 -5 -5 -5 -36 0 -2 8 -1 
6 -2 0 1 3 2 2 -3 21 -46 3 4 -4 -13 0 5 -18 0 4 -5 1 2 5 0 0 -141 0 0 0 0 -3 2 8 0 0 0 4 -2 0 -8 1 -16 0 3 -3 4 -10 -8 -8 34 -18 199 49 58 39 -5 16 6 -3 5 3 -8 48 -3 -1 8 6 -1 0 -3 -18 0 1 4 -2 3 4 11 -5 -4 -2 -9 4 104 1 -6 -25 5 -6 1 -15 0 10 -2 -13 -5 -13 19 -5 4 -34 -16 -12 -25 -7 13 -11 1 29 -2 21 -2 -4 -8 -2 24 -114 0 -97 -8 -21 2 -1 0 5 
62 -1 1 6 6 3 -1 -1 0 -5 -8 -1 -1 1 -7 -1 -1 3 -10 -3 -55 -2 -10 -14 -10 0 -54 105 0 0 80 1 4 73 0 -2 -57 3 5 -1 0 -2 -184 -2 -1 -2 2 -3 1 6 4 -8 -2 -22 -16 -15 1 37 4 18 -1 5 2 4 114 -3 -42 1 -1 0 3 -32 1 0 -19 4 13 -43 5 -3 0 -1 2 1 4 7 -1 1 -2 -2 0 -23 -21 -97 -2 2 -2 4 -1 -11 -4 25 -1 -4 11 17 -7 3 -5 -38 60 8 -2 -4 0 -16 1 7 23 1 -105 -3 -5 1 -5 
2 -4 -3 62 3 108 1 -2 -2 -1 23 -5 5 0 -4 3 2 -77 5 5 8 -20 12 7 180 0 0 0 0 -2 5 2 1 6 0 1 4 1 0 -3 0 -48 -2 0 -53 -1 8 -1 3 -1 0 -8 -8 0 0 0 -3 8 -3 32 -9 -1 -2 -3 -5 1 0 51 -113 -8 0 -2 -3 3 1 0 -2 -34 7 -27 4 -3 -3 -1 -2 6 6 10 -1 1 1 2 12 -1 0 3 1 0 98 2 0 -2 1 -5 -3 -4 -1 3 -1 0 0 0 7 6 2 81 3 9 -11 -4 16 1 6 0 0 
5 1 53 16 3 -3 -2 4 -2 2 152 10 -6 1 -93 -13 15 -4 -12 -5 47 -5 -14 -3 0 0 0 2 0 -1 -21 -1 -19 -3 0 -1 233 0 -1 3 -3 -1 0 -2 2 -4 -3 10 124 1 -5 0 0 228 0 0 0 -39 157 -5 84 -4 -6 1 1 -2 -106 1 0 -1 -1 -1 -3 2 3 22 1 -4 -2 10 19 0 -1 61 -2 -8 5 0 -7 -2 1 0 -8 -3 3 65 6 -3 -2 1 -25 6 1 5 -3 3 1 -10 -105 3 -19 -7 4 5 -68 60 19 -6 -20 -3 -35 106 9 1 0 
4 28 1 -9 -3 6 -2 34 1 93 -2 -7 -12 3 123 -10 -3 1 5 3 -2 -4 -1 0 0 0 0 0 0 0 -6 -1 7 -175 -1 1 4 5 0 -2 -1 1 -114 36 -5 3 0 0 0 -35 0 0 0 0 0 0 106 0 -3 -6 30 -45 -2 3 -1 1 1 2 2 -1 2 6 2 0 1 -14 -2 55 2 24 5 3 1 -1 -14 -10 5 11 -8 4 3 -96 2 0 7 1 -1 -9 -5 5 3 5 -3 1 25 23 71 46 -2 6 -7 0 3 167 -10 -15 -29 21 4 8 8 2 27 5 6 
-7 -1 -28 -4 3 -4 -22 20 6 44 0 6 -6 -10 -3 -1 1 -5 -1 -7 -33 117 6 -3 0 0 -11 0 0 0 -59 37 5 -36 1 0 -5 2 6 -2 5 -5 -2 0 11 2 4 6 1 2 0 0 0 0 0 0 0 6 -154 4 -27 -26 2 0 2 1 7 1 -2 3 -1 4 6 -4 -1 -1 2 4 -9 1 5 2 -1 0 -1 0 1 -2 2 3 -2 -8 -6 15 1 2 2 7 9 6 3 -6 -3 3 -74 2 3 2 3 5 -34 -7 -5 -2 73 -35 -19 13 -12 -2 -9 20 -6 -25 -61 
-3 -23 3 -2 -4 4 -4 -2 43 9 -2 101 0 5 -20 5 0 -4 -76 -3 -1 0 0 205 1 0 0 0 -214 0 177 20 -20 4 -1 6 0 -2 -1 3 3 0 0 -3 1 4 -6 12 18 4 0 241 0 0 161 0 0 4 -1 6 -15 23 10 0 4 2 45 -11 -5 63 -5 6 -44 -97 -1 -3 3 -9 1 -3 1 -13 1 1 0 -4 13 3 2 -2 83 -4 20 -9 4 11 -7 6 -2 0 0 6 -1 -3 -11 5 5 -11 2 -5 4 -3 155 6 5 16 -88 173 8 -8 0 -4 11 -5 -75 
-2 -2 0 -3 1 -6 1 63 -6 43 95 1 1 -4 2 -110 -1 3 3 -65 -1 -5 1 -1 61 0 0 0 0 -95 2 -17 -202 -5 -4 -2 2 -6 0 0 -6 3 4 -7 -11 0 -17 4 0 -1 8 0 0 0 2 3 7 17 14 -21 -37 -40 -1 37 -46 10 12 33 11 58 -4 13 4 0 5 5 124 -13 62 2 5 -99 1 -1 1 1 3 0 2 2 0 37 -32 -1 -5 4 0 -3 1 -1 8 70 0 -8 -20 -38 28 5 -23 -4 -19 -3 7 -8 -3 -4 -4 -125 -1 4 -7 -3 10 3 3 
117 -2 -2 3 0 7 55 41 91 -61 5 3 -1 3 -3 3 -4 33 2 -1 4 2 -3 1 -2 8 6 105 0 0 0 3 0 0 -26 2 -1 0 0 -3 -1 1 0 0 0 0 143 62 -5 0 243 252 0 0 -8 -1 -139 0 -4 -1 154 -5 -1 -2 0 -20 -50 -38 1 24 29 13 4 23 8 -56 18 -5 -1 -4 107 3 -9 -3 -2 -6 -3 2 5 -4 -1 6 2 -2 1 1 2 2 -6 1 4 7 1 -10 -90 -3 -11 -2 0 0 0 6 10 0 -16 11 -1 4 -9 11 -155 2 2 -131 -13 
1 33 4 -2 10 118 81 -40 -14 -8 84 -2 -12 -3 2 1 -40 -24 3 -1 0 -1 0 2 0 -2 -4 0 0 0 0 0 -84 143 1 0 0 0 0 -2 -5 -4 -6 135 -5 4 7 1 -5 -1 -7 -3 2 -110 -15 121 -14 0 1 -2 2 191 0 91 1 229 -25 8 0 130 -4 -37 -146 -41 10 32 4 -26 20 11 5 -3 -8 6 19 -2 97 3 3 -3 -58 1 -3 -7 -148 3 -1 2 2 52 -90 -1 -2 4 -24 -27 -9 2 0 -16 14 17 -46 11 0 13 -12 -133 -5 55 1 8 -4 7 -5 
-6 -5 0 60 119 0 -47 42 0 124 -35 -19 -4 4 -3 -2 0 -1 14 5 62 -3 2 3 0 -1 -91 -2 73 5 0 0 0 0 -4 0 0 1 0 0 0 0 -5 0 1 6 -2 -3 -1 -1 1 -49 0 -1 4 -3 6 -1 60 5 0 -5 -1 0 -1 -1 -13 227 -68 2 11 3 -4 10 5 -3 -5 -17 -62 -48 8 -16 -39 -1 -7 7 -5 45 7 0 15 20 -3 -3 -17 1 3 3 -24 1 -4 -7 5 -2 -7 2 -3 -2 -6 47 -91 -43 -13 -19 11 15 13 -74 -25 4 0 -2 15 -3 0 
1 2 11 66 -12 0 -58 3 81 0 0 0 -7 5 -6 -3 -1 1 3 13 -3 -1 0 -2 1 1 1 2 -2 4 0 0 0 14 5 1 -46 1 4 0 4 -6 0 -1 -4 -3 0 0 1 1 -1 -1 73 -6 -53 -5 10 0 7 -4 -1 2 0 2 -2 3 3 0 2 -2 -6 15 130 -1 58 -3 -2 0 0 -1 0 -45 -29 16 -5 -6 10 -2 3 -16 18 26 4 -4 17 -10 -5 0 22 11 -5 3 73 1 1 -3 1 -2 3 -2 -8 70 4 -36 -1 0 -1 10 -8 -12 -52 -1 8 14 16 
-2 4 20 -81 1 -15 1 111 0 -159 94 70 39 -55 2 -4 -22 0 -1 -2 18 2 -1 59 0 2 0 -36 1 1 -9 0 5 -1 6 1 4 1 3 -1 -85 2 -3 0 0 0 3 5 -6 -5 -147 1 -10 4 -3 -3 127 -6 -5 -2 0 2 176 -2 -2 3 2 0 -3 4 -22 -7 -161 27 0 -2 1 -5 -3 8 -3 6 0 185 5 -1 -9 34 3 12 -2 13 3 17 -33 16 1 30 4 -9 2 -117 -1 0 0 0 0 0 -8 -35 -4 -1 5 3 -1 3 -109 2 7 -2 0 -5 12 143 6 
7 8 -57 -38 35 -4 -14 -1 -14 0 0 0 53 -19 13 8 6 -1 95 -2 2 17 -3 2 3 -4 1 0 -3 -4 -4 0 -11 -3 1 5 -63 -3 2 4 -139 0 -1 1 5 -4 -1 2 -1 0 -2 0 0 2 -4 1 4 -4 0 -1 4 0 1 -183 0 -5 205 -1 -8 -42 -6 -5 0 4 2 0 73 18 3 2 -174 -2 -9 -4 0 0 -1 -5 4 -6 4 1 11 -10 -5 10 0 -28 2 -96 6 -38 -9 0 -20 -11 73 -67 -6 17 -24 -22 12 78 -101 4 -2 -1 -5 -2 24 32 -9 34 0 
-14 -10 0 114 13 3 0 3 0 113 -69 12 -12 20 48 -25 2 2 63 -2 1 3 10 0 118 0 -1 1 6 -5 94 -1 8 -11 34 -1 -7 6 6 2 14 1 2 -156 -84 -6 -2 -5 -2 7 -2 -4 -40 183 0 -3 2 -2 1 -1 -1 5 2 184 -5 0 0 0 83 1 2 -3 0 0 3 -2 -106 -4 210 -17 5 -1 -8 -1 -98 -2 -5 1 2 12 20 -5 -9 7 1 -9 10 -3 -29 4 -22 28 19 61 6 1 2 15 21 -14 -1 -27 0 3 5 -1 0 4 -1 -1 1 3 -10 -6 -10 
-33 -6 107 -50 1 22 -12 -7 2 0 50 -51 11 -38 0 0 16 -11 15 -1 16 -1 -1 3 101 -3 -116 3 3 -1 4 4 -6 13 3 2 -2 1 0 -1 1 5 3 -1 0 1 7 7 -1 12 6 -1 -8 1 -1 0 -2 0 4 0 -5 -3 -4 -2 1 -5 -143 -3 1 -148 -204 -1 -2 6 0 -153 86 -2 -1 4 -1 -1 134 -1 -8 3 0 4 -1 -12 9 26 -30 -25 19 5 -39 2 3 7 4 -15 -16 6 29 13 -23 11 -18 -4 1 -4 0 -9 1 -133 0 2 -3 96 80 6 2 7 -60 
6 95 -46 11 -11 -8 4 -11 -8 15 -5 3 -56 -10 82 0 0 1 1 114 -3 -1 -2 -3 -2 -1 -1 1 -1 4 0 0 1 -7 -9 -16 -33 9 1 -6 -16 -7 10 -2 7 193 4 -38 6 0 4 8 -1 -169 -6 -61 49 -178 1 -2 2 -6 0 -1 0 5 3 -1 -1 0 4 -1 0 1 1 -2 2 0 3 -7 1 2 0 1 0 0 11 -9 -6 -26 16 0 -1 15 -1 -3 5 6 9 30 2 -68 -2 13 -3 2 14 -5 7 -4 -1 3 11 2 3 -12 -5 1 -120 1 -6 3 3 11 -1 
-14 -41 3 -5 1 0 3 -4 -10 25 6 -82 0 0 1 0 0 45 12 -3 0 -46 1 -2 -14 -2 0 3 2 2 -2 1 4 0 5 -3 29 2 0 -5 -8 -7 -10 34 -5 10 2 1 1 8 -3 4 -2 -1 0 6 0 -9 0 -15 -2 39 1 -1 0 1 4 -1 0 3 0 -1 -6 4 -6 5 2 -1 0 -5 -1 -1 -4 -159 -3 23 10 224 3 9 -3 0 -6 -29 0 -2 -6 -5 3 -1 -5 -2 -8 -13 9 42 13 23 -5 -5 -1 7 24 153 5 1 1 2 7 -7 -1 -48 5 -28 -4 
9 5 -3 1 -1 -1 0 -3 1 -49 -78 1 0 0 0 14 -25 5 76 -5 10 1 -2 -8 -4 -26 -2 2 -57 -29 1 1 -6 9 -31 -7 8 -139 8 27 9 5 -3 1 -8 -26 -23 -223 21 10 5 -2 0 4 -1 -4 -6 0 -5 -2 2 0 -2 217 -2 -1 -1 1 -1 -4 -1 -6 6 -34 -1 -6 6 1 -3 5 2 -8 153 2 2 24 0 0 -4 1 21 13 1 -2 3 8 15 101 2 1 6 2 0 26 -25 0 25 -16 -2 6 -16 -18 3 1 6 -67 -19 -2 55 2 3 1 -5 -7 18 
2 0 -2 -76 0 3 10 -76 0 -3 -10 90 -1 0 13 -27 5 57 -31 -9 -12 1 -2 -1 3 -4 6 -2 2 0 -2 0 -23 -1 3 76 7 -1 5 -19 -3 -140 -1 0 -2 -1 -5 0 -3 -2 -5 -4 -10 -3 15 6 0 6 3 0 2 2 -1 -2 161 0 3 -3 4 -4 -3 -1 2 0 194 -1 -1 -1 -2 -1 -4 -6 -4 -198 -70 6 -1 4 4 -2 -4 -28 -49 -41 59 50 56 -11 -9 -42 11 17 -8 -27 18 12 0 19 7 -6 -19 18 1 5 -3 8 12 -73 5 -8 -19 1 0 3 182 
62 -2 1 -6 -2 18 31 4 -56 2 -3 4 -4 9 -46 3 102 -21 1 2 -1 11 3 0 -4 -2 -1 -2 4 -1 2 4 0 4 1 -13 -12 17 6 6 -6 9 53 95 14 6 -1 0 0 22 9 89 -1 -2 1 0 3 -2 -32 -5 -5 3 60 -2 -79 0 0 0 4 0 -79 1 -77 2 -4 1 3 12 7 -1 0 -3 0 3 -81 1 0 1 -2 1 3 0 0 0 0 0 -31 -34 -20 14 38 55 19 -9 -1 1 20 -4 -6 13 -46 -13 -16 -8 -10 -10 -26 -14 -5 -8 -1 -1 -2 5 -3 
56 -99 -1 6 1 1 3 -1 -3 -6 6 -1 -5 -22 13 36 -26 0 3 -9 3 80 -183 -3 2 2 7 -1 3 -1 6 -1 3 1 2 51 -7 -108 11 -4 13 7 7 5 -5 -24 -40 -29 -6 46 20 1 -10 -107 -9 1 4 2 2 3 6 106 10 -1 -3 6 0 -6 -4 0 -2 2 -1 0 -184 1 7 22 65 2 1 1 -2 -3 4 1 9 -2 -8 1 -11 0 0 9 -191 0 0 0 0 -10 -10 -7 -21 -42 -43 -13 42 -5 7 -31 -54 8 23 4 -54 -15 3 -9 -14 -13 7 -12 -11 -15 24 
2 0 -2 -3 3 1 -1 30 -4 1 0 -6 0 3 32 9 -30 6 -7 133 19 1 15 -2 4 0 1 -1 -23 -1 4 2 -1 87 -3 0 -89 4 7 10 6 -9 21 -21 -55 -55 -1 70 48 31 -21 -4 7 -119 -8 1 1 0 6 0 104 -34 0 -5 -12 2 2 0 0 0 -9 -2 -4 7 32 15 -11 26 14 0 0 140 49 -4 -1 0 0 1 -3 0 0 -96 0 -9 -8 0 0 0 0 0 0 9 16 1 7 41 -9 14 -33 -6 0 0 0 -4 -5 6 -83 13 -17 -10 3 -4 3 -20 -13 
8 2 -3 1 0 3 -17 3 -4 -4 -4 0 -5 -86 1 -2 -71 0 6 55 10 -7 -10 -22 -3 1 0 6 -68 11 2 -2 4 2 9 3 0 8 -12 6 -5 -3 -3 -40 -8 -23 -23 -6 23 11 -2 157 -17 -8 7 -7 -1 -1 -200 10 169 0 39 216 6 -16 21 0 0 0 0 26 3 -95 2 11 -5 162 8 3 16 -2 3 -3 4 -4 1 -1 -1 3 248 -88 -136 0 0 -171 0 20 0 0 -17 3 6 -5 93 2 17 -10 -21 1 0 0 0 0 -1 12 -24 -3 -5 -2 3 -6 -30 -22 12 
1 5 -1 1 0 1 -2 4 2 2 1 -6 1 -3 1 2 12 12 13 4 -5 5 0 -4 -64 5 2 1 0 -5 -3 4 2 2 -3 -16 -4 1 3 0 0 -2 99 0 0 1 9 2 -26 -6 2 -5 -16 -59 -5 -1 -4 0 -1 -19 0 0 98 -14 14 -4 1 0 0 0 0 246 -25 2 -6 1 4 0 3 -3 -5 -2 -9 -4 -2 4 -1 -2 4 -4 -66 0 0 242 0 0 0 0 0 -113 24 -5 -25 -1 10 -22 26 6 -1 -3 0 0 0 0 0 10 3 -1 -1 4 -10 -25 0 6 -7 
3 121 1 3 -30 -44 1 0 -1 3 -4 56 5 3 1 1 13 21 4 -16 147 12 -52 108 12 4 6 -2 -2 3 -4 -3 -3 1 2 -2 3 1 -101 3 -40 0 -2 -10 -1 3 99 -14 17 -11 -10 -15 -2 18 45 7 3 0 -7 197 6 0 5 1 9 -13 0 0 0 0 0 0 -3 0 1 -3 2 9 -2 161 2 0 -3 49 116 -4 -1 3 -4 3 6 0 0 102 0 0 0 198 0 -55 0 44 -24 -6 16 -25 -33 8 10 12 -66 0 0 0 -24 -23 -2 -1 4 0 -25 6 -14 18 5 
-2 4 1 0 1 -3 -35 5 39 3 -54 -3 0 -2 -22 4 -2 -2 -14 -2 -5 180 -3 17 -30 3 9 1 1 -1 5 -3 -3 1 -81 2 0 1 0 6 3 -2 7 -3 -9 0 -7 10 7 8 -2 -4 -17 37 96 39 17 9 -5 -3 -4 54 3 4 -2 3 9 5 12 12 14 12 -4 2 -1 1 -1 0 5 6 -1 68 13 -133 7 2 14 -16 13 12 8 -3 -11 149 25 19 37 16 6 -154 0 -54 -35 -6 31 -10 20 -11 -4 -1 4 0 0 0 0 8 0 -4 -15 14 -15 0 54 1 -14 
0 -2 0 0 -5 0 1 88 5 0 0 2 0 -3 0 -3 -2 -28 -3 154 2 57 -2 -26 -6 1 -8 -1 2 0 2 1 13 -2 4 0 -2 -3 0 -3 3 11 -6 -2 -14 1 -11 -3 -3 -12 -23 -7 -3 13 -50 9 6 -9 -106 -1 -6 5 13 -173 8 -3 -7 -5 7 -13 8 -1 3 9 -3 9 0 0 0 -2 2 1 -3 34 -26 -5 1 -8 6 -7 9 -7 25 -2 0 -4 37 -36 -6 14 -38 4 32 16 21 -9 26 19 10 -26 6 0 0 2 0 -1 35 10 -25 -12 3 -13 -4 -23 4 
2 -3 5 -2 -1 2 -3 2 3 114 -2 0 4 0 4 -78 2 136 -1 -4 -1 3 -15 4 10 -18 -53 -5 3 0 -112 5 -2 3 -4 3 -4 3 2 -4 -77 -8 -16 -12 1 -19 0 -10 13 -2 1 0 8 -18 0 -10 0 128 1 9 -3 9 -2 14 5 -5 -23 -1 -2 -26 -15 93 21 24 0 0 0 -4 0 -2 -1 1 1 -4 -7 -9 1 -89 17 -8 -8 32 6 -54 4 21 -6 5 3 -13 17 -2 2 -25 -1 -102 -33 -10 -20 -4 3 0 0 5 14 5 -7 -27 -29 -11 -2 -4 -16 -12 1 
-1 4 2 -2 -2 1 -2 4 2 -8 -3 -1 -2 1 -6 -101 -3 -34 7 -6 8 -8 4 6 -132 -2 -3 11 1 12 0 0 -106 -10 -103 1 -1 0 -12 10 2 -1 2 -4 -85 -2 0 -8 -15 0 8 -1 3 54 3 -81 12 -1 5 10 -5 -119 0 -4 1 -14 -56 -7 -13 4 -9 7 -39 1 -11 -18 -7 13 16 11 7 2 -4 0 -5 -9 173 -51 0 2 -2 -21 4 5 0 -6 34 -120 1 5 -1 10 10 13 0 2 -1 13 8 -20 13 130 0 -7 -31 -23 -13 21 22 -6 -27 -9 11 -30 10 
2 -6 -2 0 -1 6 2 3 -4 0 0 3 -2 -1 -1 0 2 -2 -2 69 -10 2 4 -20 1 -1 0 3 -19 3 2 0 -84 84 -9 -4 4 16 -23 5 -4 -3 -10 -89 -69 -2 -2 4 9 7 -65 5 -3 68 5 -1 20 4 1 0 2 -1 -5 -14 2 -2 3 -1 -1 23 -9 5 -4 -8 1 -9 5 10 3 8 99 1 5 -46 -1 2 191 -2 163 -11 2 3 2 1 -9 -1 -20 5 1 -1 -3 1 2 10 -4 7 2 -9 0 -1 0 0 3 -3 8 1 -16 -6 7 6 -33 3 -9 -13 -15 
1 -2 1 2 112 -4 4 -2 -1 1 2 2 -1 -1 3 6 0 -2 0 3 0 -3 3 5 0 -2 -1 0 6 4 37 7 2 -1 1 6 0 1 -9 -1 99 0 8 -15 0 16 0 -1 -16 72 -18 -101 -30 -28 7 2 -24 -3 0 -2 -134 5 6 4 2 -4 1 -8 -92 -1 -69 -32 1 -1 4 6 -3 -7 -10 -9 2 -10 31 9 -1 5 13 10 4 8 142 8 25 14 3 -5 43 -22 -2 -4 -2 7 -74 8 19 -11 2 26 5 0 0 0 37 4 -2 -7 12 -32 -19 14 -5 -8 -34 3 99 
8 0 -3 -3 -7 0 2 -1 -1 -1 91 -157 0 -1 4 -3 -6 -3 1 5 3 3 -111 -5 -43 0 13 -11 -4 51 7 -2 11 11 23 0 7 3 12 -106 2 -5 1 3 13 -8 -15 -4 0 3 -18 1 -36 -28 6 -3 -3 2 3 6 -1 -5 2 5 -2 -108 6 9 -3 -1 99 0 -2 1 -1 1 3 0 1 6 22 -1 -20 60 -14 58 10 0 -24 -15 -13 -15 7 -2 7 -1 -17 -7 0 -7 3 -15 -1 15 -10 0 9 150 -2 159 0 0 4 7 5 -27 -23 -24 18 -26 1 98 118 3 -14 
-2 14 -1 4 -2 23 1 -3 0 -2 0 71 1 -3 1 2 4 -1 2 4 3 5 1 1 1 -2 -2 59 -8 7 5 15 -11 -7 -1 0 -17 -82 0 -18 -1 0 -25 4 -2 -3 -106 -2 -3 -3 2 -2 0 -3 -11 -8 -11 0 12 -2 -3 -12 109 -6 -3 1 -4 2 3 8 84 1 48 -1 58 7 0 -1 9 -25 9 -3 18 2 10 1 -32 1 -9 10 8 26 -18 31 16 -13 7 25 2 14 6 47 0 4 0 2 11 -1 5 -1 3 -1 5 -8 2 9 10 25 -2 44 -1 -14 -14 -33 7 
-2 5 -1 -1 4 -105 -43 0 -1 125 0 -58 2 -5 -10 -1 0 1 -2 -3 -7 0 5 2 -3 11 -46 -1 24 -115 -26 8 -1 -2 1 24 86 -20 6 6 -26 1 9 16 32 122 -4 -1 -9 0 -2 4 0 9 -3 -9 0 -3 -7 10 1 3 -6 11 13 -10 -2 2 -1 -14 5 -7 -4 -3 -1 -1 0 102 -5 -1 -104 5 -9 -59 -17 4 -11 10 -19 -9 -34 1 -182 3 -44 4 -18 -2 18 -45 -56 -4 14 -4 3 5 -21 2 77 -2 -8 0 12 0 36 2 6 7 3 -40 82 -5 1 0 -4 
2 4 -1 3 19 4 2 -1 85 -126 0 6 3 0 -1 6 0 3 0 0 4 -1 -1 -2 -71 75 49 53 3 0 -9 -40 3 -4 -1 -3 0 9 7 -2 -3 4 21 -12 16 -5 -100 -83 94 1 -70 73 0 -67 8 -6 -105 -6 0 -8 5 72 10 -14 -17 9 -2 -5 14 -2 7 0 -2 80 -4 68 1 3 6 11 -6 -1 2 0 17 19 16 -5 1 -3 6 -49 -17 24 -14 8 -11 14 -36 -7 -4 3 -11 16 -1 -7 1 6 -125 0 0 0 -10 -1 -9 -35 43 -4 0 -5 2 50 1 1 1 
2 1 1 20 -7 -12 -12 -2 0 0 -2 -2 73 0 2 0 -3 2 -1 1 -1 58 1 4 2 11 -2 2 -10 -21 26 32 8 -81 25 -1 0 9 0 -120 21 -13 -3 -4 0 7 7 2 3 2 1 1 1 75 3 48 3 -3 1 63 12 -7 1 2 -5 -10 31 -3 -2 2 5 -137 0 -1 -2 1 -2 6 131 0 1 -103 -4 13 2 124 33 -11 10 11 11 7 10 -6 -185 10 27 57 0 8 12 13 -12 3 -2 9 6 4 0 -2 -160 1 9 2 -1 -1 -11 -10 6 1 2 1 2 0 5 
42 1 2 -8 -9 13 5 9 65 -10 0 6 1 -1 -1 -1 -4 -1 3 -82 0 -2 0 97 -30 38 -6 -3 -11 -9 -8 -15 8 36 -1 4 -4 -4 -6 5 0 4 3 1 3 5 -1 3 -1 3 2 -1 17 6 1 -1 0 2 -65 -8 3 5 4 1 14 3 1 0 14 5 -3 0 77 -7 0 0 0 7 -3 -9 2 4 1 5 -9 -6 7 5 9 -2 0 -8 1 -6 -14 -25 7 0 -3 -4 -8 14 -41 1 5 95 -1 2 46 91 2 0 -3 -5 4 1 1 3 2 4 140 2 72 -14 3 
4 93 -85 8 -15 -157 1 9 2 -1 -1 5 -2 15 -4 1 2 2 5 2 -3 0 4 29 0 0 -13 11 0 1 -3 48 1 -96 4 0 -2 1 -2 -6 -32 84 0 2 -8 -3 1 -5 -50 4 0 -1 1 1 3 4 5 9 -4 0 3 3 0 -7 12 5 8 -5 2 10 3 3 -3 63 1 0 2 3 -9 107 4 5 5 1 3 5 2 144 1 7 -15 2 -1 -10 5 19 -20 -10 121 -2 -1 -1 -20 -4 -2 19 -192 -2 3 -2 0 0 -11 1 1 -5 -5 1 0 6 5 129 -4 -1 123 
-1 2 -11 5 -11 10 30 15 7 0 -6 1 5 -1 -1 54 38 1 4 -1 -53 0 114 -1 6 15 7 -19 -1 6 -1 1 -5 -23 0 5 4 0 -47 -6 2 -15 -8 0 5 7 2 2 -2 0 -2 122 11 -2 0 6 1 2 7 -7 -9 6 0 -37 -13 90 0 33 -8 -169 2 2 5 106 -1 3 -1 5 0 -2 5 -9 150 -12 2 -8 13 12 -11 2 1 -8 -2 10 54 1 3 -1 5 5 5 2 4 1 -11 -15 0 0 -10 4 0 1 -12 5 -102 2 2 2 6 16 10 7 -2 0 1 
-4 -3 34 -42 9 -1 0 -5 -4 -3 3 -3 -1 4 2 2 -1 1 -1 4 -1 0 0 0 -3 -18 6 -5 -4 2 1 -4 -1 6 7 -4 -4 0 1 -6 1 -2 -121 0 -5 -7 -63 1 4 -2 -1 -27 -1 2 0 -4 8 17 -7 -116 8 3 -7 -10 -3 2 8 0 2 -1 -3 -6 -4 0 -5 -3 2 -4 3 -1 5 -13 -2 -13 -23 8 -3 -2 11 2 2 2 -1 -2 5 -1 -1 5 -12 8 7 4 1 4 4 -9 0 0 -180 0 0 6 0 1 0 10 4 42 -19 -3 9 -22 24 22 -42 
3 -2 11 -42 30 -6 2 -6 14 -5 -2 -1 1 19 -1 -2 -146 -3 5 -1 -4 3 2 95 -1 0 2 -1 -4 -2 -5 2 -37 33 -5 0 2 -2 92 -2 2 -3 -4 -3 128 4 0 0 -1 -1 1 1 2 3 1 3 -13 -10 15 4 4 83 0 7 15 -5 -12 -8 0 -1 -13 -19 3 21 -1 -41 0 -4 -2 25 -18 142 1 30 -67 5 9 -14 -7 7 -2 60 -5 3 -1 -8 -1 5 -4 -2 -4 -4 -8 89 -8 -15 10 7 4 -230 0 5 -43 4 0 -62 1 -8 -14 -20 -188 1 -10 -18 -34 
-2 -3 6 24 40 25 8 4 -8 -6 -1 -13 17 -2 -1 -4 2 -6 71 -1 -2 1 0 1 -5 5 2 1 -1 1 6 3 -6 -9 -1 3 -7 0 10 4 -2 5 -9 7 -1 -2 2 1 1 -2 -5 -1 -2 -7 7 -6 -3 -17 -11 -3 -9 6 6 5 -11 21 5 14 -6 -2 10 17 -30 -2 -14 25 -3 39 -184 11 0 0 3 -3 37 29 1 4 -35 -7 -27 149 -16 34 1 -9 -105 5 13 -9 4 2 57 -1 -3 -4 -1 -207 -5 0 0 144 15 -7 -3 16 -17 15 -6 2 4 0 -8 -19 8 
-1 0 -1 -16 -6 -2 0 -3 1 0 9 9 11 -3 1 0 -2 2 5 -7 2 5 0 -3 66 -1 3 103 1 -2 -27 3 0 -51 4 127 1 1 -7 0 4 -4 -28 2 23 1 1 2 4 -3 3 5 0 58 -3 0 0 3 -33 -3 -4 48 4 4 -59 -10 4 3 0 2 -205 -3 -6 12 -6 14 -46 3 11 -13 1 3 -12 3 -2 3 -3 19 0 -1 -25 7 3 47 -4 -19 -142 209 -24 -8 15 127 1 -53 0 65 19 16 13 16 11 -1 -9 -1 -1 4 -4 -23 29 -26 -35 -36 -174 9 0 
2 -4 -1 0 0 4 -5 -10 -15 -24 4 18 -10 -4 -2 -5 2 7 0 -4 4 -2 -2 -3 1 -39 -2 0 4 2 -3 -3 -2 -7 3 4 1 0 4 -2 0 7 13 0 -2 1 -5 1 -2 -1 -1 -2 -3 0 0 -4 0 0 -2 5 3 0 -1 -9 -7 -2 -7 0 -5 -16 1 2 3 -18 -1 -5 4 -14 -12 31 -12 14 -15 4 -27 -8 -17 -9 0 -10 16 11 5 5 137 4 -16 -20 3 6 4 2 -4 0 55 -5 0 -4 -62 -25 -30 -38 -6 -2 1 -4 15 -134 -34 3 -1 -24 -1 -11 2 
6 122 74 4 29 -19 -1 7 -4 -1 -2 3 10 3 13 9 0 1 -1 -124 -3 -3 1 -6 31 2 3 1 -1 95 0 2 3 10 -13 0 3 2 2 6 2 -6 18 -9 -1 3 2 -90 2 15 52 1 1 -4 -1 -6 3 -1 -1 1 98 2 1 2 -1 -2 0 2 -2 7 -3 -18 -1 -118 125 15 13 5 75 -8 -1 5 21 2 9 -11 14 11 -24 1 4 -9 -15 2 4 -10 1 21 -14 164 6 -18 -13 13 1 2 59 6 0 -1 2 2 -1 -33 4 -11 -13 -33 12 -1 -19 6 4 -2 6 
-40 4 -1 -2 75 -35 -37 10 16 3 -4 -138 -38 91 -14 -7 137 27 1 8 7 2 3 -2 19 1 2 0 2 1 0 -1 11 -3 -14 9 -1 0 -3 5 1 -3 -1 -2 0 3 0 2 -3 -3 0 -124 0 2 2 -4 1 0 106 0 0 2 -3 0 -81 -1 -86 -3 5 36 -5 2 4 33 43 -2 -16 2 4 -10 5 -24 -6 -2 -13 6 -8 2 -47 7 14 -15 0 7 -15 -5 -7 0 -3 9 -16 7 6 3 -1 -1 -4 0 8 27 9 -13 31 5 -1 3 -6 -4 -12 24 4 0 -1 9 0 
-2 -4 4 -1 3 -2 2 5 -88 -140 0 -6 -2 8 -12 -35 -15 -13 10 14 -1 -28 -16 -46 22 23 10 -1 6 -1 -1 6 -5 6 -11 -4 -3 -1 0 5 -53 1 53 2 4 -3 2 5 2 1 2 4 0 1 0 -4 -2 -2 -2 3 -35 2 0 -24 3 -2 6 0 -1 -3 -2 0 -5 51 4 7 5 0 -53 -11 -1 28 14 14 -6 -22 14 -6 7 -11 2 15 -1 -10 0 0 -2 15 9 3 -7 -4 5 -5 -4 10 -4 3 39 5 -5 -1 -6 0 -6 45 -2 11 -5 -20 -30 -53 -17 -9 1 
4 0 -16 -6 -1 -1 2 1 -2 -3 -5 -4 1 14 0 2 -3 -8 -8 -13 83 -7 10 13 32 14 1 0 -5 23 4 81 7 -9 7 -10 2 -2 1 22 -5 -3 -6 2 -1 -5 -1 2 50 -76 90 -86 -1 -1 -2 -1 55 -1 -1 57 -1 122 -4 0 -1 -2 2 0 -3 -5 -2 3 12 -27 34 -9 -17 -81 3 3 -3 12 -4 -22 4 6 2 0 -4 -13 9 7 18 -19 -2 8 7 92 19 -23 11 2 7 -9 -34 2 9 14 -11 4 2 7 -5 1 5 -29 125 -5 -4 17 16 17 -17 4 4 
7 2 6 -1 -1 4 3 -9 3 -2 -2 1 -48 -10 -2 -2 0 1 0 -2 6 2 -2 -9 -11 -12 7 5 5 -70 -8 5 12 -4 3 1 -5 -1 4 7 -80 -2 85 1 2 0 27 0 -2 0 7 -81 0 136 2 0 3 3 -181 -18 -1 122 2 -3 -8 0 -4 1 -4 -3 1 5 -19 6 -15 -18 109 -70 0 -1 16 2 3 3 45 4 -15 2 -12 4 18 1 -13 2 -6 -7 -14 3 19 17 -23 -10 -5 0 -4 7 -27 -7 -2 12 2 -3 1 -1 -3 -6 14 -9 -13 -40 -37 -14 1 -38 -38 
5 1 -1 3 1 -3 -1 -3 0 -29 0 55 0 15 -49 -1 3 -5 1 -1 -73 2 107 -5 -3 3 1 3 18 9 -9 -3 9 -31 11 0 36 1 77 -10 3 18 -7 0 30 6 0 0 -2 -1 -80 4 -3 -4 -94 3 2 4 3 0 2 -1 -3 73 0 0 3 108 0 3 5 4 11 -91 1 23 12 -15 -4 15 3 -20 -1 -13 -9 -126 94 -4 8 -172 -3 -11 2 74 22 11 5 12 -4 44 -5 8 70 -1 4 10 2 4 3 -6 -1 2 0 36 -14 -75 -10 -23 -35 -9 2 -8 -20 -33 -39 
0 0 -2 -4 3 -1 1 4 -1 26 -1 2 3 5 74 2 -1 5 1 11 -2 5 -1 -1 5 -2 -8 -15 -3 -1 -2 -5 3 36 3 85 -12 2 4 4 17 -9 9 1 -2 0 33 3 2 -1 0 -7 -1 2 0 1 4 8 3 2 -1 1 -9 32 -2 -2 -1 -1 118 -11 176 -126 6 2 -42 -11 -10 -22 -5 51 -13 20 18 4 -14 -3 -1 0 3 -1 1 2 9 0 0 7 -5 -106 -8 2 6 -19 100 5 -5 -7 7 1 1 28 -3 1 -33 -1 4 3 -88 6 -7 2 21 19 15 17 0 
0 30 0 -84 5 -99 0 -2 -15 10 -2 0 3 1 0 -5 -5 1 1 2 -1 -6 -11 -17 -21 1 -5 -3 -5 94 4 -3 -3 -128 6 2 -4 2 5 -12 -2 -2 -2 -5 -3 -6 0 0 -2 3 -2 5 3 4 2 1 70 2 -120 -2 -4 1 -5 2 1 0 4 4 -3 104 2 10 19 18 -7 -27 -10 13 2 -66 17 101 -1 -20 -34 170 1 3 -13 11 -8 4 -5 -8 -8 1 0 -16 2 5 19 -2 -2 0 1 -13 -6 0 2 3 -2 -5 -1 -1 -6 2 2 2 2 1 -120 9 12 16 -1 
-2 -2 6 2 2 -63 -2 0 1 -4 1 -2 1 -4 -1 -2 -2 1 -136 7 0 2 2 -7 -2 5 2 5 66 -14 -15 -10 3 1 5 -8 -85 -19 -10 -2 0 1 0 0 -2 -6 24 0 -2 3 -1 2 3 1 17 -1 5 -5 -3 -2 -1 -9 30 2 -1 -1 -3 2 -4 -2 1 -3 7 -8 3 2 -88 -1 -1 -26 11 16 -7 31 8 4 -4 3 1 -22 -11 10 -7 -5 3 38 14 4 0 -16 2 15 -104 3 -147 -7 -134 -1 2 0 -7 -1 1 5 -1 3 -4 5 2 1 -1 -1 -9 0 -8 
6 0 -7 -4 -1 -4 1 -4 -61 -6 0 3 93 2 -4 -1 -4 0 7 114 6 -3 -3 2 1 9 -2 -1 -1 4 -1 -3 -11 0 3 0 -5 -5 2 2 -1 1 3 -28 -9 6 -1 14 3 -1 1 1 22 5 46 -1 -4 -4 1 -2 122 3 -4 -5 0 89 0 -3 0 -57 -2 14 -4 9 1 -1 76 -3 0 -6 3 1 1 -13 -10 -6 -13 -1 1 8 11 18 3 18 -1 3 -16 3 -9 -8 7 -7 10 -2 -2 -14 12 -8 1 -2 -36 -1 -2 3 1 7 3 1 1 2 1 2 -7 132 7 
7 0 -38 6 7 -1 -1 6 10 2 -1 3 3 -84 -104 -76 1 4 1 -7 1 -6 -2 0 1 -7 4 -1 13 -122 0 -1 0 -1 -4 -4 -2 -3 1 -4 3 -4 5 -4 2 0 95 1 -2 82 -2 -5 5 -6 1 -2 0 -2 0 1 -1 -7 3 1 2 2 157 4 21 3 -15 3 -7 -5 0 0 -3 136 -11 16 -1 -1 -2 -91 1 0 7 -1 -43 1 6 6 -15 -50 -13 42 3 22 8 5 102 10 15 0 2 3 -6 226 4 0 -2 -4 -1 -3 -1 -2 -34 -8 0 -1 1 3 157 2 -5 
-13 2 102 1 5 45 116 23 4 1 0 -3 -1 -5 3 16 1 5 -7 -1 -3 -3 4 6 6 2 -2 2 -4 7 1 6 0 2 0 69 0 0 -39 2 -94 2 15 3 -1 89 4 4 -2 -5 -3 -7 1 -1 0 -86 -2 5 3 0 -16 0 -11 104 4 2 7 3 -10 -1 -3 114 48 -22 62 10 18 -26 -83 21 -1 1 4 -2 7 53 -36 75 -1 6 -2 -4 11 5 0 54 11 9 -170 -4 -24 -75 -9 5 0 3 -3 12 -9 14 3 0 1 -9 -8 -5 3 -2 2 3 -4 -5 -10 -1 -59 
-68 -2 -2 -3 0 -20 -17 -19 37 2 3 20 -17 34 46 -29 49 -12 -22 4 -2 14 3 -2 -8 1 3 7 105 -35 -9 14 15 -12 5 -1 3 34 3 -6 -2 -1 -3 -2 3 7 -2 4 -1 6 0 -106 40 -5 8 -1 -4 -3 72 0 2 -2 -3 1 -51 0 -9 0 1 -2 3 3 2 4 5 4 -1 1 -4 -3 -10 -6 -3 -4 -2 -51 -1 20 -66 62 36 44 -5 11 -2 0 -7 -26 -14 -11 8 4 -4 -6 -93 5 -4 0 -3 -64 -1 -1 2 -10 -1 1 0 -6 1 0 -178 -6 -3 -2 81 
5 1 3 -1 -1 1 -2 -2 82 -6 2 -7 -41 -49 4 -21 -4 -15 -93 0 35 -7 28 -1 -91 4 -7 -21 -8 -1 3 18 -29 -21 -16 -34 115 1 8 -2 3 0 3 120 5 1 3 0 -4 4 -16 1 -2 3 -3 -2 8 -141 1 4 -3 -4 -5 -6 -7 -24 0 -2 -2 71 -3 0 2 4 -2 -3 0 0 3 146 -3 5 -3 1 0 -5 -57 -81 35 -36 -38 -79 -1 3 8 3 1 3 -4 -3 1 -2 -1 -111 56 7 6 2 3 3 3 -1 -52 -3 -1 53 61 0 0 5 -2 6 -1 3 -68 
-76 -2 -6 -19 7 -1 2 10 1 20 7 0 1 -57 1 12 35 3 -26 -40 -12 28 -16 7 14 1 -13 4 48 0 6 -6 5 15 16 5 -4 71 -3 1 6 0 1 0 -2 -2 -5 -1 -146 4 3 2 -1 -8 84 -1 0 -1 6 0 1 96 -2 44 1 -82 2 0 0 1 -62 1 2 -4 5 0 0 7 3 134 2 1 0 -2 46 -3 2 -4 139 11 -5 55 0 2 -5 -3 1 5 6 -2 -4 2 28 0 5 55 5 4 5 6 1 3 6 -3 3 -1 -6 -4 2 -2 3 9 2 -150 3 
