1 0 0 0 0 -1 -1 0 0 0 -1 0 0 0 -1 0 0 0 0 0 -1 -1 0 1 1 0 -1 0 0 0 0 -1 0 1 1 0 -1 2 0 0 -1 0 0 1 0 0 1 0 0 1 0 0 0 
-1 1 -1 0 0 -1 0 0 0 0 1 0 0 0 0 0 0 0 0 0 0 -1 0 -1 0 1 -1 -1 0 0 0 0 0 0 0 1 1 0 0 0 0 1 1 0 -1 0 -2 0 1 0 0 0 0 
0 0 0 0 1 0 0 -1 0 1 0 0 1 -1 1 0 0 0 0 0 0 -1 0 -1 1 0 -1 1 0 0 0 -1 0 0 0 0 0 -1 1 1 1 1 0 0 1 1 0 0 0 0 -1 0 0 
0 0 0 1 1 0 0 0 0 0 -1 0 0 0 0 0 0 0 0 0 -1 -1 1 1 -1 0 0 0 0 0 0 0 0 0 -1 0 0 0 0 1 0 -1 0 0 0 -1 0 -1 1 0 0 0 0 
-1 5 1 0 0 0 0 0 1 0 1 1 0 1 -1 0 0 0 0 0 0 -1 1 -1 1 0 0 0 0 0 0 1 0 0 -1 0 0 1 0 1 -1 0 0 -1 -1 1 0 0 0 0 1 0 0 
10 0 6 -1 -1 0 0 0 -1 1 0 0 0 0 -1 0 0 -1 0 0 0 0 0 0 1 0 -1 0 0 0 0 0 0 2 0 0 0 0 2 -1 2 0 0 -1 1 0 0 0 1 0 0 0 0 
3 -4 -26 5 1 1 0 0 0 1 0 0 -1 -1 0 0 0 0 1 0 0 0 -1 0 1 0 1 0 0 0 0 0 0 1 1 0 1 0 1 0 0 0 -1 0 1 -1 0 0 0 0 0 0 0 
-18 18 8 7 -12 -16 0 0 0 -1 -1 0 -1 -1 1 0 0 0 -1 0 0 0 0 2 -1 0 0 -1 -1 0 0 0 0 0 -1 0 -1 0 1 -1 1 -1 0 0 0 -1 0 0 0 0 0 0 1 
10 3 1 1 9 2 -1 -1 0 -1 0 0 0 -1 0 0 0 -1 -1 0 0 0 -1 0 1 1 0 0 0 0 0 0 0 2 1 -1 0 0 0 0 1 -1 0 0 1 -1 1 1 0 -1 1 0 0 
3 1 0 1 0 -1 -1 -1 0 -1 0 -1 0 -1 1 1 -1 0 -1 -1 1 0 0 0 0 0 1 -1 0 0 0 0 0 0 0 0 0 0 0 -1 1 0 1 0 -1 0 0 0 0 1 0 -1 0 
3 1 -4 -1 -4 0 1 0 0 0 1 0 1 0 1 0 -1 0 2 0 0 0 0 0 0 0 0 -1 -1 -1 0 0 0 0 0 0 -1 0 1 -1 -1 -1 0 0 -1 0 0 1 1 1 -1 1 1 
-10 4 4 6 1 -1 1 -1 0 1 0 0 -1 0 -1 1 0 0 0 1 0 1 0 0 0 0 0 1 -1 0 0 0 0 0 0 0 1 0 0 0 0 -1 0 0 1 0 -1 0 1 1 0 2 1 
3 -1 1 1 0 -1 0 0 0 0 0 0 0 -1 1 -1 1 1 0 0 0 0 0 0 0 0 0 -1 1 -1 0 0 0 0 0 0 0 0 -1 0 1 0 -1 0 0 0 -1 2 0 -1 0 0 1 
-9 0 -1 2 0 0 1 0 0 0 0 0 -1 0 1 -1 0 -1 0 1 0 -1 0 0 0 0 0 0 -1 -1 0 0 0 0 0 0 1 0 0 0 -1 0 0 0 0 1 2 -1 -1 0 -1 1 -1 
0 0 0 -1 1 1 1 -2 0 -2 -1 1 0 1 1 0 1 0 0 0 0 0 0 -1 -1 0 1 0 0 0 0 0 0 0 0 0 0 0 1 -1 0 0 0 1 -1 1 1 1 0 1 -2 -1 1 
0 -2 1 0 4 4 2 4 -7 -1 0 -1 0 0 1 0 1 -1 0 0 0 0 1 0 1 -1 -1 0 0 -1 1 1 -1 0 0 0 0 0 0 -1 0 1 0 0 0 0 1 -1 0 -1 1 -1 0 
-2 0 -2 2 5 -5 7 12 1 2 0 1 0 -1 0 0 1 1 -1 1 1 2 0 -1 -1 1 0 0 0 0 -1 -2 -1 1 0 0 0 -1 0 0 -1 0 0 0 0 1 0 1 -1 0 0 1 -1 
-2 2 1 -2 2 12 6 6 1 1 0 0 1 1 1 -1 0 1 0 0 2 0 1 -1 0 -2 0 0 0 0 0 0 0 -1 0 1 0 1 0 0 0 0 0 0 1 0 1 1 0 0 0 -1 1 
-1 0 1 -4 -2 -1 12 -4 -3 -2 -3 -6 4 2 -4 -1 0 0 0 1 0 2 -1 2 0 -1 0 0 0 0 0 0 0 -1 0 -1 0 -1 0 0 0 0 0 0 1 0 0 0 0 0 0 1 0 
-1 -1 -1 -3 0 4 3 -12 6 -7 29 -14 -2 -1 0 0 0 0 1 -1 1 -1 0 0 1 1 0 0 -1 0 0 -1 0 0 -1 0 0 -1 0 0 0 0 0 0 0 0 -1 -1 0 0 0 -1 0 
0 2 -1 -3 0 0 2 3 3 5 38 3 -1 0 0 1 11 10 0 0 0 3 7 8 -4 -10 9 1 0 0 0 0 0 0 1 0 1 -1 0 0 0 0 0 0 0 0 1 -1 1 0 0 0 0 
0 42 4 0 0 1 0 0 -3 1 0 0 7 6 -3 -1 10 -13 -9 2 2 -13 8 -3 -34 -3 -9 1 1 -1 0 0 0 0 0 -1 -1 0 0 0 0 0 0 0 0 0 0 0 -1 0 0 0 0 
14 48 93 60 4 0 1 0 -1 2 1 -7 -3 22 1 3 5 5 1 -11 -24 -9 6 -5 6 -6 1 0 1 -1 0 0 0 1 0 0 1 0 -1 0 -1 0 1 1 0 0 0 0 0 0 0 0 0 
-30 33 -7 -75 17 -2 0 0 1 1 0 -1 -2 -16 -13 -2 -19 2 1 5 -1 11 -1 -13 -1 1 -1 0 -1 1 0 0 0 0 0 0 0 1 0 -1 0 1 1 0 0 0 0 0 0 0 0 0 0 
19 1 -1 7 -3 6 6 12 29 10 56 11 52 -1 -3 8 1 7 -25 -4 12 17 1 5 3 1 0 1 1 0 1 1 -1 -1 1 -1 0 0 0 -1 1 0 0 0 0 0 0 1 0 0 0 0 0 
-6 -10 -3 -10 6 1 -4 -99 -44 -12 -73 -13 -30 -30 0 -10 -3 -6 -3 2 1 0 0 0 0 1 1 1 -1 0 0 0 1 0 1 -1 -1 -1 0 0 0 0 0 1 -2 2 1 0 -1 1 2 1 0 
-4 -5 22 31 -2 5 -2 5 25 14 11 11 5 5 10 23 22 4 5 7 6 5 9 4 -1 1 0 0 0 0 0 0 1 0 0 1 -1 1 0 0 0 0 0 -1 0 0 2 0 0 0 1 5 9 
-4 -13 -12 0 -1 -2 6 -13 3 -16 0 5 -1 1 -10 1 -8 -6 70 34 8 0 2 -13 -17 -20 -2 2 12 0 4 -18 18 30 1 -1 -1 0 1 1 0 1 0 0 0 -1 0 1 5 7 43 -56 -19 
30 -8 -16 42 -2 2 -33 4 0 0 0 -12 -5 -11 -5 4 -7 1 -6 -6 -50 -64 39 4 1 0 0 -16 -10 -11 5 -3 -17 -6 15 -3 -2 1 0 -1 1 0 1 0 0 2 2 -2 4 -5 -26 29 -6 
7 2 -7 1 1 1 50 -1 -12 8 -2 -8 -15 6 4 2 8 -6 -6 -3 -9 -1 -19 35 3 0 0 7 7 23 13 25 -5 -22 22 50 -4 -1 0 -1 2 -3 1 0 -1 1 22 10 30 19 7 6 -25 
4 43 -21 -22 -1 3 -6 -3 36 -15 40 -31 -2 -8 18 9 -9 9 -8 2 4 -2 -7 -14 30 52 2 1 26 19 -4 -53 27 37 52 24 -70 -31 -17 63 5 -1 0 0 -8 -25 -22 -9 -7 -9 26 -10 -8 
3 0 41 -26 -4 -4 19 33 -24 -3 -1 -11 7 0 9 3 -4 -16 4 -3 -4 13 0 -11 -2 12 41 39 0 21 -24 -12 -12 1 -27 -3 22 15 -10 8 -5 2 0 2 -4 -10 -25 -1 -4 -15 -26 19 -19 
17 1 15 15 -2 11 13 -11 0 9 -6 -9 -7 -8 -18 -3 16 14 0 13 -1 -21 -8 -2 