0 0 0 0 1 -2 -2 -1 -2 -1 0 1 0 0 0 0 0 0 0 1 -2 0 0 0 0 0 -1 0 0 0 -1 -1 0 0 0 0 0 1 1 0 0 0 0 1 0 0 0 0 0 0 0 0 
1 1 -2 0 0 0 -1 0 0 -1 2 1 -1 1 0 0 0 0 1 -1 0 -2 0 -1 -1 1 -1 -1 0 -1 0 1 0 2 2 0 1 0 0 1 1 0 2 0 -1 0 -1 0 1 0 0 0 
0 -1 0 1 0 0 0 -1 -1 -1 0 0 0 -2 1 0 0 0 -1 0 0 -1 1 0 0 0 0 0 0 0 0 0 0 0 0 -1 1 -1 0 1 0 0 1 -1 1 0 0 0 0 0 0 0 
1 -1 -1 1 0 0 0 0 0 0 0 -2 0 0 1 0 0 0 0 0 -1 -1 1 1 0 0 1 0 0 0 0 1 0 0 1 1 0 0 0 0 0 0 0 -1 0 -1 0 -1 0 0 0 0 
1 0 0 0 0 0 0 0 -1 -1 1 0 -1 1 -2 1 0 -1 0 0 1 -1 0 -1 1 0 1 0 0 0 0 1 0 0 1 1 0 0 0 1 -1 0 1 -1 -1 -1 0 0 0 0 1 0 
4 -2 1 -1 0 0 0 0 -1 0 0 0 2 0 -1 1 -1 -1 0 -1 0 0 0 0 0 0 0 0 0 0 0 0 0 2 1 0 2 0 1 -1 0 1 0 -2 0 0 1 0 1 0 0 0 
-5 -15 -7 5 0 1 0 0 0 0 -2 0 -2 -1 -2 0 0 0 0 0 0 0 0 0 1 0 1 0 0 -1 0 1 0 0 1 1 2 0 0 0 0 1 1 0 0 -2 0 -1 0 0 -1 0 
-13 7 -10 9 -2 -9 0 0 -1 -1 -3 0 -1 -1 0 -1 0 0 0 0 0 -1 -1 1 -1 1 0 -1 -1 0 0 0 -1 -1 -1 0 0 0 0 0 0 0 0 -1 0 -1 0 0 0 0 -1 -1 
9 1 -3 0 10 1 -1 0 1 -1 0 0 0 -1 1 0 -1 -1 0 0 0 0 -1 0 -1 1 1 0 0 0 0 0 -1 1 1 0 0 0 0 0 0 -1 1 -1 0 0 0 1 0 1 1 0 
3 -1 0 3 4 1 -2 -1 1 0 0 0 -1 1 2 2 1 0 1 -1 0 0 0 0 1 0 1 0 0 0 0 0 0 0 0 0 0 -1 0 -1 1 0 1 -1 0 1 0 -1 0 0 0 -2 
3 2 2 -14 0 0 0 0 0 0 1 -1 1 -1 -1 1 1 -1 1 0 0 0 0 0 0 0 0 0 -1 0 0 0 0 0 0 1 0 -1 0 1 -1 0 -1 0 0 1 0 1 1 0 -1 0 
-2 0 6 -5 1 0 0 0 0 0 -1 -2 0 -2 -1 0 -1 -1 2 2 0 0 -1 0 0 0 0 1 -1 -1 0 0 0 0 0 -1 0 0 0 1 -1 -1 -1 1 2 0 0 -1 1 2 1 0 
0 -8 4 0 0 0 -2 0 1 0 -1 -1 -1 -1 0 0 0 1 1 -1 1 0 -1 0 0 0 0 0 1 -1 0 0 0 0 0 0 0 0 -1 0 1 0 -1 1 1 0 1 2 1 0 0 1 
-6 -3 -1 1 0 0 -1 0 0 0 0 -1 -2 -1 0 0 0 -1 -1 0 0 0 1 0 0 0 0 0 0 -1 1 0 0 0 0 0 1 0 0 0 -1 -1 -1 0 2 1 2 1 1 -2 -1 0 
1 -5 1 -2 0 1 0 0 1 0 0 0 0 0 2 0 0 -1 2 0 1 0 1 0 0 1 1 0 0 0 -1 0 0 0 0 0 0 0 0 0 0 0 -1 2 0 1 1 1 -1 1 -1 0 
2 -2 1 2 4 3 0 -1 -2 0 0 -1 0 -1 0 0 -1 -1 0 -1 0 1 1 0 1 -1 0 0 0 0 2 1 0 0 0 0 0 0 0 0 -1 0 -1 0 1 0 2 0 -1 -1 1 0 
-1 -1 -3 1 8 0 2 18 2 1 0 0 0 -1 0 1 0 1 0 1 2 1 0 0 0 1 0 0 0 0 0 -1 0 0 0 0 0 0 0 0 0 0 0 0 0 1 0 2 -1 0 0 1 
3 1 2 -2 0 -3 0 3 0 0 0 0 -1 0 0 -2 0 2 -1 1 2 1 1 0 1 0 0 0 0 0 1 0 0 -1 0 -1 0 0 0 0 0 -1 0 0 1 0 2 0 -1 -1 0 0 
-2 1 2 -1 -4 -2 -11 5 2 18 -4 -2 2 4 1 -1 0 0 -2 1 0 2 0 1 0 -1 0 0 0 0 0 0 -1 -2 0 -1 -1 -2 0 0 0 -1 -1 0 2 0 0 -1 -1 0 0 1 
-1 -1 0 4 4 8 7 -14 3 -2 30 -6 -2 -2 -1 -1 0 0 1 0 0 0 2 1 1 2 -1 0 0 0 0 -1 0 -1 -1 1 -1 -1 0 0 0 0 1 0 0 0 0 0 -1 0 1 -2 
0 0 0 -1 -1 -2 5 3 3 4 21 2 0 -1 0 0 0 0 0 1 1 1 1 -2 0 1 0 1 0 1 0 0 0 -1 1 -2 -1 0 0 0 -1 0 0 0 0 0 1 -2 0 0 -1 -1 
1 0 3 -1 1 0 -1 1 -7 1 0 -2 1 0 0 -8 8 5 -3 1 2 -7 10 -6 -10 -2 -3 1 0 -1 0 0 0 0 0 -1 0 0 0 -1 0 1 0 0 0 0 0 0 -1 -1 0 0 
23 3 27 2 0 0 0 0 0 0 5 5 -9 16 0 1 -1 0 -3 -2 -14 -6 -2 -14 1 0 0 0 0 -2 0 -1 0 0 0 0 0 0 -2 -1 0 1 1 1 0 0 0 0 0 0 0 0 
4 14 33 -16 -2 -1 -1 1 -1 1 9 1 -1 9 -8 7 4 10 2 -11 -6 3 9 -8 -5 2 0 1 1 -1 0 -1 0 0 0 -1 0 2 0 0 -1 0 0 0 0 0 0 0 0 0 0 0 
32 -4 -5 16 64 19 -8 -1 -1 0 29 -2 1 -8 -4 6 2 9 -7 -11 0 13 1 1 0 1 -1 1 1 0 0 -1 -1 0 0 -1 1 0 0 -2 0 0 0 1 0 1 0 0 0 0 0 0 
-6 -3 -3 3 6 3 2 -50 -14 108 -50 -21 -46 -14 5 -23 -2 -4 -5 -3 0 0 0 0 2 0 1 1 0 0 0 -2 1 0 0 -1 0 0 0 0 0 1 0 1 -1 0 2 -1 -2 2 1 1 
0 -5 0 -3 0 1 -2 5 7 11 20 2 -1 4 -19 23 -2 -4 -9 5 3 -2 2 1 0 0 0 0 0 0 -2 -1 0 -1 0 0 -1 1 0 0 0 0 0 -1 0 1 1 -1 1 0 0 2 
-11 14 6 -4 1 -4 -3 -1 6 -14 1 3 4 -1 -3 0 62 39 2 0 2 2 15 3 -5 -9 4 5 0 0 19 11 14 0 0 -1 0 1 0 0 0 2 0 0 0 -1 0 0 1 1 19 -26 
20 -6 -57 21 -4 4 -1 -4 -12 -5 -10 -7 -2 -16 -9 0 -5 2 5 12 -42 -49 2 2 1 -2 2 8 13 -14 17 35 -2 21 -15 0 -1 1 1 0 -1 0 1 0 0 0 1 -2 12 23 -9 10 
2 0 -8 0 4 -15 31 -4 -24 4 0 5 -18 7 0 -1 5 -18 -8 -2 3 5 14 13 1 -1 1 10 -1 10 -1 51 -18 2 9 -2 0 0 0 0 1 1 0 2 1 0 0 -9 10 -16 -5 6 
-28 10 -15 -15 -3 2 -9 5 5 -13 20 0 -2 0 4 26 7 1 0 2 30 -3 3 41 24 1 0 19 22 15 25 -24 -4 -18 -34 -3 -39 -11 -14 3 -2 1 2 2 0 2 -34 3 12 8 13 -6 
24 -3 -1 -18 -6 2 -3 6 4 5 -6 5 0 -6 5 -16 -11 -2 -1 -1 -18 -17 -5 -8 2 81 17 -3 5 -9 -17 7 11 -1 15 19 3 -6 -23 6 12 1 0 2 1 -13 1 -5 2 -8 -28 14 
-22 -1 -18 22 7 7 -2 -4 0 31 8 19 5 -4 -11 1 13 9 -13 9 3 6 -9 1 -1 0 4 50 -38 11 3 -16 5 6 -1 -22 8 -10 -1 -17 12 3 0 1 1 -4 -26 -39 30 -10 40 10 
16 7 -6 24 0 5 -12 9 1 -2 -13 0 8 5 -3 1 2 -11 7 -2 -4 -18 7 -7 0 -9 -4 2 -3 -15 -11 -2 -25 6 31 14 9 9 5 -43 -12 1 0 0 0 -3 -25 23 -39 18 24 24 
-4 1 -9 5 -1 0 -29 14 4 -10 -14 0 5 -4 7 -4 1 -9 -1 -7 0 -2 -10 0 1 -12 5 -6 -6 1 -3 1 9 67 80 -38 -21 4 -7 0 -35 -11 11 -3 -4 58 -49 22 -7 18 23 -7 
-3 -13 19 -19 0 4 5 7 -29 13 9 -3 -1 -5 -7 4 -1 0 5 6 -14 5 0 0 2 -1 6 -1 4 -9 1 1 -1 11 -5 -1 4 -7 54 -5 -40 0 -2 4 39 -31 -46 0 14 -8 -17 -7 
0 6 6 -8 4 -14 -14 5 -30 -1 -23 4 0 -23 9 11 -5 2 -1 3 -1 -8 0 0 -1 3 11 -7 -6 11 -5 1 -2 -2 12 2 18 5 6 22 3 11 -9 -32 -4 5 -9 -2 4 -1 -26 27 
0 -14 6 -3 15 1 -23 -20 20 -4 -1 -5 35 35 -1 3 0 2 -1 -1 0 0 8 0 -1 2 7 -3 -3 -2 -1 -6 5 -5 8 -6 13 1 1 5 53 22 -5 6 -9 -3 34 3 -9 -11 -6 -26 
15 0 -3 9 1 -26 -8 5 11 -12 -25 -4 -7 11 -6 -10 2 -8 11 3 0 -4 3 2 -2 0 0 -7 9 5 -2 -6 -3 -4 1 4 -6 1 -7 -6 0 3 20 -104 -64 -28 17 -13 1 -9 -4 -25 
-12 16 0 -1 13 -24 31 1 0 -3 9 -1 0 -1 23 -7 5 3 -2 4 -4 0 -4 -1 -11 4 -2 11 -3 2 -4 0 -2 -3 -2 1 -3 2 1 -2 0 -4 0 0 -2 -27 33 -5 -3 -15 17 15 
-9 -8 5 3 6 0 -5 10 7 14 -28 3 -10 4 -17 2 1 12 11 0 -21 -2 1 11 -2 -3 3 4 0 -1 -6 1 4 -5 -1 6 3 -2 0 1 4 1 -1 -1 -1 -1 -8 50 107 1 -1 -85 
-20 -16 -3 5 -2 0 10 -14 7 -1 15 -11 38 2 -7 -6 -8 0 3 13 -5 17 -12 -6 -1 1 -5 2 -11 11 -18 -4 4 -6 13 -3 7 21 -13 6 -3 5 -3 0 0 2 -5 -1 -4 0 -1 -1 
0 0 0 -1 7 4 3 -2 -4 -1 16 -15 0 4 24 24 10 -14 -13 2 -2 1 12 -3 0 0 3 -1 -14 0 -17 4 -5 10 -3 -26 -2 23 20 2 12 -25 -5 1 0 2 -2 1 -1 0 -2 -1 
-17 26 -13 0 1 4 0 -1 -3 2 -10 9 -7 -10 5 3 1 27 -7 -8 18 -9 4 2 -11 -8 -1 1 -10 -3 4 -2 -19 4 0 -1 -18 5 -18 -1 -18 22 24 -1 0 3 2 9 -8 0 -1 0 
0 -21 17 -4 0 0 4 11 0 7 0 -3 0 -7 5 9 -4 1 31 -10 -28 26 8 -8 -3 -22 -33 -8 -2 -1 -7 1 -7 -5 -9 1 -24 -6 10 28 -11 33 -2 0 1 -2 -1 -5 -13 -1 1 -1 
2 7 4 -7 -1 7 -3 -4 3 -5 -6 0 0 -2 22 -2 -24 -3 -1 6 14 -5 -14 -14 -19 -3 -7 15 -14 1 11 9 -20 -4 21 6 -19 5 -9 17 19 24 -6 -21 8 8 22 22 6 0 -3 -2 
11 17 7 10 -11 0 0 -2 1 11 6 -6 0 5 -1 13 33 -6 28 2 -15 21 -26 12 12 -1 -8 6 -14 13 2 -3 26 -7 -1 -18 -2 8 37 -6 -11 10 5 15 5 3 5 -1 -10 4 -3 -8 
3 1 -1 11 6 9 13 4 8 -5 -14 -2 -2 0 -5 13 -30 1 -8 -9 16 1 16 18 -23 -11 0 -12 10 26 17 16 2 -1 1 -30 -7 -20 -18 -5 -6 -11 -9 2 -18 -21 -3 -2 -14 8 30 1 
-9 -8 7 7 -18 -3 0 4 -5 1 -2 5 -19 -7 9 0 1 0 0 1 -5 -9 6 -25 8 4 22 3 2 -16 -9 10 6 4 -2 20 -13 2 -21 5 -1 6 -18 -13 24 -28 13 -6 4 9 -6 -11 
-7 -1 -12 0 8 10 6 0 -3 0 0 2 2 0 -5 -7 4 -8 10 9 0 13 19 20 -10 -26 1 -4 0 0 -11 1 -1 1 13 0 -3 -14 13 -19 -6 7 5 -20 23 -7 -9 41 3 20 -3 29 
