0 1 2 -2 0 1 1 -1 0 0 0 0 0 1 0 0 0 0 0 0 0 -1 -1 0 0 1 0 0 -1 1 0 1 0 0 0 -1 0 0 0 -1 0 0 0 0 0 0 0 0 -1 0 0 0 
0 1 1 1 2 1 -2 -1 -2 0 0 0 0 0 0 0 0 -1 0 0 0 0 0 0 0 2 0 1 0 0 1 0 0 0 0 0 -1 0 0 -1 0 0 -1 -1 0 0 0 0 0 -1 0 0 
0 -1 0 0 0 3 -1 0 0 0 0 0 0 0 -1 0 0 0 0 -1 -1 -1 0 0 0 0 0 0 0 -1 0 0 0 1 0 -1 0 0 0 0 0 2 0 0 0 0 1 0 0 0 0 0 
2 0 0 1 1 1 1 1 -1 0 1 0 0 0 -1 0 -1 0 0 0 1 -1 0 0 0 0 0 0 -1 -1 1 0 0 0 0 1 0 0 0 0 0 0 -1 0 0 1 0 0 1 0 0 0 
-1 -1 0 -2 0 0 1 -1 -1 -1 0 0 0 0 0 -1 0 1 0 -1 0 -1 -2 -2 1 0 1 0 -1 -1 0 0 0 0 0 -1 0 0 0 -1 0 1 -1 0 0 0 1 0 1 0 0 0 
5 0 1 -1 0 0 1 -2 -3 1 0 1 -1 0 0 0 0 0 -1 -1 -1 -1 -1 -1 1 1 2 1 0 0 1 0 0 0 0 0 1 0 0 2 0 0 1 0 0 1 0 0 0 0 -1 0 
-2 -16 -13 10 0 0 0 1 0 1 0 1 1 1 0 0 0 0 0 1 0 -1 -2 0 -1 0 1 -1 0 -1 0 0 0 0 0 1 -1 0 0 1 0 -1 0 -2 0 -1 0 0 0 0 0 0 
-8 5 -13 15 3 -6 -1 0 1 1 -2 1 -1 1 -1 -1 0 1 0 -1 0 -1 0 -2 -1 1 0 1 1 -1 2 0 0 0 0 0 1 -1 0 -1 0 1 0 0 0 1 0 0 0 0 0 0 
8 -1 -6 7 12 -1 1 0 -1 -1 -1 0 1 0 -1 -1 -1 0 0 0 0 0 0 0 -1 1 1 1 1 0 1 0 0 1 0 1 0 0 -1 -1 0 1 1 0 0 -1 0 0 0 0 0 1 
6 0 1 3 4 0 0 0 1 -1 0 0 0 1 -1 0 -1 0 0 0 1 0 -1 0 -1 1 1 0 1 0 1 -1 1 1 0 1 -1 -1 -1 0 0 0 -1 0 -1 0 0 0 -1 0 1 0 
6 1 3 -17 0 0 0 0 0 -1 -1 0 -1 2 2 0 0 1 0 -1 0 0 0 0 0 0 0 1 1 1 1 1 -1 0 0 2 0 0 2 1 1 1 -2 -1 -1 -1 -1 1 0 0 0 -1 
-6 4 6 -21 0 0 0 1 0 -1 -1 -1 -1 0 -1 0 0 0 0 1 0 -1 0 0 0 0 0 1 1 0 0 0 0 0 0 0 -1 1 0 1 0 0 1 -1 0 0 0 0 0 1 1 1 
-2 -4 3 -1 0 0 0 0 1 -2 0 0 2 2 0 1 -2 0 0 1 -1 0 0 -1 0 1 1 0 0 -1 1 -1 -1 0 1 0 0 -1 -1 -2 1 1 1 -1 0 0 -1 0 1 1 0 0 
-7 -8 0 -1 -1 1 0 -1 0 0 0 1 1 1 0 1 -1 -1 1 0 3 0 -1 0 0 1 -1 0 0 0 0 -1 0 0 0 0 0 0 1 1 1 2 0 0 -1 -1 -2 1 0 0 0 1 
0 -3 1 -2 -1 -1 1 1 0 -1 0 0 0 0 0 -1 -2 0 1 -1 2 0 0 -1 -1 1 0 0 0 0 0 0 -1 1 1 0 0 0 1 0 2 -1 0 0 1 -1 -1 -1 1 -1 0 1 
1 -2 1 3 6 -1 1 -1 -5 0 0 0 0 0 1 2 0 -1 0 0 1 1 2 1 0 -1 0 0 0 -1 0 1 0 1 0 0 1 0 1 0 -1 1 -1 0 -1 -1 1 0 -1 0 0 1 
0 1 -3 -2 12 -5 9 17 -1 0 1 1 0 0 0 0 0 0 -1 1 0 -1 0 0 0 -2 0 -1 1 1 0 0 0 -1 0 0 0 0 0 -1 0 0 -1 0 0 -1 -1 -1 0 -1 0 0 
4 -2 1 -3 3 -2 -2 3 0 1 -1 0 2 1 0 0 0 -1 1 0 1 1 2 -1 0 0 -1 -1 1 -1 -1 0 0 -2 0 0 0 0 0 0 0 0 0 0 1 0 0 0 0 0 0 0 
-2 2 4 4 -7 1 -1 4 3 17 -6 -3 0 2 3 0 0 0 0 1 -1 0 0 0 -1 -1 -1 1 1 1 -1 -1 0 -1 0 -1 0 0 0 0 0 0 0 -1 0 0 0 -1 0 0 0 0 
0 -1 -3 0 4 6 12 -25 6 -8 44 -13 -5 -3 -4 0 1 0 0 0 0 1 0 0 0 -1 -2 1 -1 0 0 0 0 0 1 0 0 0 0 1 0 0 0 0 1 0 0 0 -1 -1 -1 0 
-1 1 2 0 -1 2 6 4 8 10 18 2 1 -1 -1 -1 0 -1 0 0 1 1 0 1 0 1 0 0 1 1 -1 0 -2 -2 0 -1 1 0 0 0 0 0 1 0 0 0 0 0 0 -1 -1 -1 
0 1 0 0 0 0 1 0 -3 -1 -2 -3 0 5 -2 -4 11 6 -2 1 3 14 22 -8 2 -12 1 1 1 1 -1 -1 -2 -1 0 0 2 -1 0 -1 0 0 0 1 0 0 0 0 0 1 1 -2 
27 29 34 4 -1 -3 0 1 0 -1 11 14 -10 25 0 2 -2 -1 -3 -3 -16 -14 -13 -24 4 0 -3 -1 0 0 0 -1 -1 0 0 1 0 1 -1 0 0 -1 0 1 1 0 0 -1 2 0 1 -1 
-7 19 32 -9 9 -3 -1 0 1 1 12 3 -4 10 -9 14 5 17 3 -21 -10 13 5 -18 -11 2 -1 -1 0 1 0 0 0 0 0 0 0 -1 0 2 0 1 0 0 2 1 0 -1 0 0 1 0 
36 -24 -1 15 88 19 -3 -2 0 0 11 -4 -1 -13 -3 12 1 10 -8 -11 11 21 -1 3 -2 0 0 0 -1 0 -1 0 -1 -1 -1 0 -1 0 1 0 -1 0 0 0 0 1 -2 -2 -1 0 -1 0 
1 -11 -8 8 10 2 -11 -112 -6 149 -59 -7 -66 -25 -4 -30 -3 -6 -11 -1 1 0 0 1 0 1 0 0 1 0 1 0 0 -1 0 -1 1 0 0 0 0 -1 0 0 1 1 -1 1 0 -1 0 1 
-6 -11 -9 -9 0 5 -3 2 8 21 27 1 -3 12 -6 35 1 -4 -12 12 4 -1 1 1 -1 0 -1 0 0 1 1 -1 -1 1 0 -2 1 1 0 0 0 0 0 -1 1 0 0 -2 -2 1 1 5 
-16 14 4 -12 3 -2 -4 3 -6 -9 -1 4 -4 2 -4 -7 57 17 1 -1 2 -6 29 9 -3 -13 3 2 -3 1 19 1 6 -1 -1 -1 0 0 1 -1 1 0 0 -2 0 0 0 1 1 1 16 -42 
30 -16 -35 -5 3 7 42 -5 0 -3 -11 5 11 -11 -6 -3 -6 8 81 32 -94 -16 3 -8 -3 -2 -1 25 18 -6 23 6 6 35 -1 -4 0 2 2 -2 0 1 -1 2 1 2 0 -2 16 51 -57 2 
-28 18 23 4 6 -18 41 2 11 11 1 2 -13 9 -6 4 -5 -19 -11 -5 2 7 54 33 3 -1 -1 25 -4 11 1 72 -25 23 6 -5 -2 -1 -1 0 1 1 1 2 1 1 3 -20 27 -42 -19 3 
-29 -7 -9 -10 -3 9 2 0 11 -5 18 -1 -11 0 -7 35 19 2 10 10 23 -4 8 59 44 1 0 14 11 31 4 -61 7 -27 -58 -25 -54 -9 1 13 0 0 -1 1 0 -33 -27 25 6 -11 17 -7 
34 -9 4 -11 -3 9 4 32 30 -1 -24 -15 11 -25 -6 8 -2 -2 0 -1 -12 -3 -6 -9 21 81 1 -2 15 8 -24 9 9 -7 4 10 2 -4 -21 18 13 -1 0 1 9 -27 -7 4 1 -3 -31 17 
-34 2 -7 17 12 11 -6 -7 0 12 16 23 2 -7 -3 -8 11 22 -16 10 15 16 -11 2 -2 -2 28 54 -39 9 1 -20 16 13 -11 -17 29 -31 4 -42 22 5 2 -1 -2 -4 -25 -45 -6 48 9 -26 
4 -13 -3 21 -5 2 -18 26 -10 -17 -26 -6 3 3 -8 -2 7 -9 8 -6 -5 -9 5 -15 0 -14 9 -13 -3 14 47 10 -29 4 33 31 6 0 4 -44 -29 0 0 2 -2 -2 -31 -2 -38 21 13 25 
-7 6 -11 -1 -4 4 -14 -5 -2 17 -14 0 -22 5 12 -5 -8 -19 4 1 3 1 -12 2 -1 -15 2 -6 -10 3 -4 -2 20 87 67 -7 -26 -9 -3 -2 -43 -20 8 5 -15 59 -42 12 1 22 38 -3 
-6 -8 7 -27 0 4 -12 8 -33 14 14 -11 2 -1 -7 -3 -4 0 6 13 -7 6 -1 -1 2 0 9 2 5 5 -7 -2 -2 8 -3 -3 4 8 133 -28 -56 5 19 -35 80 -33 -24 -13 18 -9 -42 14 
0 0 1 -6 -9 -16 -16 11 -17 3 -12 0 4 -10 18 -12 -4 0 -1 0 0 -8 3 1 0 -2 19 -9 1 22 -9 0 -4 -2 13 -2 25 9 2 31 -1 9 7 -78 11 5 3 3 7 11 -40 35 
2 4 11 7 -6 9 -3 -24 23 -18 15 -17 27 16 -3 3 0 2 0 -1 0 1 13 1 -2 -3 9 -5 -3 -7 1 -8 5 -5 18 -9 15 0 1 2 30 47 15 7 -17 -4 46 0 -10 -9 -4 -24 
16 -4 -2 10 -23 -17 -9 13 -13 -17 -30 -9 -3 -10 -4 0 0 -28 16 9 -1 -4 7 1 0 -1 2 -11 11 2 -3 -4 -8 -8 4 11 -11 -4 -14 3 0 -3 37 -114 0 -39 34 -15 6 -3 3 -14 
10 8 12 -1 22 -31 20 -16 -4 -10 4 -9 7 -16 11 -23 1 5 -6 13 -5 -13 -5 -1 -16 0 -1 15 -8 1 -6 -2 -1 -10 -4 4 -6 -2 0 0 -1 -7 -1 -1 13 -6 47 -20 -5 -26 26 27 
-31 0 3 -3 12 -1 -6 1 11 15 -34 4 -7 5 -20 -2 5 9 9 -7 -22 2 9 11 0 0 2 3 5 -4 -1 -2 8 -2 3 5 0 -7 -2 4 8 -1 0 -1 1 1 -2 14 83 11 -29 -102 
-37 -7 -5 2 -4 0 12 -18 14 7 11 -30 60 26 -10 0 6 -13 10 25 -8 10 -15 -4 -1 -1 -4 3 -15 15 -17 0 2 -4 13 -4 12 25 -13 11 10 2 -5 1 1 1 -11 -7 -4 -2 -2 -2 
0 0 0 0 5 6 0 0 -2 -1 20 -28 0 0 25 30 14 -17 -5 2 0 3 14 -6 0 0 2 -1 -12 1 -21 1 -4 10 -5 -28 3 28 21 -5 3 -30 -11 1 2 2 -2 1 0 -2 -1 -1 
-32 51 -20 0 -3 11 2 0 -2 1 -17 20 -6 -5 -1 9 2 39 -4 -16 37 -19 -4 8 -22 -2 -9 2 -11 -4 12 -9 -27 12 1 -24 1 3 -20 13 -19 14 31 -3 0 8 1 14 0 0 1 1 
-6 -17 22 0 0 0 12 8 2 2 1 -9 0 -3 1 14 -3 2 46 -31 -25 29 7 -6 2 -23 -31 1 3 -4 -14 -2 -2 -19 -32 8 -28 3 23 26 -13 36 -2 -1 6 -3 -7 -23 1 -1 -2 1 
8 17 8 -14 -3 12 -1 -2 4 -8 -2 1 -1 2 23 -4 -24 1 -10 10 14 -17 -17 -13 -24 -5 2 37 -33 -17 17 3 -28 2 31 9 -9 24 -10 8 9 2 -7 -16 5 0 -2 -9 9 -1 -3 -1 
10 44 9 -2 -26 0 0 -3 -3 11 3 -7 0 6 3 6 45 4 48 12 -21 30 -26 7 10 -7 -3 11 -3 18 1 -1 36 -1 -3 -32 -3 18 49 2 -4 12 6 11 2 3 15 -1 -10 5 -3 -7 
17 -1 -7 13 7 12 46 -9 9 -3 -4 -3 -2 8 -5 18 -31 -6 -10 -11 30 0 26 29 -29 -12 7 -28 13 56 19 26 3 3 24 -33 -11 -20 -31 -17 -6 -5 -18 -7 -8 -27 0 -7 -19 6 51 3 
-20 -8 20 5 -31 9 2 6 -9 0 -4 -1 -34 -8 25 -1 -12 1 0 -12 -20 -6 4 -28 10 8 20 0 -3 -14 0 -2 6 -8 1 27 -6 22 -24 8 -31 1 -17 -17 16 -27 22 -6 6 18 -6 -14 
-6 2 -15 -10 16 11 8 0 -7 0 0 3 6 0 -9 -11 -4 -15 3 0 5 15 18 29 -8 -32 -1 -6 8 0 -14 6 2 9 2 -13 1 -28 10 -46 7 5 5 -42 23 0 -14 58 7 22 6 31 
