1 1 0 -1 -1 0 -1 1 -2 2 2 0 -1 -2 1 0 1 1 1 -1 1 1 -2 -1 2 2 -1 -4 -2 1 0 1 1 -1 -1 1 -2 2 0 1 0 0 0 -1 1 0 -1 1 -1 0 0 -2 
1 1 -1 0 -4 -2 -1 -1 -1 0 -1 1 -1 -2 -1 0 3 0 0 -1 2 1 -1 -1 3 0 0 -1 -2 -1 -1 0 0 -2 0 -3 -1 2 1 1 1 -2 0 -1 0 -1 0 0 1 1 0 -1 
-3 0 0 0 -1 -3 -2 -1 -2 1 2 2 -1 0 0 0 1 0 -1 1 0 0 -4 -1 1 3 -1 -1 -1 0 0 0 1 -2 -2 -2 1 -1 1 0 -1 -2 1 1 1 0 -1 1 0 1 -1 0 
4 0 -1 1 -1 -1 -1 -1 -3 0 0 2 1 0 0 1 2 0 0 -1 1 1 -2 0 1 2 1 -1 -1 0 0 -1 4 -2 -1 0 1 0 0 1 0 0 0 0 0 0 1 0 1 -1 0 -1 
-3 0 -2 -1 0 -1 -1 -2 -3 2 -1 1 1 -1 1 1 2 0 0 1 0 0 -2 -1 3 0 1 -1 -2 0 0 1 3 0 0 -1 1 1 1 -1 3 1 0 0 -3 -2 -2 1 1 -3 -1 -1 
2 0 1 1 -2 -2 -2 -2 -4 1 1 2 2 -2 0 -1 1 0 1 0 1 0 -2 0 0 1 1 -2 -2 0 -1 0 2 -1 -2 -2 0 -1 -2 -1 0 -2 0 0 -2 -1 -1 0 0 0 -1 -1 
-4 -10 -10 5 1 -2 0 0 -4 0 0 1 1 0 -1 -2 0 0 0 -1 1 0 1 -1 3 0 1 2 -1 -2 0 1 -1 2 -1 -1 -1 -1 -3 0 0 0 0 0 -2 -1 0 -1 0 -2 0 0 
-8 3 -7 13 2 -6 -2 -1 -2 0 1 3 0 -1 0 -3 1 1 3 2 1 0 0 -2 2 1 2 -1 -1 -2 1 0 2 0 0 -2 -1 -1 -1 -1 0 1 0 0 -2 0 -3 0 1 -2 1 1 
1 -3 -2 6 7 -3 0 1 -1 0 -1 1 -1 0 1 1 2 1 1 1 2 0 0 -2 2 1 1 0 -3 -1 -3 0 4 0 0 -1 1 -3 -1 0 1 0 0 0 -1 -1 -1 -1 0 -1 0 0 
4 -4 4 5 7 -1 -2 -1 -2 1 -2 1 -1 1 0 -1 3 0 0 0 0 -1 0 0 3 0 1 -1 -1 -2 0 0 4 2 1 -2 2 -3 -1 0 1 0 0 -1 -1 0 -1 0 0 -2 0 1 
2 -1 0 -3 2 -1 -1 -2 -3 -1 -2 0 0 0 0 0 0 0 1 1 0 -1 0 1 0 0 3 1 0 -1 0 0 2 1 0 0 1 -2 -2 1 0 0 0 1 -1 0 0 -1 0 0 0 -1 
-4 1 5 -9 1 -1 -1 1 -2 -1 0 2 0 2 0 0 0 0 1 0 -1 0 1 -2 -2 0 0 1 -1 0 1 -1 3 0 1 -1 0 -3 -2 0 0 2 0 1 -1 -1 0 -1 0 -1 0 -1 
-4 -3 5 1 4 -2 -2 2 1 -1 0 1 0 1 -1 -1 1 -1 1 1 0 -1 2 -1 -1 -1 2 1 0 0 0 -1 0 0 1 -1 -1 0 -1 -1 0 0 1 0 -1 -1 0 0 1 -1 1 1 
-7 -3 2 0 2 -2 1 0 1 0 -2 2 2 2 1 -2 1 0 0 1 -1 -2 2 0 -1 0 2 1 -1 -1 1 -1 2 2 1 0 -1 -1 0 1 0 0 0 0 -1 -2 1 1 1 -1 -1 0 
0 -1 2 1 2 0 1 -2 0 -2 0 -1 3 1 -1 -2 1 -1 0 -1 -1 0 0 0 -2 0 2 2 0 -1 1 -2 2 1 0 -1 1 -3 0 1 1 1 3 -1 -2 -1 0 -2 -1 -1 -1 -1 
2 -5 4 3 4 1 1 0 1 -2 -1 -1 4 2 0 0 -2 0 0 0 -3 -1 3 -1 -1 -1 2 4 -2 1 1 -2 4 0 3 1 1 -2 -2 2 0 3 3 -1 -2 -1 -2 -3 -1 0 1 -1 
0 1 2 1 8 -1 3 12 2 -1 -1 0 2 2 0 -2 -2 0 1 -1 -1 -1 3 0 -4 -1 3 2 1 1 4 -1 2 -1 2 -1 0 -2 -3 0 1 1 2 3 0 -1 1 -2 0 0 -1 -1 
2 -1 1 -2 5 2 -2 4 4 0 0 1 1 0 0 -2 -2 -1 0 -2 -2 0 0 1 -4 -1 2 3 1 1 0 -2 1 1 1 2 -2 2 0 -2 1 0 1 -2 1 1 0 -1 -1 0 3 -1 
0 0 3 1 -2 3 -1 4 4 10 -9 -3 -1 5 3 -2 -1 0 -1 -1 0 2 1 0 -2 -1 1 1 -1 2 -1 0 3 0 4 -1 -3 -1 0 1 -2 0 0 1 1 1 1 0 -1 2 0 -1 
0 1 0 4 4 2 6 -14 3 -4 23 -9 0 0 -4 -1 -1 -2 0 -1 0 2 1 0 -3 -1 0 1 1 1 0 -2 0 -1 1 0 -1 0 0 -1 -1 1 0 1 2 1 -1 0 -1 1 1 -1 
0 0 1 1 2 1 3 6 8 4 -7 6 3 1 0 1 1 0 1 -1 -3 0 1 -1 -1 1 3 1 1 -1 0 0 0 0 2 0 -1 0 0 0 0 0 0 0 0 1 0 -1 0 0 0 0 
0 -1 2 0 0 0 1 -1 2 -2 1 -3 2 3 -3 -6 7 3 -2 -1 1 9 10 -6 -2 -7 3 3 1 1 0 1 -1 0 3 -2 -1 0 0 0 0 0 0 2 0 0 0 0 0 1 1 -3 
24 6 34 2 0 2 1 1 2 0 2 5 -4 9 0 0 -2 -1 -6 -3 -13 -9 -7 -8 5 -1 0 2 1 0 -2 -1 -3 1 2 0 0 0 -2 0 -1 1 -2 0 1 0 0 -1 -1 0 1 -2 
29 9 44 -10 7 0 2 3 1 0 5 3 -1 7 -6 5 3 7 0 -8 -3 6 7 -7 -10 -1 1 1 1 1 -1 -1 -2 -1 3 -1 1 2 -1 0 -1 1 0 1 1 1 0 1 0 1 1 0 
23 -20 -6 14 74 13 0 -1 1 -1 6 -4 -1 -3 -2 2 3 3 -5 -9 11 5 4 2 -4 0 -1 1 2 0 0 -2 -1 0 0 -1 2 1 0 -1 -1 -1 -2 2 2 3 0 -2 -1 1 1 1 
-5 -5 -6 6 6 5 -1 -103 -39 112 -36 -28 -75 -39 4 -15 -4 -4 -4 -3 0 1 1 -1 2 0 -3 1 1 2 -1 -2 -3 0 1 0 3 0 -1 0 0 -1 -1 1 2 3 0 0 0 1 2 -3 
-13 -5 -2 -1 -4 2 2 9 9 6 9 -5 0 0 -26 36 1 -2 -6 4 2 -1 2 -1 -1 -1 -1 0 0 1 0 0 -3 1 0 -1 0 1 -1 0 0 0 -3 2 0 0 0 0 0 0 0 3 
1 17 7 -14 0 -5 0 14 -7 -1 4 1 -4 0 -2 -5 49 12 -2 0 3 0 21 7 -3 -8 -2 2 0 1 7 -2 -1 -1 -1 0 4 2 0 0 0 0 -3 1 2 1 0 -1 0 0 8 -23 
38 -13 -30 -4 2 2 25 -8 -11 -5 -6 3 14 -9 4 -4 -7 2 31 29 -69 -25 0 -5 -4 -1 -2 18 12 -5 15 5 4 25 -5 -3 2 2 1 0 -2 -1 0 0 1 2 1 4 9 36 -37 6 
-4 10 -8 3 0 -11 36 0 -14 2 -3 5 -18 1 -1 1 5 -14 -7 -1 1 -5 15 22 0 -1 -2 12 -1 8 1 41 -26 14 12 -3 1 -1 -1 -1 -1 1 0 3 2 0 0 -8 13 -23 -6 9 
-26 7 -17 -4 2 12 -23 7 5 -30 16 5 -12 -1 -5 20 5 -2 3 -1 28 -1 1 40 25 1 -1 18 10 15 14 -19 -8 -17 -40 -3 -31 -8 -9 7 -1 -2 -1 1 1 4 -26 7 11 2 17 -6 
37 -14 5 -15 -5 6 0 25 18 3 -21 -5 -3 -9 -9 5 5 -4 -1 1 -16 -1 0 -2 17 64 1 -2 7 6 -15 9 8 -8 6 18 1 -7 -13 10 7 -2 -1 3 3 -22 1 -1 3 -2 -30 9 
-12 -3 -25 28 2 3 0 0 9 15 0 26 6 -10 -2 -5 -4 11 -17 12 9 10 -8 3 -1 1 31 75 -40 9 0 -20 8 6 -4 -22 15 -12 6 -15 17 3 2 -1 1 -1 -20 -39 8 33 8 -23 
5 0 -18 17 0 16 -15 16 8 17 -17 0 9 -1 -3 6 7 -21 17 7 -3 -8 8 -7 0 -12 -2 -1 -8 -2 7 0 -31 8 28 17 6 4 -1 -39 -18 2 0 1 -1 -1 -18 6 -38 19 26 23 
-5 9 -13 1 6 4 -4 -1 -1 31 -29 -2 -19 1 15 -8 -9 -19 -3 0 -3 4 -12 3 0 -16 2 -9 -10 8 -2 3 29 71 50 -6 -12 -1 -4 2 -28 -17 6 -1 -18 38 -17 9 3 20 14 -12 
3 2 18 -13 0 7 -10 10 -25 33 24 0 -2 1 -3 0 -1 2 6 10 0 0 -1 4 1 -5 3 -1 1 2 -2 2 -1 7 -5 1 6 5 103 -9 -33 4 11 -24 65 -18 -15 -1 23 -1 -22 19 
0 6 1 -12 10 -12 -9 13 -14 -6 -27 5 5 -17 15 12 -8 1 -1 6 -3 -10 1 1 1 0 13 -9 -4 10 -4 2 -5 -5 7 4 19 5 6 28 1 11 -7 -26 -22 21 -4 -3 4 -6 -27 29 
-6 -3 8 3 4 7 -4 -9 25 -22 13 -5 5 22 2 2 -1 3 -6 2 -2 1 10 1 -2 0 6 -10 -4 0 1 -2 -4 -9 9 -1 5 0 -1 -1 43 26 8 0 -3 -8 41 4 -6 -8 -5 -21 
29 -18 -7 0 -22 35 -7 30 -10 -25 -1 8 -33 -22 13 -6 -2 -26 2 4 -5 -2 5 4 2 -1 1 -3 6 1 -3 -4 -7 -2 3 1 -8 -1 -2 3 2 -3 22 -87 -2 -40 39 -9 4 0 4 -16 
-5 10 1 -2 14 -16 26 -23 -5 -5 14 -3 0 4 20 14 -14 6 -2 3 3 1 -7 3 -10 6 -2 12 -5 -2 -4 0 -1 -3 -1 3 0 -3 2 -1 -2 -1 1 0 22 -29 28 -9 -1 -20 20 11 
-19 2 0 -8 6 -2 -6 4 5 1 -24 2 -8 6 -11 2 3 9 17 3 -21 -4 4 11 -5 3 3 6 -1 -1 -4 2 6 -3 -2 6 5 -4 1 2 9 1 2 -1 -1 3 -7 30 99 2 -19 -89 
-21 -16 -2 2 -5 -1 7 -11 9 7 4 -33 45 28 -11 2 4 -8 15 14 -12 12 -4 0 1 1 -8 1 -9 16 -7 -6 -1 -2 16 -6 4 10 -3 4 10 5 -3 -2 3 -1 -8 -3 -6 0 0 -1 
7 0 2 -2 8 4 6 4 -3 1 20 -8 -6 9 16 27 16 -5 -5 0 0 -2 5 -4 4 5 -3 2 -14 7 -10 -3 -2 4 -3 -12 0 13 19 -10 -2 -19 -9 -1 1 1 -2 -5 0 -1 2 -1 
-22 27 -17 -2 -2 8 0 0 2 1 -3 16 -8 -10 2 1 -1 20 -11 -12 14 -14 3 7 -12 -4 -6 4 -11 -6 9 1 -19 -5 3 -13 -17 6 -15 4 -18 21 20 -1 -3 3 0 7 -18 -2 -1 0 
-3 -21 21 3 0 -2 13 3 0 0 -1 -3 -5 -5 21 0 -2 12 44 -11 -9 4 5 -4 15 -5 -17 3 6 -2 -10 4 -1 -10 -12 1 -32 9 13 3 -2 22 -5 -1 -1 -2 -5 -10 0 1 -3 2 
7 17 7 -8 -4 4 -1 -5 2 -6 -3 0 1 5 18 -6 -18 25 -10 22 0 -12 -7 7 -14 2 2 32 -30 -26 20 -1 -29 11 4 4 0 24 -19 2 -21 -1 -4 -4 0 -4 -15 -22 20 1 0 -1 
9 28 10 -3 -19 0 0 -2 -3 8 9 -7 -1 10 0 12 28 9 22 4 -12 16 -27 11 10 -9 -6 15 -15 16 -2 -4 19 -13 -1 -18 -3 9 46 -5 -1 17 3 20 -2 6 0 -11 -8 7 -6 -4 
8 -10 -1 4 3 -7 2 3 3 -5 -14 -1 0 0 -7 14 -27 1 -1 -3 10 2 11 1 -4 2 6 -16 17 48 6 24 1 5 15 -29 -22 -36 -26 -15 -7 -10 -8 5 -23 -23 -2 -4 -10 7 35 3 
-9 -13 17 -5 -23 5 -1 4 -9 2 0 -2 -21 -14 25 -7 -10 6 -10 -9 -11 -2 5 -19 16 7 3 -3 6 -18 -13 6 1 -2 3 23 1 -6 8 -1 0 -7 -21 2 3 13 5 -16 -2 12 -13 -1 
-4 4 -11 -1 12 6 9 0 -5 0 0 0 7 0 -7 -8 9 -11 17 1 4 16 0 23 -4 -26 3 -7 5 -3 -11 6 -5 15 11 -11 -6 -29 9 -29 15 -21 -19 -35 11 -14 -13 36 11 -6 0 20 
