0.25 0.25 -0.75 0.5 -0.5 0.25 0.25 0.25 -1.25 0.75 0 0.25 -0.5 -0.25 0.5 0 -0.25 0 0 -0.25 0.5 0.25 -0.25 0.25 1.25 -0.25 -0.25 0.75 0.5 0.25 0 0.25 0 0.5 -0.75 0.5 0.75 -0.5 -0.25 -0.25 0 0.25 0 0.25 0.25 0 0.5 0 -0.25 0 0.25 0.5 -0.5 
-0.25 0 0 0.25 -0.5 -0.5 0.5 0.25 -0.75 0.5 0.25 0.25 -0.25 -0.25 0.5 0 0 0.25 0 0 -0.25 -0.5 -0.25 0.25 0.25 -0.5 -0.25 -0.25 1.5 -0.25 0.25 0 -0.5 0.5 -0.25 0.25 0.5 0.5 0.25 -0.5 -0.5 0.25 0.25 0 -0.25 -0.25 0 1 -0.5 -0.75 -0.25 0.5 -0.25 
-0.5 0 0 0.25 -0.25 0.5 0.25 0 -1.25 0.5 -0.5 -0.25 -1 0.25 0.25 0 0 0 0 0 0.25 0 -0.25 0.5 0 -0.5 0 0 -0.25 0 0 -0.25 0 -0.5 -0.75 1 -0.25 0.25 0.25 0.25 0.25 -0.25 0.25 0 0.25 0.5 -0.25 0.5 -0.25 0 0 0.5 -0.5 
-0.75 -0.25 0.75 0.25 0 -0.25 -0.75 0.5 0 0 0.25 0.25 -0.25 0.25 0 -0.25 0.25 0 0.25 0.5 -0.25 -0.25 -0.25 0.25 0.5 -0.5 0 0 -0.25 0.25 0.25 -0.5 0.5 -0.25 -0.5 0.75 0.5 0 0.25 0.25 0 -0.25 -0.25 -0.5 0.25 0.25 0.5 -0.25 -0.25 -0.75 0.75 1.25 -0.25 
-1 0.25 0.75 -0.5 0 -0.25 -0.25 0.75 -0.25 0.25 -0.25 0.5 -0.25 0.5 0.75 -0.25 0 -0.25 0 -0.5 0 0 0.25 -0.25 0.75 0 0 0.25 -0.5 0.25 0 0.25 -0.25 0.5 -0.25 0.75 -0.25 0.25 -0.25 0 0 0 0.75 0.25 0 0.25 0.25 0.5 -0.5 -0.5 0.75 0.5 -1.9012e-270 
3.75 3.5 2.5 1 -0.5 0 0.25 0.25 0.25 0.25 0.75 0.75 -0.75 0.5 0.5 0 0.25 0 0.5 0 0 -0.25 0.75 -0.25 0 0.25 0.25 0 0.25 0 0 0 -0.25 0 -0.25 0.25 0.25 -0.5 0 -0.25 0.25 -0.25 1 0 -0.25 0.25 0.5 0 0.5 -0.75 -0.25 0.5 -1.89658e-270 
-1 2.75 3 0.25 0.25 -0.5 0 -0.25 0 -0.25 0 0 0 0 0.5 -0.5 0.25 -0.5 0.75 0.5 0.25 -0.25 0 0 0.5 0.25 0 0.5 0.25 0 0 -0.25 0.25 -0.5 0.25 0.75 0 0 0.25 0.25 0 0 0 -0.25 0.5 0.75 1.25 0.75 -0.5 0 0.75 0.5 -1.89681e-270 
-2 -4.25 -2.25 -4 -1.5 -1.75 0.25 -0.5 0.75 0.25 0.5 0 0 0.25 0.25 -0.5 0.25 0.25 0.5 0.5 0.25 0.25 0 1 0.25 -0.75 0.75 0 0 -0.25 0.75 0.25 0 0 0.25 0.5 -0.5 -0.5 0.5 -0.5 0 0.5 0 -0.25 0 0.25 0.25 0 0.25 0 -0.75 0.25 -1.90143e-270 
-5.75 -2.75 -1.5 3 -2.75 -1.75 0 -0.25 0.5 0.25 0.5 0.25 -0.5 -0.25 -0.25 0.25 0.5 0 0.25 0.5 0.5 0.5 0 0.25 -0.75 -0.25 0.25 -1 -0.25 0.25 0.75 0 0.75 0 -0.25 0.5 -0.25 0.25 0.75 -0.25 -0.25 -0.25 0 -0.25 0.75 0 0.25 0 0 0 0 0.25 -0.5 
-1.75 -0.75 0.75 3 -2.75 0.25 0.25 -0.25 0.25 -0.5 0.75 -0.25 0.5 0.5 0 0.25 0.5 -0.25 0 0 0.25 -0.25 0.25 0 0.5 0.5 -0.25 0.25 -0.5 0 0.5 0 0.5 -0.25 0.5 0.75 -0.75 0.25 0.25 0 -0.5 0 0 -0.5 0 0.25 0.25 0 0 -0.25 -0.25 0.25 -0.25 
-1 0.5 3.5 3 -2.25 -0.25 0 -0.25 0.75 -0.25 0.5 -0.25 0 0.25 0 -0.5 0 0 -0.25 -0.5 0 0.25 0 0.5 0.25 -0.25 0.75 0 0.25 0 0.75 -0.25 0.5 0.5 0.25 0.25 -1.5 0.25 0.75 0.25 0 0 0.25 -0.25 0.5 -0.25 0.25 0.25 0 0.25 0 0.75 0.5 
-2.5 2.75 -1.5 -5.25 -0.75 -0.5 0.75 0.25 0.75 -0.25 0.5 0 0 0 0 0.25 0.5 0 0 0.25 -0.25 -0.25 0.25 0.5 0.25 0.5 -0.25 0.75 0.25 -0.25 0.25 0.25 0.5 -0.25 0.5 0.5 -1 0.75 0.25 0 0 0 0.25 -0.75 -0.25 -0.25 0.25 -0.5 0 0.25 0 0.5 -0.25 
-2.5 0.75 -2 0.25 0.75 0 0.75 -0.25 0.25 0 0.5 0.25 0.75 -0.25 -0.25 0.5 0.25 0.25 0 0.25 0 0.5 0 0.25 0.5 0.25 0.25 0.25 0.5 0.25 0.25 0 0 -0.5 0.25 -0.25 -0.25 0.5 -0.5 0.25 0 0.25 0.5 0 0.5 0.25 0 0.25 0.5 0.25 0.25 0.5 -0.25 
-1.25 -1 -0.75 0 0.25 -0.75 0.5 -1 0.25 -0.25 0.75 1 -0.25 0 -0.25 0.5 -0.25 0.5 0.25 -0.25 -0.5 0.5 -0.75 0.75 0 0 1 0 0.75 0.25 0.5 -0.25 0.25 -0.75 0.25 0.25 -0.75 0 0.75 -0.5 0.75 0 0.5 -0.5 0.25 0 0.25 0 0 0.5 0.5 0.5 0.25 
0.25 -0.25 -0.5 1 1.25 1.25 1.5 -0.5 0.25 0 0.75 0.5 -0.25 0.25 0.25 -0.25 0.5 0.75 0.25 -0.25 0.5 1.5 -0.25 0.25 -0.5 0.25 1 0.25 -0.25 0.75 -0.5 0.25 1 -1 0.75 -0.25 -0.5 0.5 0.25 -0.75 0.5 -0.25 0.5 -0.5 0.5 0 0.25 0.5 -0.5 0.75 0.75 0.5 -0.5 
0.75 -1 0.5 0.25 0.25 -0.25 2.5 2.25 -0.75 -0.5 0.25 0 0.75 0 -0.5 0.25 0.25 0 0.25 -0.5 0 0.25 -0.25 0 1 0 0.75 1 -0.25 -0.25 0 0.75 1.25 0 0.25 0.75 -0.75 0.25 0.5 0 0.25 0 0.25 -0.25 0.75 -0.25 -0.25 0.25 0.25 -0.25 0.25 0.25 -1.90652e-270 
0 -0.25 -0.75 0.25 2.5 2.5 3.25 -8.75 -2.25 0 0.5 0.5 0.25 0.5 -0.25 -0.5 0.25 0.25 0.25 0.25 0 0.5 -1 0 0.75 0.5 0.25 -0.5 0.5 0.25 0.25 0.25 1 -0.25 -0.25 0.25 -0.5 0.5 0.5 0.25 0.25 -0.5 -0.25 -0.25 0.25 0.25 -0.25 0.25 0 0 0.25 0.25 -0.25 
-1.5 0.75 0 0.75 2 3.25 -3.25 -2.5 -0.25 0.5 0 0.75 0.75 0.5 0 -0.25 0.75 -0.25 0 -0.75 0.5 0 -0.25 -0.25 -0.25 0.5 0 -0.25 0 0.25 -0.25 1 0 -0.5 1 0.25 0 0.75 0.75 -0.75 0.75 -0.5 0 0.5 0.5 0.25 -0.25 0.25 -0.5 0.75 0.25 -0.25 -0.75 
-0.25 0.5 -1.25 0.75 2.75 0.5 0 0.5 -0.25 12.25 3.25 -0.25 0.5 1.25 0.75 0.25 0.5 0.25 0.25 -0.25 0.25 0.75 -0.75 -0.5 0 0.25 0.5 0 -0.25 0 -0.5 0 1.25 -0.75 0.25 0.25 -0.25 0.25 0.5 -0.25 0 0 0.25 0.25 -0.5 0.25 0 0.25 0.25 -0.25 0.75 -0.25 0.25 
0.25 0.5 0.25 0.5 -2.75 0 -3.25 -2.75 -0.5 14 -8 -1.25 -0.25 -0.5 0.5 0.25 0 0.5 0 0 -0.25 1.25 0 -0.25 0.75 0.25 0.25 -0.25 0 0.25 0 -0.5 1.5 -0.25 -0.25 0.25 1 0 0.25 -0.25 0.25 -0.5 -0.25 0.25 0.25 0.75 -0.25 0 -0.75 0.25 0.25 -0.5 -1.89866e-270 
1 0.75 -0.5 0.75 -1 0.5 -1.75 -1.5 -2.5 -3.5 -14.75 -1.75 -1 0.25 0.5 0.75 1.5 0.5 0.25 0.25 0.5 0.5 1.75 2.25 0.75 1.25 2 0.5 0 -0.5 0.25 -0.25 0.5 0 -0.25 -0.25 -0.5 0.5 0.25 0 0 0 -0.25 0.5 0 0 0 0.5 0 -0.25 0 -0.25 -1.89959e-270 
1.5 11 0.5 2 0 0 -1 -0.25 -1 -0.25 0 1.25 3.25 5.25 0 -0.75 0 1.5 1.25 0.5 2 2.75 -1.5 0.5 -1 -2 -3.5 -0.75 0 0 -0.25 -1 0.75 0.25 0.5 0.25 0.5 0 -0.25 0 0.5 0 -0.25 0.5 -0.25 0.25 0 0.5 0 0 0.25 0 -1.90328e-270 
33.25 57.5 12 19 2.25 0 -0.25 0.75 -1.75 1.5 2.5 7 -0.75 -2 1.75 0 1.75 1.5 -0.75 3 2.25 4.5 -1.25 -1.25 -4 -1.5 0 0 0.25 0 -0.25 -0.5 0.75 0 1 -0.5 1.25 0.25 0 0.25 0.5 0.25 -0.25 0 -0.25 -0.25 -0.5 -0.25 0.75 0 0.25 -0.25 0.25 
65.25 2.25 16 22.5 -4.75 -0.25 1.25 1 0 0.75 0.5 -3 -1.25 -0.5 1.75 0.5 1 1.25 2.25 8.75 1.75 7.25 -1.5 -2 -4 -1.75 0.25 0.5 -0.25 0.5 0.5 -0.5 0.75 0.25 -0.25 -0.5 -0.25 0.25 0 -0.25 0.25 0.5 -0.25 0 0 -0.5 0.75 0 -0.25 -1 0 0 0.75 
6.5 6 2.25 -0.75 17.75 24.5 11 12.5 6.5 4 27.25 22.5 35.25 1.5 1.25 1.75 0.25 -2.25 1.75 -3.25 -12.75 -5.25 -3 -3.5 -2.25 -0.75 0.75 0.5 0 0.25 -0.25 -0.75 0.75 0 -0.25 -0.25 0.75 0.25 -0.25 0.5 0 0 0.25 0.75 0 0 0.25 0 0.5 -0.25 -0.25 -0.25 0.25 
13.5 8.75 2.5 -4.75 0.5 0.75 7 49.75 34 53.25 33.5 12.75 28 14 0.5 -1 -6.25 1 3 -0.25 0 0.25 1 0 1 -0.5 -0.25 0.5 0 -0.25 0.5 -1 0.25 0.25 0.25 -0.5 0.75 -0.5 0.5 0 0.25 -0.25 -0.25 0 0 0.5 0 -0.25 0.25 0 0.5 0.5 0.25 
-8 -13.25 -9 6.5 1.75 -0.75 -1.5 -1.5 -0.5 0.5 0 1.25 -3.75 5.75 -2.5 -3.25 3 -0.25 -3.75 -2.5 1.5 2.75 2.25 0.25 -0.25 0 0.25 1 0 0.5 1 -0.25 0.75 0.25 0.75 -0.5 0 0 -0.25 0.25 0.5 0 0.5 0.5 -0.25 0 0.5 -0.25 0.75 -0.25 0.5 6.25 2.5 
5.25 9.25 9.25 1.75 0.75 -2.25 0.75 6.75 0 0 -1.25 0.75 -0.75 3 2 1.5 9.5 23.25 18 11.5 1 2 5.75 2 1 1.75 0 2.75 0.5 0.5 8.25 2 9.25 5 2.25 0.25 -0.5 -0.25 0.25 0.75 0.5 1 0.25 0 -0.25 -0.5 0.75 0.5 1.75 2 22.25 32.75 14.25 
-2 -11.75 -6.25 1.5 -1 -3.25 -4 -10.5 4.25 -3 0.5 -1.25 5 -1 3.25 1.75 0 2 17.75 14 31.5 35 12.5 -2.25 -1.75 -0.75 0.75 19 3.25 6 6 -1.75 28.75 6 11 -0.75 -1 -0.25 -0.25 0 0 0.25 0.5 0.25 0 0 0.5 5.75 4.75 22.75 7.5 0 -4.75 
1.5 -7 -8.25 1 -2 -6.75 5.75 1.75 0.25 5.75 -3.75 -0.5 -1.5 2.25 4 -6.75 2 -5.25 0.25 2.75 -2.75 2.5 23.75 1.25 0.75 0 1 5.5 -12.25 -1.75 6 22.75 -7.5 -6.25 -8.25 19.25 0 1.5 0.5 0.75 0 0.25 0.5 1.25 1.25 5.25 16.25 7.75 16.75 16.5 21.5 32 6.25 
-8 0.5 12 7.5 -3.75 -0.75 4.25 -1 2.5 -10.25 6 -4.25 -1.25 1.25 2 6 1.25 2.75 3.25 3.5 6 0.25 -2.25 17.25 5.25 7.25 1 4.5 -7.5 5.75 25.25 13 -14.25 5.75 -12.5 -7.75 -13.75 4 15.25 11 0.5 -0.25 0.25 0.5 3.25 12 3.25 9 4.5 -1.25 17.5 -2.25 -2 
-0.25 0.25 -10 -11 -4 -1 -2 10.25 0 -5.75 1.5 -2.25 0 -1.75 -0.5 3.25 7.75 -4.75 1.75 0.25 -1 3.25 3 5 6.5 18.5 19 10 2 0.75 -0.5 -0.5 7.5 -0.75 12.75 8.25 13.5 13.75 4.25 -2.25 -4.75 0.75 -0.25 2.25 2.25 0.75 14.5 7.25 -1 1.75 4.25 -8.5 -5.5 
-0.5 -1.25 -1 -11.75 5.5 6.75 -4.5 -2.5 7.75 6.5 -5.75 7 4.25 -0.5 -4.25 -5.5 -5.25 3 1.5 -2 1.5 3.75 -2.25 2.25 1.75 1.5 3.75 15.75 43.5 18.25 -1.75 -1.25 1.5 -0.25 -1.25 3.5 -2.25 -5.5 -9 -6.25 -7.25 -0.5 0.5 0 1.25 1 10.25 -13.5 4.5 8 3.25 -9.5 4.75 
-9 -1.5 4.75 8 3.25 0.75 -4 -10.25 -8.5 -0.5 -9.5 0.25 -0.25 -3.5 -2 4.25 -2.5 -0.25 -6.75 -3.75 -1.25 -2.75 2.75 9.75 1.75 -5.75 -6.5 2.5 0.75 7.5 42.25 7.75 22.25 -2.75 -17.75 -21.5 -1.75 -0.25 2.25 12.5 8 -1.25 0.5 0.5 3 0.5 23 5.5 -8 -8.25 7.25 8.75 0.75 
2.25 5.25 3.75 1.25 10 5.5 11.25 8.25 13.25 4.25 0.25 -12.5 3.75 4.5 6.5 2 -0.75 -0.5 -2.5 -0.75 2 6.25 11.25 -0.75 -1.5 -7.75 0.75 2 5.5 0.25 2.5 3.25 20.25 22.75 