7.75 5.75 7.5 39 4 5 2.5 8.5 3.5 2.25 2 28.25 2 21.25 75.5 13.75 7.5 6.5 11.25 8.5 9.75 9.75 10.25 12.5 13 7.75 31 6.25 4.75 26 11.75 10.5 35.5 12.25 9.5 12 26.25 30 24.5 44.25 38.25 17.5 4.25 6.5 19.5 3 48.25 6.25 7.75 8.75 8.25 40.25 6.25 12.5 41.25 7.5 16 6.75 51.25 14.5 16.5 33 13.25 11.25 8.75 60.5 19.25 7 6.75 10.75 19.75 8.25 18.5 16 19.75 9.5 11.75 10.25 7.25 5 3.25 3 2.75 1.5 3.5 3.5 16.75 57.5 22.25 9.5 69 6 53.75 2.75 1 5.25 1.25 0.75 1.75 3 9 1.75 1.75 6.75 4.75 41 1.5 42 7 10 14.5 37.75 4.5 48.75 2.25 5.5 4 19.5 6.75 25.25 5.25 56 9 1.5 9.5 
7.25 14 27.75 16.5 23.5 23 20 25 4 5.75 7.25 22.25 6 30.75 44.75 6.75 4.5 61.5 3.25 8.5 8.25 39 7 3 2.75 6.5 7.75 11.75 11.75 25.5 27 14.75 18.25 9.5 14.5 29.75 22.25 17.25 6 39.25 17.75 14.75 2.5 3.75 22.5 24.75 19.5 7 4.5 21.5 2 9.5 5.75 27 39.25 16 35.5 8.5 58.25 0 0 17.75 6.25 6 13.25 7.75 47.5 9.75 29.5 44.25 21.75 16.5 16.25 9.25 12.25 5 25.5 30.5 25.25 2.75 42 5 5.5 27.5 11 5.75 25.75 36.25 37.5 7.25 4.25 53 3.25 32.5 2.75 11.25 3.5 3 1 2 4.25 3.5 13.5 10.5 10.75 2 3.75 13.5 14.75 12.5 10.25 51.5 16.25 10.25 3 7 12.75 37.75 5.25 56.5 14.5 23.25 5.75 2.5 3 
30.5 9.25 13.5 8.75 33 15.25 19.25 13.75 12.5 18.75 9.5 7.75 7.75 12.75 3.25 46.5 7 10.5 3.75 7.5 7 9 30.25 9.25 11.75 15 10 23.25 16.5 19.5 35 39.5 17.25 19 19 8.25 7 24.75 34.5 3.75 14.75 31 4.25 1.75 16 9.5 17 37.75 53.25 14.75 16.5 8.75 16 21.5 8.75 18.75 1.5 56 71.75 20.5 49.75 55.25 25.25 13.75 10.75 31.75 13.5 11.75 4.5 8.25 11.25 13.75 6.25 1.75 3.5 6.75 9.25 8.5 11 10 7.25 1.75 29.75 3 2.75 6.25 19.75 23.75 39.75 13.75 38.75 7.25 36.75 2.25 1 8.25 6.25 2.25 3.75 2.5 5.75 4.5 3.25 41 14.75 8.25 16.5 43.75 14.25 20 8.75 23 4 27.5 8.25 12 5.25 25.5 31.25 44.75 22.75 5 28.25 60.25 0.5 
13.75 21.75 20.5 16.75 21.25 22.25 9.5 15.25 22.75 6.5 14.25 25.5 13.75 24.75 15 6.5 22.25 5.5 16.75 7 11.75 13.5 9.75 8.75 7.25 9.75 9.5 15.75 5.75 10.25 4.25 2.75 21.75 2 1.25 2.75 26 10.75 18.25 46.5 8.75 25.5 6.75 2.5 16.25 10 9.25 15.25 14.25 13.25 16 12.5 25 27 6.25 17.5 51 32.75 34 0 13 29 8.75 7.25 7 11.25 12.25 9.5 9 9.25 8 6 14.5 14 22.25 18.5 7.75 3.5 3.75 8.5 2.5 24.75 13.5 15.75 26 19 32.25 14.5 22.25 9 12 7.25 3 1.25 0.25 45.25 6.75 3.25 3.5 1.75 7.25 5.5 8.25 6.5 26 10.75 3.25 8.25 11 5 21.25 4.5 5.5 42.75 17.75 9.75 15.5 25.5 36.5 7 31 8 1.5 4.75 4 
18.5 12 19.25 45.25 24.25 21.5 9 1.25 3.75 33 11.5 5.25 5.25 9 9.25 5.5 20 5.25 12 3.75 5.75 23.75 3.5 5.5 9.75 26.5 13 12 14.25 25.5 11 90.25 13 9.25 29.5 7.25 9 12.25 12.25 4 16.25 25 3 4.5 21.25 27 6.75 45.75 24.5 33.75 35.75 30.5 14 11.5 6.5 44.25 4.5 3.75 32.25 9 44.25 18 0 42.5 12 5.75 32.25 16 8.5 12.5 5.75 4.25 6 4 24.75 12 10.75 50.25 13.5 12 30.5 10.5 38 9.25 38 8.5 37.75 11 37.75 21.75 15 22.5 1 1.75 2.5 2 8.5 28 5.5 8.75 4.75 9.5 17.5 17.25 8.75 11 11.5 12.5 3.75 11.75 11.5 12 21.5 15.25 24.5 12.75 18.75 4.75 4.5 1.5 2.75 6.5 5.25 12.75 15 
29.5 10.5 64.5 11 17.25 17.5 17.75 24.5 29.75 24.5 47.5 14 9 6.5 18.25 9 17.25 20.25 12.5 18.25 9.5 6.75 10.5 15.25 18.25 9 15.5 24.75 5 9.75 14.25 29 42 14 11 11.25 9.25 7.75 11.5 32 36 15 5.25 37.5 19.5 2.5 5 22.5 0.75 10.25 9.25 4.5 6.25 11.25 7.25 18.25 10.5 6.75 25 58.75 16.5 29.5 85.25 22.25 38.75 16.5 18 23.5 8.25 3.75 4.75 8.75 7 27.25 20.5 46.75 35.75 5.25 33 6.25 24.5 6.75 22.5 6 51.75 9.5 32.25 9 24.5 38.75 40.25 21.75 3.25 11.25 2 2.75 7.5 2.75 8.25 51 10 42.25 3 1.25 9.75 8.5 2 8 4.75 9.5 24.75 6.75 7.25 25.25 8.25 4.5 13.75 26 32.5 5.75 4.5 15.75 15 50.5 7.75 
7.5 4.75 1.25 5.5 46.75 4.5 7.5 5.25 20.25 11 20.75 21.25 18.75 12.25 38.75 28.75 7.75 11.75 6.75 16 12.5 15.25 27.5 5 22 9.25 15.5 13.5 41.5 22.75 30.25 28.75 55.5 27.75 15.75 20.5 13.5 9.25 4.5 20.5 26.5 19.25 28 1.5 8.25 8.25 11 26.75 5.25 6.5 7 6.25 20.75 13 12.25 13 14.25 3.75 63.75 9.5 15.5 23.25 27.25 27.25 16.25 18.5 11.75 24 8 18.75 10.75 55 9.25 10.25 16.75 42 25.25 10.5 46.5 9.75 22.25 17.75 14 7 16.5 8.25 14.75 4 28 19.5 6.75 3.5 10.75 4 8.5 7.5 4.75 3.75 4.75 42 2.25 5 10.5 9 18 4.75 11 7 9.5 41 8 45.5 6.75 7.25 10.75 6.5 14 7.75 30 39.25 15 17 19.5 22.5 19 
1.25 0.75 28.5 39.25 17.25 3.25 31.5 2.25 39.5 4 1.75 5 9.25 5.5 36.5 10.5 2 15.25 3.25 4 12 9.5 8 14.25 38.25 24 23 8.5 9.25 7.75 3.5 4.75 9.75 10.75 29.25 4.75 8.25 25.75 44.25 20.5 10.75 5.25 4.75 7.5 5 16.25 9.25 7.5 26.75 8.25 28.75 8.75 4.25 2.25 8 5.25 16.75 2.25 17.25 38.5 44.75 16.25 14.5 25.5 18.25 46.5 5.5 16 50 18.25 39.5 13.25 10 11.25 14.25 6.25 11.5 10.25 23.75 4.5 13.25 29 18 21.5 23.25 9 12.75 19.25 40 23.75 8.5 15.25 9.75 5.5 3 2.75 2 3.25 4.25 43.5 9.25 9.25 7 2.5 5.5 36 3.75 7.25 16.25 11.25 4.5 10.25 14.25 8.75 5.25 8.5 21.5 6.5 7 17.5 43.75 21 13.75 8.5 24.25 
1.5 5 22.5 3 2.5 1.5 1 1.25 3.75 51 2.25 6 4.75 5.25 6.5 37.5 5.5 22.75 31.5 10.25 27.25 11.5 7 15.5 13 5.75 4.25 5.25 1.75 6 21 49 6.25 5 36.5 2 3 3.75 2.25 3.5 2.25 9.25 5 44 3.5 4.5 7 4.5 2.75 1.75 21.25 11 4.5 36.25 10 12.75 14.75 53.75 22 18.25 29.5 23.25 10 14.75 16.75 14.75 5.25 11.75 14.75 61 3.5 4.25 13.25 9.5 31.75 9.25 15.75 8.75 65.25 7.5 17.5 16 18.75 15.25 13.25 15.5 4.5 26 11.5 22.5 21.75 17.25 28.5 3.25 2.75 38.25 5.75 7.25 4.25 9 6.5 4.75 7 16.25 11.5 8.75 42.75 12.25 6 34.75 3.75 50.25 3.5 17 6.5 10.75 19.75 22.25 24 23 53 39.75 14.75 24 9.75 
6 2.25 45 1.75 3.25 28.25 22.25 2.5 13.25 12.25 4.75 8.75 13 59 24 25.25 22.5 9.5 18.25 67.5 2.75 3 24.75 17.5 22 16.75 6.75 18.5 14.5 8.75 23.5 12.25 20.75 15.25 13 13.5 16.5 14.25 6.25 13.75 13.25 6.25 3.5 7.75 7.25 4.5 2 3.25 7.5 7.75 5.25 7.25 29.75 1.5 12 25.25 8.75 61.75 2.25 28.25 25.5 15.25 17.5 14 7.25 11 2.5 19 13.5 47.75 6.25 9.25 14.75 40.75 9.25 42.25 22.75 12.25 35.25 16.25 9.25 15.5 26.25 31 8.5 25.25 10.25 27.75 37 40.25 26.25 6 5.5 8.75 15.75 10 6.5 14.25 2.5 3.75 11 14 4.75 12 31.25 21 14.75 10.75 5.5 49.25 5 5 14 12.25 58 8.5 9.5 1.75 4.75 12 23.25 5 8 37.75 7.75 
5.75 4.75 3 3.25 3.25 1.25 4 2 3.5 1.25 0.75 29.75 4.5 8.5 1.5 3 5 19 23 4.5 20 6.5 9.25 17.75 32.5 5.25 11.75 16.25 25.75 8 17.75 32.75 20.25 29.5 28.75 25.25 32.25 17 13.5 34 19.75 17.25 18.25 12 5 2.5 41 5.5 43.75 5.5 38.5 3.75 2.5 5 6 19.75 10 23.5 4.25 66.25 71.75 9.75 33 15.25 4 28.25 9 14.5 19 6.75 7 6 7 14 4 42 24.5 28.25 55.25 0.75 6.75 15.5 40.75 41 34.5 34 27 17 7.75 11.25 4.5 5.75 10.25 16.5 10.75 13.25 4.5 48 2.25 3.5 8.25 24 32 41.5 9 24.5 4 1.5 5.5 5.25 8 54 22.25 14 45.25 15 15.75 4 5.75 25.25 55.5 8.5 6.25 10.75 15 
4 41.25 50.25 1.75 2.5 2.75 2.5 4.25 3.75 2.75 5 5.5 2.25 5 2 4 8.25 39.25 3.75 11.75 42.75 13.5 7 12.5 30.75 3 3 29.5 14 16.25 9 19.25 12.5 20.75 14.75 18.25 19.25 46 17 27.75 17.5 18.5 4.75 3.75 5.25 23.5 3.75 5.5 3.5 5.25 3.5 4.5 5 12.75 14.75 22.5 43 7.75 2.25 33.75 30.75 13 20.25 8.5 11.25 8 11 7.25 31.75 13 8.75 13.25 13.25 16.5 3.5 27.5 11.75 20.5 35.75 29.75 29.25 28 14.25 8 6.25 11.75 5.75 8.25 1.5 59.25 5.5 35.25 3 46.5 2.5 2.25 2.5 7 8.75 16.25 9.5 15.75 13.25 15 7 18.75 5.75 61.25 13.5 12 3 5.5 16.5 5 19.5 34 7.5 12.5 26.25 20.25 9.75 26.25 2.5 16.75 12.5 
6.75 1.5 2.75 4.75 4 3.75 3.5 40.75 6 45.75 40.75 2 28.5 4 2 5.5 30 17.25 12.5 28.75 13.5 14.5 12 11 18.5 7.5 25 16 20.75 10.5 10.25 17.5 21.75 17.75 14 29 19.5 57.5 18.25 18.5 18 17 5.25 19 1 48 7.75 10 5.5 6.75 7.5 46.75 7.75 18.5 21.5 5 13.5 16 2.25 23.5 20 35 27.5 10.25 12.25 5.25 5 1.25 1 6.25 3.5 13.25 25 35.5 28.25 34.75 29.25 19 8.5 10 2.5 8.75 43.25 22.75 8 7.25 46.5 7.25 7 1.75 17.25 2.5 4 7.75 10 9.25 14.25 11.75 14.75 34.25 29 19.75 70 24.75 1.5 44.25 8 13.25 67 20.5 24.25 24.75 18.25 16.25 9 7.25 6.75 26 26.25 15.25 6.75 18.25 2.25 8.25 9 
5.25 3.25 6.25 2.5 40.25 4.25 5.75 1 31.75 4.5 5 3.25 3.75 7.25 5.25 2 2 6.5 12.75 7 3 5 7.25 11.5 6.75 51.75 7.25 28 4.75 16.5 10.75 26 8 3.75 27.75 4 2.25 18 5.5 8 8.5 5.75 5 10.25 10 32 25.5 26.25 62.25 43.25 28 26.25 9 26.25 29 15.5 13.5 5 5.75 3.5 29.5 25.5 5 11.5 4 4.75 10.5 21.75 33.25 34.5 45.75 26 16.5 4.75 7.5 4.5 5.5 18 57.75 10.75 19.25 53.25 4 16.5 13.75 4 3.5 3 15.25 36.5 3.75 2 32 8.75 19.25 34.75 14.5 9 8 10.25 5.75 10.25 56 16.5 5.75 11.5 10 9 33.75 11.75 26.25 39.75 51.25 16.25 34 17.5 46.5 35.5 21.25 29 14.75 20.25 20.25 14.5 8.25 
19.25 4 1 4.5 63.25 16 4 2.5 90.75 4.25 4.75 3.75 4.5 9.5 20 3.75 1.25 1.25 2.25 6.75 7.75 12.5 40.75 14.5 14.25 13.5 11.75 16.75 16.75 14.75 35.25 12.25 15 13.5 12.5 9.5 8 9.25 7.5 5.25 22.5 19.25 35.5 30.75 30 12.5 47.75 10.5 15.75 19.25 20.25 30.75 10.5 20.25 6.75 7 2.75 41 13.75 11.75 38.5 14.75 24.75 52.25 36.25 37.25 29.75 14 5 67.5 5.25 5.25 37.25 2.25 5 5.25 4.5 5.25 9.25 3.5 4.5 4.25 3.5 3.5 1.75 1.25 16.5 5.75 7 12.25 9.75 57.5 6.75 6.25 15.5 2.25 9.75 16.25 49.75 46.75 50.75 4.25 9 22.5 5.25 13 26.25 15 17 1.75 38.25 16.5 15.5 12 7.75 16 9.75 12 11 16 26.25 44.5 9 59.25 15.75 
2 3.25 2 1.75 4.5 52.75 2.5 37.5 51.25 12.75 5.25 4 4.25 1.75 1.75 4.75 3.25 5 38.25 3 3.5 4.75 4.5 5.75 19 22.5 3.5 5.25 10.75 2.5 30.25 13.5 8.25 10.75 6.25 7.75 31.5 7.75 31.5 23.5 14.75 12.25 34 29.25 9.5 47.25 8.75 11.25 11.75 11.25 9.25 18.5 15 9.25 16.75 46.25 41.5 40.75 12.75 65.5 19.5 26.25 28 11.75 8.75 8.25 10 10.75 10 7.5 12 29.5 34 5.75 10.75 6 30.75 7.5 6 7.25 48.75 4.75 2.75 6 12.75 7.75 8.5 8 8.25 2.75 5.25 7 16.5 15.75 17.5 27 8 10 7 2.75 6 41.75 12.25 23 16.5 16 15.75 27.5 14 9 32 21.75 36 7.25 25.5 34.5 9.25 35.5 5.75 60.25 54.25 28.75 11.5 6.75 9 
12.5 4 3 2 8 4.25 3.75 54.25 33.75 3.25 20.25 6.25 9.25 91.5 3 6.75 6.75 8.5 24.25 6.25 5.5 2.5 5.5 8 4.75 26.5 12.75 11.5 10.25 9.75 12 3.5 8.75 8 6 6 6.25 4 41 13 4.25 8.75 4 38.25 10.5 23.75 19.75 16 10.75 10 7.75 7.75 21 7.5 20.5 8.75 8.75 8.5 42.25 12 12.75 10.5 8.5 4.75 6.75 5.75 11.5 45 6 2.5 5 3 10.5 8.75 7.25 4.75 2.5 11.5 49.25 9.5 10 6 11.5 7.25 5 9 20 6.5 1 2 32.5 3.25 30.5 12 23.25 25.25 25.75 2.5 13.75 13.5 3.5 11.75 20.75 8 16 40.5 32.5 17.75 9 56 38 16.25 7.75 24.25 20 35.25 51 7.5 10.75 9.25 37 14.25 12.75 2.5 7.75 
1.5 2.25 3.5 2 5.75 14.75 4 20.25 6.75 5.75 44 27.5 22.5 38.25 9 12.5 40.5 23.25 22.75 14.5 16 6.25 6.5 27 10.5 21 10.25 8 5.5 2 4.75 6.5 7.75 26.25 8.5 8.5 8.5 51.25 10.25 14 20.75 6.5 11.75 15.25 10 26.5 28.75 9.5 6.75 8.75 7 3 18 7 8.5 25 10.75 16.5 9.25 7.75 4.5 4.75 7.25 5 10.5 7.5 8.25 2.25 2.5 5 2.5 14.75 17.75 6.5 3.5 10.75 5.75 10.5 9.75 13.75 22 6.75 2.5 12.25 18 10.75 4 11 19.75 2.5 15.5 2.25 1.25 2.75 1.75 1 1.75 5.25 12.75 13.5 25.5 20.25 11.75 10.5 30.5 27.5 29.5 39 5 18.75 17.5 2.25 49.5 3.5 4.25 10.25 5.25 22.75 5.75 20.5 4.75 6.5 29 8 11 
3.75 3.25 3.75 10.5 1.5 1.75 4.75 21.5 3.25 6.75 13.25 48 59.25 13.25 13.75 14.75 18 14.75 6.25 26 48.5 22.25 18.25 4.5 4.75 39.25 15.25 7.5 7.5 37 10.75 6.75 7.5 34 17.25 2 6.75 70 6.25 2.5 8.5 4.75 2.25 3.75 5 2.25 6 4 2.75 6.25 2.75 5.5 18 7 30.25 5.5 20.5 9.25 48.25 7.75 4 7.25 65.25 5.25 10 4.75 6.5 3.5 3.75 26.5 7.75 9.5 11.5 11 15.75 35 10.5 18.5 3.75 19.5 2.5 9.75 0.75 6.25 38.25 22.5 32.75 3.5 7.5 31.75 8 8.5 1.75 2.5 1.5 2.25 23.75 2 1.75 15 39.25 13.5 13.75 4.75 52.25 11.5 4.25 2.75 2.5 3.75 9.5 12.75 5 0.5 3.5 6.75 5.75 5.25 5.25 2.25 5.25 1.5 20.25 6 5.25 
5.5 8.5 11.75 5.5 3.5 7.25 33.25 9.25 11.5 36.75 14.25 37 11.75 13.25 17.75 8.25 9.25 3.75 16.25 12.25 10 19 17.25 7.75 14.75 63.25 11.75 4.25 4.25 5.75 23.75 4.75 7.5 15.75 2.75 14.25 5 4.25 16.25 8.75 8 8.75 37.25 22.5 9 5.75 34.25 4 3.5 4.75 5 4.5 5.5 1.25 34.75 8.5 15.75 7.5 3 3.5 6.25 45 2.25 7.5 16 5.5 30 6.25 5.5 26.5 13 12.25 4.5 26.25 24.5 5.5 45 13 1 19.75 2 1.5 3.5 6.5 9.75 2.5 3 7.25 5.25 2.75 14 24.75 4.25 3 55 2.75 1.75 0.75 42.25 8.25 2.25 5.75 7 2.25 5 7 14.75 41 36.75 28.5 24.25 29.75 6.25 21.5 27.25 5 7 14.75 8.75 14.25 10.75 37 12.75 28.75 13 
5.25 11 6.5 46 10.75 10 13.75 59.75 12.5 18.25 11.25 39.5 39.75 14.5 29 38.5 25.5 15 8.25 5.5 11.25 13.5 15 5.5 14 84.75 2.75 4.5 7.25 7 5.25 11 9.75 7 6.75 52 12.25 18.25 11.25 12.25 18.5 12.25 9.75 17 19.25 7.5 12.25 25.75 8 13.5 22 8.75 16.25 11 17.5 17.25 26 10.5 16.25 52.5 10.25 10.5 8.75 18 37.75 12 9.5 8 11.5 13.25 1.5 14.25 7 4.75 2.25 3 16.5 17 10.5 18.75 46 31 9 6 10.25 7.25 5.5 7 22.75 6.25 7.5 8.25 3.75 2 1 1.25 3.5 2.5 3.25 37 31.25 13.5 2.75 7.75 1.5 12.75 19.5 23.75 23.75 24.25 17.25 5.75 14.75 4 20.25 3.5 10.75 24.25 18.75 8.5 26.5 48 5.25 34.75 32.25 
20.25 20 7.5 41.5 53.5 14.25 13.75 20.25 19.75 16.75 23.25 29.75 4.75 5 7 10.75 2.75 5.25 23.5 5.75 6.25 5.75 5.75 14.5 13.75 48 3 4 13.25 15 23.5 36 30.25 22.25 20.25 39.75 31.5 55.5 27 28.25 24 15.5 54.5 23 17.75 22.5 24.25 10 41.25 38.5 7.5 3.5 2.25 6 5.25 8.25 18 14.25 22.75 21.75 5.25 5.5 13.75 1.75 4.25 8.75 5.25 37.5 5.25 34.5 3 26.25 36.25 3.75 7.5 6.75 34.25 18 53.5 19.75 6.5 2.75 12.25 13 47.5 12.75 13.75 33.25 24 12.5 33 0.5 1.25 21.75 41 4.25 40.5 34.75 6 13.75 16.75 35.75 10.75 50.25 6 21.25 14.25 7.25 5.75 7.75 14 4.5 18 10.75 3.75 2.25 3.25 5.25 4.25 29.25 23 27.25 12 12.25 16.5 
8.25 13 2.75 3.75 21.75 2.5 10.5 15 5.5 5 4.75 6.75 39.5 8.75 5.75 10.75 8.75 43 40.25 5 19.25 12.75 14.25 11.75 27.25 24.25 8.25 18 35 68.75 17.75 20 48.5 12.75 7.25 22.25 18.75 37.25 60 28 14.25 37.5 44 28.25 18.75 8.75 23 32 43 6 8.25 8.25 5 2.5 15.25 8.5 8 10.25 19.5 4 3.75 5.75 6 6.25 6.75 5 3.5 15 24.5 15.25 2 11.25 26.5 45.75 23 40.25 10.75 29.75 1.75 29 9 29.75 16.75 13.25 8.5 12.75 6.5 29 6.5 17.75 27.25 3 13 4 8.25 5.25 14.75 30 12.5 26.25 17 11.25 31 31.75 9.75 9.25 12.5 12.75 10.75 4.75 7.75 13 12.25 12 6.25 3.25 3.75 31 5.75 5.5 4 3.5 4 2 18.75 
9.75 33.25 6.25 23 2.5 18.75 10.75 17.75 30.25 36.25 7 4 5.75 8.5 11.25 15.75 27.25 39.75 41.5 16.25 33 10.5 15.25 30 32.5 22.75 27.25 67.75 18.75 16.5 12 27.75 15.5 41.75 21.5 9.25 26 11.5 17.25 18 21 13.25 3.75 37 53.75 39.5 45 30 11 1 12 33.75 2 10.75 2 2 1.5 29.25 9.5 2.25 3.5 3.75 7.25 4.75 6 3 6 3 5 17 3 39.75 35 6.75 1.75 14.25 6.5 16 2.75 41.75 4.25 31.75 2.75 4.75 12 6 8.5 36 11.75 5.25 4.5 3.5 4.5 6.5 12 5.25 13.5 16 14 15 9.5 34.5 41.75 13.25 8 14 12.5 43 9.25 32 8 7 16 23.25 6.25 3.5 2 5 6.25 27.75 9.25 15.25 9.25 8.25 18.25 
6.5 25.5 27 5.5 12.25 11.5 18.5 21 37.75 21 9.25 4.75 19.5 6.25 2.75 4.75 26.75 13.25 3.75 12 17.75 16.75 52 28.5 16 20.75 7.75 21.25 25 9.25 21 16.75 33 27 26.5 17.75 12.5 11.5 6.75 3.25 2.25 10.5 2 2.25 4.5 12.75 3.25 19.75 3.25 6 27.75 17.75 26.25 1.75 4.5 3.75 20.5 28 2.5 6.5 0.75 2 1.75 4 3.75 30.25 4 6.75 9.75 14.75 7 4.25 46.25 3.75 11.75 41.75 2.75 14.25 70.25 41.25 3.25 3 24 1.75 29 10 12 4.25 5.75 3.25 5.5 23.25 1.5 23.25 19.75 22.75 15 2.5 5.25 8.75 4 19.25 23.25 11.5 15.5 7.5 4.5 11.5 3.5 13.75 6 3.75 3.75 2.25 4.25 2 1.75 16.75 9.75 33.5 27.75 46.5 10 74.75 38.75 
10.25 8 2.5 12.25 40.75 10.5 49.5 3 31.75 8.25 4.75 14.25 5 5.25 3.25 37.75 33.5 22.75 20.5 64 32 23.75 36 13.25 46 37.25 7 29.5 35.25 24.5 30 18 22.5 38.5 54.75 32.25 6.25 4.75 38 5 2.25 23.75 15.25 9.5 19 15.75 7.25 17.75 34.25 10 3.5 34.75 13.25 15 5.25 4.25 5.5 5.25 9.5 3 2.75 2 4.5 10.5 4 3.25 5.5 10 10.5 12.5 12 1.25 24 3.5 3.5 3.75 1.5 2 9.25 4.25 3.75 3.25 4.25 28.25 7.75 10.75 15.75 15.25 5.75 63 2 1.5 2 8.5 6.75 3.75 1.75 19 6 6.5 30.5 8.25 35.75 8 5 4.75 4.25 4 5.25 2.75 3 30.25 2.25 19.5 24 6 30 7.75 18.5 7.5 6.5 8.25 4.5 5.25 7.5 
30.5 25.5 39.25 23 30.75 2.75 4.5 3.25 2.25 3.75 11.5 18 16 28.25 38.25 35.75 17.5 23.75 20.75 17 48.25 35 20.25 10.5 6 5 39.5 29.5 23.25 16.25 19 9 58.25 19.5 4.25 5 15.25 10.5 9.25 38.5 8.75 13.5 18.5 17.75 17 28.75 10 39.5 25.5 25.75 50 30.5 8 38.25 5 5.75 23.75 1.75 1.5 2.25 13 4.5 2 2.25 4.5 4.75 2.25 14.75 4.25 6.75 20.75 0.75 23.75 2.75 2.5 3.75 12.75 8.5 7.25 20 7.75 5.75 8.75 9.75 6.75 12.5 18 21 14 9.5 1.75 2.75 33.5 20.5 3 3 2.75 4.75 8.5 4.25 4.5 5.5 4.25 40.25 5.75 10.75 19.5 4.5 9.75 5.75 2.5 1.5 2.25 11.5 20 10 15.5 10.75 32.5 6.25 34.25 12.5 3.75 21 23.75 
27.5 19 9.75 42.75 56.25 13.5 5 7.75 6 7.25 6.5 14.5 25.5 29 8.5 24.75 8.75 19.75 33.5 20.5 9.5 16.25 15.5 26.75 6.25 25.25 42 25 8.75 23.25 3.75 4.25 6 7.75 11.5 12.5 13 12 8 11 16.25 22.5 23.5 15.25 29.5 32 11.75 10.5 9.25 10.25 10.5 10 6.5 7.5 7.5 8.75 1.5 22 3.5 36.25 32.75 27.25 1.25 44.5 3.25 3.25 2.25 2.5 4.75 3 53.5 17 25.75 15 2.25 4 12 15.5 17 6.5 5.5 5.75 26 3 14 11.75 19.5 8.5 20.75 35.25 2.5 57.25 4 2.5 1.25 1.5 2.75 1.25 12.5 10 5.25 16.75 19.5 19.25 41.5 4.5 25 3.75 15.25 29.25 32.25 21.5 10.25 19.75 13.75 4.25 30.25 10.5 18.25 22.5 9.5 4.5 12 27.5 35.5 
26.5 26.75 46 2.75 21.75 18.5 9 36.25 12.5 19.75 11.5 10.25 4 11.25 6 8.25 55.5 5.5 13.75 17.5 10.5 6.25 10.75 4.75 27.75 15 8 34 4 8.25 8.25 19.5 9.75 13.75 15.5 40.75 39.75 32.25 33 43.25 37.75 27.75 31 23 19.5 24.5 25.25 22.5 46 23.75 31.25 17.75 23.25 48.75 30 37.25 66.5 11.25 3.25 1.75 36.5 0.75 2.75 4.25 2.75 2 2.25 0.75 18.5 3 12.25 6 8.75 14.5 41.5 5 28 4.25 2 4 2 1 1.5 4 3.25 42 17.25 15.75 8.75 15.75 3.5 3.5 3.75 12 31 29.25 21.75 2.5 13.5 23.5 4 4.25 8.75 4 7 19 12.75 20.75 12.25 8.5 10 48.25 22.25 2.25 3 8.75 8.25 65 10 7.75 4.25 3.75 32.5 9.25 10 
17 17.25 47 7.5 8.25 6 11.5 10 8.25 2 1.25 3.5 1.25 52 25.25 4.75 14 24 12.25 39 69.25 6.5 22.25 36.75 34 7.75 6 11.75 6.75 12 13 24 39.75 27.5 30.5 25.5 44 9 5 6.75 7.25 18.5 2 0 0 0 0 6.5 3 1.5 28.25 6.75 17.5 8.5 80 16.25 19.25 16.25 4.5 3.75 1.5 0 2.25 1.5 1 1.5 3.5 23.5 3.75 1.75 9 55.75 4.75 25.5 2.25 28.75 1.5 1.25 23.25 33 10.5 3.5 8.5 11.75 10 9.5 12.25 6.75 58.25 14 5.5 5.75 5.5 12.25 49.75 17 3.75 3.5 1.25 2 2 25 10.25 5.5 7.75 7.75 12 5.25 8.25 15.75 11 23.75 3.5 3.25 10.5 5.5 21.25 19.25 7 5.75 9 1.75 5.25 13.5 5.25 
23 17 25.25 22 10.5 9.5 4.5 2.75 2 30.25 28.25 2.25 1 8.5 23.5 8.25 8.25 14.5 15.75 15.5 25.5 35.25 8.5 5.25 4 25.25 30.25 12 18 36 80.5 28.75 18.25 19.5 4.75 0 0 0 12.75 20 15.25 26.5 0 38.5 0 2 15.75 5.25 62 6.25 12.75 4.25 121.75 18.75 21.5 10.75 25 2.25 15 11 2.75 1.75 2 3 14 2 1.5 2.5 31 2.5 8.25 14.25 1.5 20.5 2 9.25 6.25 21.75 12.25 8 2 17.25 27.5 27.25 10.5 27.5 15.25 44.75 16.5 20.5 4.75 1.75 6.75 9 26.75 39.5 4.25 26 13.5 21.5 24 20.75 14.5 12.25 20.5 12.25 11.25 14.25 10.75 9.25 3.5 4 5.75 3.75 3.25 21.5 14.25 1.5 53.5 6.25 5.75 12.25 6.75 5.25 9.5 
36.75 29 13 20.5 2.5 20 2.5 21 1.25 1.75 3.5 2.5 1.75 3.25 3.25 13.5 41.5 40 16 15.5 20.75 8.75 3.25 6.5 10 21.25 26.75 41.25 36 18.25 52.5 0 0 22.25 0 0 56.5 0 5.5 47.25 54.75 60.5 46.5 4.25 1.75 1.75 2 38.25 2 0 0 3 2 40.75 0 0 39 56.25 17.5 16 10.25 3 16.25 3 2 3.25 4.25 23 5 8 2 9.25 48.5 24.75 17 8.5 2.75 6.75 12.5 13 1.5 25.5 14.75 4.25 2.25 12.25 12.5 7.25 18.5 16.5 7.75 14.5 28.75 12.75 22.5 23.5 32.5 5.5 5.75 8.5 25.5 1.25 50.5 10 4.25 4 10 34 43 18.75 23.5 5 2 3 44.25 7.5 11.75 3 3.75 2.75 44.25 25.5 19 6.75 14 
47.25 11.75 2 26.75 4.25 8.25 20.75 4 2 2.75 1.75 1 34 6 9.5 10.25 21 19.75 9.75 30.25 5.75 6 11.75 21.75 33.75 38.75 27.75 51.5 55.25 45 0 55 0 0 8.75 0 0 0 0 0 0 5 2 1.75 4.25 26.5 3.5 1.75 2 0.25 21 0 0 0 0 19 0 42.75 64.75 20 2.75 13 3 2.5 17 5 3 5.25 4.75 5 6.5 10.75 2.5 82 5 36.5 14 4 6.75 4.5 5.75 37.25 4.75 24.25 2.5 1 8.25 4 43.25 17.75 18.75 10.25 24.75 43.75 32.5 27 23.75 4 5.25 1.5 4 1.75 2 3.25 2 3 39.25 8 29.5 13.25 3.75 6.75 2.5 3.25 7.5 10.5 13.5 13 17 13.75 19.5 6.5 29.75 36.25 19.5 
45.25 13 4 8.5 3.5 15 25 1.75 10.25 1.25 4 13 7 8.25 12.25 34 28.75 44.25 7.75 11 12.5 32.5 34 33 9 68.75 17 26.75 18.5 4.75 0 21.75 0 0 0 37.75 37.5 0 0 28 57 0 57.5 1.5 2 2.25 61.25 9.25 28.25 0 0 1.25 10.75 4 1.75 8.75 26.75 11.25 34 7.5 26.75 3 4 0.75 3 4 4 25.75 8.75 25.75 28 5.5 9.75 25.5 13.25 7.5 1.25 2 7.75 3.5 31.75 47 37 22.25 30.5 14.5 8.25 9.25 44.5 34.5 11.5 5 5 2.5 1.25 12.75 24 17 32.5 3.75 3.5 23.5 6.75 20.5 3.75 5.75 5.75 9.5 9.5 4.5 8.75 4.5 6 1.25 6 40.5 7.75 6.5 19.75 6.25 6 2.75 5.5 4.25 22.25 
28.25 17.5 12.75 20 16.75 35.5 5.25 3 23 5.25 6.25 15.5 19.75 15.25 4.75 3 34 13.25 14 33.25 49.75 16 19 10 1.5 0 19.5 31.25 22.75 52 40.75 34 0 0 0 0 0 0 0 0 8 0 39 0 2.25 1 2.5 6.5 26.25 14 12.25 22 16.5 17.25 54 12.75 34.75 49.25 7.5 3 2.75 6 45.75 7 5.5 4 5.75 5.75 6 4 25 4.5 15.25 50.5 29.25 2.25 4.5 6.75 12.75 24.5 14.75 49.75 21 22.5 30.75 34 3 1.5 5 5.25 3 4.5 27.25 5.25 27.75 28.25 27.5 21 12.5 4 8 4.25 21 3.75 14.5 7.25 30.75 18.25 20 18.5 4.25 3.5 20 3.25 8 14.75 24 7.5 16 25.75 18.5 9.25 14.25 26 28 
9.5 7.75 12.75 17.5 31 2.75 1 4.25 3.25 2.25 5.75 4.5 3.25 6.5 12.75 11.5 25.75 19 18.5 12.5 7.5 14.75 16.5 10 21 14.75 17 8.25 4.25 28.5 0 21.5 0 0 0 0 0 0 13.5 0 0 70 0.5 0 0.75 14.5 8.75 12 7.75 10.5 6.25 11.25 34.75 16.75 31.25 30 24.75 7.25 4.5 41.75 5.75 5.75 2.75 5 5.25 6 4 3.75 2.25 3.75 3.5 5.25 35.5 35.5 20 37.75 23.25 18.75 15 49.25 11.5 10 3.5 8.75 27.25 29.5 20.75 2.5 30.5 3.5 30 19.5 9 14.5 3.75 21 12.5 24 23.5 66.25 27.5 22 22.5 6.5 15.25 15.5 6 15.75 39.25 10.25 16 4.75 13.5 18.25 12.75 14.25 20.75 21.25 9.75 5.5 5.25 31.5 6.5 22.25 18.5 
8.5 5.75 31 5.5 7 6 3.5 1 3.5 3.25 6.75 11.5 36 13 27 63.5 16.75 15.25 10.5 10.5 10.5 29.5 21 7.75 1.25 7.75 61.25 0 0 55.25 0 0 44.5 28.75 0 0 38.5 16 0 54.5 0 0.25 2.5 4.25 4.25 36 8.25 21.25 9.25 36.25 29.5 32.75 17.5 18 12.75 39.5 7.5 10.5 7.25 14.25 4.5 2.5 10.75 4 4.5 2.5 26.75 7.75 14 7 13.5 3.75 25.75 24.25 49.25 7.25 7 1.75 3 10.5 12.75 22.75 33.5 9.25 52.75 14 43.25 3.5 23.25 12.25 17.25 24.25 24.25 19.75 10.5 43 42.25 7.75 37 10 2.25 10.5 59.5 5.25 6 17 16.75 18 21.25 46 8.5 3.5 6.25 55.25 8 14 12.25 29.75 7.5 2.75 5.75 13.25 11.5 38.75 48.5 
29.5 13 19.5 3.75 3.75 2.75 3.25 17.75 6.75 9.75 17.5 14.25 15.75 46 18.25 59 9.5 53.75 67.5 9 58.25 10.5 0 0 0 4.5 70.5 0 0 0 0 0 0 0 0 0 27.75 19 2.25 0 0.25 9 3 2.25 12.75 22.5 19 61.75 31 9.75 12 12.75 8.25 7 12.75 10.75 3 4 21.5 44 15.25 4 1.75 5.5 7.75 6.5 7.75 36 46.75 12.25 23.25 39.25 3.5 3 3.25 14.75 51.5 8.5 20.25 18.25 15 51 17 10.5 23.25 35.5 8.75 1 15.5 12 52.75 30 8.5 1 19.75 8.75 12.25 46.5 24.5 31.75 2.5 20.5 21.75 37.25 22 22 8.5 1.25 21.75 32 11.25 0.5 2 7.25 4 10 8.25 23.25 17.75 10.25 4.75 5.5 10.5 33.25 59.75 
11.25 5.75 28.25 6.25 31.25 22.5 7 9 11.75 17 19.5 13.25 17 19.75 13.25 5.25 4.25 49 3.5 2.25 52.5 3.25 54.75 26.5 12 0 36.75 52 0 0 0 0 0 29.5 59.5 0 0 0 5.25 11.25 16 18 12.75 27 33.25 29.75 22 14 3.75 6.5 6.5 4 6.25 9.25 5 11.25 12.75 7.5 21.5 13.75 41.75 8.75 4.75 20.25 21.5 9.75 27.25 13.75 31.25 17.25 24.75 10 13 20.25 26 48.25 43.75 14.5 20.25 10.5 24.25 20.25 21.75 8.25 12 43.25 30.75 1.5 14.5 16.5 31.5 22.25 8 12.75 18.5 39.25 18 16.5 2 13.75 3.25 35.25 77 16.25 41.25 34.75 1.75 47 12.75 7 6.5 1 2.75 3.5 31.5 1.5 10 44 9 6.75 1.5 10.75 18.5 12.5 25.75 
2.75 2.25 13.5 10.75 13.5 10.5 9.75 11 27.5 20.75 23.25 24 19.75 10.5 25.75 9.25 1.75 2.5 5.5 15.5 63.75 3.75 0 0 24 0 4.5 2.75 0 34.5 0 0 0 0 0.25 3 2.25 2.25 5.25 10 64 18.25 48.5 33.75 13.75 4.25 2.75 4.25 5 7 5 4.25 7.75 14.5 10.75 41.25 5.25 15.25 4 9.5 25.5 9 0.75 17.75 6.5 12.75 23.75 10.5 6 1.5 18.75 16.5 9.5 15.5 23 26 16.75 35 8 22.25 19.5 9.25 34.25 65.25 5.5 10.25 33 36.25 11 44 48.75 16.5 9.5 1 46 15.25 31 17.5 4.25 2.5 7.5 33.25 51.5 9.5 16.5 2.5 8.5 27 25 11.5 55.5 3.75 4.25 25 7.75 9 5.5 5 1.75 3.75 1 22 8 27.75 12 
10.75 15 19 32.75 18.5 13.25 27.5 22 13.75 20.25 3.25 6 11 14 2.5 4 4 66.75 30 3.5 3.25 6 0.5 41.75 2.75 49.75 59 5 3.75 0 98.25 7 27.25 26.75 10.25 6 6.25 16.75 15.25 24.5 23.25 40.25 20.5 11.5 7.25 4 30.5 5.5 15 35 16 15.5 12.25 4 12.5 11.5 4.75 10 11.5 14.5 29.75 4.75 2.25 8.5 24.25 19.25 1.25 15.75 2.25 27.5 16.75 4.75 12.25 8.25 10.5 50.75 43.25 25.75 12.25 19.25 16.5 13.25 14.5 14.75 17.5 14.5 2.25 27.5 17 20.75 15.75 48.75 13.5 2.25 10.5 13.25 15 14.75 4.75 2 5 23 43.25 12.5 20.75 4.75 7 7.5 19.75 31.75 6.25 6 11.75 6 7.75 14.5 13 6.5 11 5.5 12.5 13.5 22.75 13.25 26.25 
49.75 18.75 45.75 13 15.25 54.5 8 1.5 2.75 2.75 3 2.75 6.5 2 1 1.5 41 56.25 2.25 33.75 17.75 0 0 19.5 0 0 0 8.75 6.75 5 5.5 30.5 19 82.25 8.25 9.75 18 28.25 28.5 11.5 13 10.5 1.75 28 9.75 6.25 5.25 5 9.25 15.75 5.5 12.75 36 21.75 19.75 48.5 9 32.5 12.25 15.75 5.75 4.75 32.25 10 13.5 21.75 3.25 18.75 32.75 2.5 7.75 22 22.75 27 27 63.25 71 28.25 27.5 19 16 33.5 43 15 33.5 47.75 3.75 6 28.5 60.25 24.5 64 1.25 8.5 20.25 62.5 19.5 16.75 4 4 45.75 20.5 13 16.5 25.75 3.25 8.25 38.25 11.75 17 17.25 4.25 34.25 46.75 6.75 6 33.25 6.25 13.25 15.75 12.75 4.75 20.25 3.5 8.75 
61.75 17.25 30.25 12.25 23.5 1.25 21 0.25 1.75 4.5 7.5 9.25 45.5 0.5 63.75 0.25 0.25 0.5 37.5 0 1 1.75 0 0 31.5 1.5 2 8.75 11.5 38 20 14 12.25 12 38 28.5 12.75 38 2.75 19.25 7 9 8 4.25 3 5.25 11.25 9 13 57.75 14.5 13.75 36.25 11.25 67.75 16.5 10.25 6.75 16 5.25 4 2 13.5 14.5 20 35.25 29.75 4.5 11.5 15.5 14.25 4 3 3.25 6 3.75 11 14 25.5 11.75 14.75 47.25 16.75 28.5 17 12.5 6.75 10.25 32.25 23.25 26.5 13.5 21.75 7.5 21.25 17.5 19.75 9 2.25 1 12 16.5 22.5 27.75 10 2.5 54.5 25.25 21.75 6 21 4.75 24.5 9 9 12.75 7 10 12.75 19.75 11.75 12.75 9.5 14 4.75 
74.5 41.5 47 2.25 6.5 2 1.5 0 2.5 1 6.5 38.5 19.5 5.5 11.75 0 0 0 26 0.5 60.25 1.5 0 9.5 62.25 0 0 0 15.75 9.75 21.25 17.75 14.5 17.25 20 18.25 5.25 4.75 5 6.25 30.25 33.75 3 9.25 14.5 37.25 31 23 22 12 16 15.5 4.5 3.25 8.5 37 14 13.75 12.5 1 3 3.25 16.75 34 15.75 10.75 9.25 32.5 12.75 11.25 27 28.5 54.5 25.75 11 3.5 1.5 1.5 10 8.75 5.75 5.25 26 16.5 29.5 3 13.5 21.25 47.75 10 45.75 7.75 3.5 6.75 17.25 23.75 43.25 47.75 7.5 1 13.5 10.75 6.25 17 5.5 15.25 36.25 26 61.25 34.5 9.5 31.75 2.5 26.5 59.25 9.75 10.75 43.75 7.75 6.5 5.25 2 2.75 2.75 14 
19.75 17.5 9.5 0 51.75 2.75 0 0 0 0 2.5 1.25 61.5 2 0 42 21 28 10 10 4.25 2.25 5.5 1 4 27.25 9.75 53.5 20 21.5 23.25 6.25 3.75 6.5 30.75 4 4 8.5 6 4.5 5.75 11.75 12.5 9 45 24.25 10.75 12.25 9.25 29.75 30.25 30 32.25 20.25 16.25 34.75 9.5 28.5 32 1.25 2.25 18.25 1.25 15.25 24.5 3.5 32.25 6.75 3 16 19.25 11.5 11.25 10.5 9 8.5 10.75 2.25 3.25 4.5 28.5 21.5 37.75 17.75 62.75 33.25 16 12.25 15.75 25.25 8.75 1.75 2.5 10.25 21 19 12.25 7.75 1.5 3 23 52.75 17.75 16.5 14.25 12.25 44.5 32.5 26.25 48 20.5 3 18 14.25 38.5 53.25 69 8.5 4.25 1.75 5.75 28.25 2.75 5 3.75 
6 0 0 0 0 0 0 0 0 14.5 0 0 0 0.5 4.75 13.25 33.25 48.25 44.5 61.25 17.75 48.5 6.25 3.5 2.5 6.5 7.25 37.25 42.75 43.75 6 11 6.5 4.25 36.5 25.75 9.25 4.5 8.75 11 14 13.25 19.75 12 18.5 23.5 35.75 18.25 42 14.5 23.5 15.5 20.5 41 5.25 18 18.75 14.75 15.75 14 1.75 3.5 29.75 16.25 27.25 23.25 17.25 41.25 23 19.75 14.75 13.25 8.5 3 33 14.25 16 74 2 12 8.5 27.5 16.25 45 31 25.25 11.25 4.75 9 8 6.25 4 24.5 3.5 9 44.75 11.25 24.5 2.75 15.5 12 4.75 9.5 37.5 1.75 3.25 8.25 32.5 42 31.5 42 3.25 13.25 25 40.25 17.75 37.75 2.5 21 8.75 8.25 3 21.75 2.75 8.25 
0 0 7.5 0 48.25 0 0 50.5 0 0 0 9.5 24 143.25 36.5 48.25 15.75 9 20.25 9.5 11.75 17.25 12.25 1.75 8 39.5 22 50.25 18.5 5.75 10.25 3 3.75 34 11 101.5 14.75 15.5 10.75 14.25 9 48 13.75 16.75 14.75 17 31.25 18.5 11 11.25 39.75 12.5 16.5 20.25 14.25 17.75 14 17 9.25 33 3.25 18.25 31 41.5 17 3.5 19.5 21.25 27.5 8.75 52 23.5 21.25 3.25 5 25.75 64.25 13 33 15.25 35 24.5 5.5 25 87.25 66.5 13.75 7 40.5 12.5 23.5 30.75 6.5 7.25 1.75 2.25 1.75 3.25 22.25 19.25 9 25 14.5 13 2.75 3.75 14.75 8 24 26.25 13.5 20.5 13.75 13.75 26.5 8.5 61.5 22.25 12.75 35.5 3.5 16.25 18 5.25 12.5 
0 4.25 9.75 0 0 0 3.5 1.5 52.5 11.25 21.75 54 41 25 8.25 5.25 7.5 11 52 32.25 35.25 22.75 15.75 6.5 36.25 13.5 5.75 15.25 24.75 22.25 20.5 7.75 14 14 16.5 18 11.25 47 47.5 12.5 32.75 10.75 4 4.5 16.75 29.75 11.75 17.5 37.75 28.5 15.75 7.75 3.75 5 6 12.25 18.75 30.25 17.5 4.5 1.5 2.75 74.5 10 20.25 1 22 14.25 2.75 12.25 5.5 25.75 31.25 7 4 3.25 1.5 8.75 35.75 20.75 16.25 16.25 3 6.75 47 17 11.5 9 14.75 3.25 13.5 14.5 10.5 11.25 4 5 3 0.75 2.75 20.75 16.25 42.25 21.25 9.5 3 0.75 58 11 12.25 37 6.25 1.75 12.75 19.75 16.25 9.75 49 19.25 25.5 17.5 4 2 1.5 21.5 12.5 
15.25 14.75 0 0 0 0 14 36.25 43 43 31.5 41.5 27.5 12 9.25 1.5 7.75 7.75 10 12.25 33.5 6.75 4.25 35.5 30 9 16 4.5 53.25 9.75 23.25 22 63.75 41.75 4.5 11.5 31.25 27.25 36.5 30.5 4 8.5 19.25 3 48.5 19.5 22.25 12.5 10.25 38.5 28.5 10.75 8 23 13 4.5 16.75 9.25 29 1.75 1.75 22.5 78.5 45.75 16.5 1.75 41.25 5.75 4.5 6 21.5 18.25 14.75 15.25 19.75 16.75 50 21 17.75 4.5 24.5 44 11.5 11.5 15 8.5 2.75 4 12.25 11 10 11.5 7.75 15.25 10.75 16.5 3.75 27 36.25 8.75 40.75 9.5 33.75 2.25 24.5 4 3.75 15 54 46.75 8.75 5.25 36 16.5 5.5 4.75 32.5 49.25 31.5 31 2.75 2.5 3.25 4.25 18 
5.75 2 3.25 57.75 35 70.5 66.5 18.5 12.5 9.75 9.25 5.25 8.75 10.25 9.25 17 8.75 8.25 20.25 8 5.25 11.25 26.5 29.5 14.25 6.75 11.75 4.25 5 12.25 39 37 18 5.75 15.5 31.75 11.25 9.5 18.75 8.5 14.25 13.75 19.5 26.5 33 8 5.75 18.5 31.25 10.5 35.75 17.75 26.75 14 24.25 10.75 13.5 14.25 33 2 5.5 9.5 32.25 5.75 8.5 1.75 36.25 36.5 16.5 4 11 23.25 31.75 22.25 33.25 17.5 39.5 47 7.75 6.75 5.75 29 48.5 18.5 6 3.25 9.75 21 48.75 32.75 20.5 28.5 36.75 6.5 6.75 12.25 3.5 3.25 4.25 10.25 5.75 9.75 9.75 4.75 27 8 13 18 10.5 17 3.75 5.25 21.75 54 6.75 6 5.5 19.25 20.25 31.5 4.75 1.5 1 7.25 4 
7.5 2 6.5 18 34.5 17.5 5.75 12.5 14.25 7.75 12.25 11.75 12.5 6.5 5.5 13.25 19 2.75 9.25 32.5 17.75 22.5 9 11.5 6.25 13 7.25 10.5 17.25 44.25 23.25 10 0 7.25 74 23.5 16.25 15.5 17 32.5 25.75 9 22.25 7.75 6.75 10.75 8.25 4.5 5.75 8.5 24.75 7 5.5 10.75 5.25 7.5 45.25 21.25 7.25 3.25 36.5 5.75 17.5 26.25 3.25 4.5 43.5 10.25 21.5 26 12 30.75 4 4.75 21.5 14 38.75 70.25 2 34.5 28.75 13.25 20 22.75 5.25 13.25 16.25 9.5 3.5 27.5 18.5 8.5 3.75 10.75 20.25 44 10.5 2 14 48.75 8.25 21.75 4.5 22.5 41.25 4.75 12.25 22.75 40.5 47.5 4.25 11 46.5 44 10.5 9.25 11.75 5 35.5 26.75 4 1.5 2.75 6.25 6 
8.5 5.25 3.25 30.25 11.75 8.25 14.25 8.5 23.5 22 11.25 5.75 27.75 16.5 9.75 21 5 6.5 5.25 4.25 23.75 9.5 11.5 20.5 41.5 21 4.5 28.25 36.5 14.25 4.75 4.25 2.75 5 13.25 30.25 28 30.75 5 44.5 15.5 10 8 12.25 43.5 10.75 5.25 6 3.25 6 17.25 21.5 13.5 17.25 6.5 8 13.75 10.25 3 20 10.25 19.25 8.75 25.25 63.5 20.5 12.25 11.75 13.25 5.75 12 43 1.5 14.75 4 29.75 30.25 26.25 21.75 17.25 14 13.75 12.25 5.5 1.25 4 17 19.5 4.75 50.75 39 13 4 12.5 7.25 37 7.5 2.25 3.5 24 8.75 14.25 11.75 3.5 2.25 56 6.5 11.5 17.75 5.5 3.5 8.75 8.75 11.5 4.75 7.25 21.25 8 43.5 26 33.75 9.75 2 12.75 7 
6.75 4.75 3.75 42 30.5 49.75 11.25 8 7.5 9.25 9.5 39.25 18.25 42 5.75 8.25 28.5 4.75 7.5 23.5 4 12.75 3.25 8.75 6.75 7.25 31.75 26.75 8.5 5.5 5.75 2.5 3.5 75.75 3.25 37.25 8.5 15.25 56 24.75 4.75 6.5 21 11.25 7 8.5 48.25 18.25 18.75 3 29 18.5 12 7.75 51 10.5 8.5 8 17 2.75 4.5 4.75 5.75 14.5 26.75 42 8.75 2.25 2.25 26.75 42.25 19.5 57.5 20 43.75 26 10.75 14.75 20.25 15 53.5 10.5 13.5 6.5 2.75 2.5 4 10.75 11.25 60 38 9.75 7.75 40.75 16.75 28.5 7.5 5.25 3 5 9.75 13.25 17 5.25 2 5.25 3.75 9.5 2.5 2.75 18.75 24.5 41.75 15.5 21.75 10.75 3.5 11.25 5 32.75 2.25 2 3 19.5 37.5 
12.25 3.75 38.5 6.75 12.25 12 9.75 26.5 11.25 10.25 10.75 12 42.75 10.5 9 8.25 6 36 3.5 23.75 7.75 1.75 44.5 10.75 4.25 35.25 15.25 3.5 5 8 39 5.75 9 17 45.5 10 11.75 9.25 2 2 46.25 23.5 17.5 25.75 12.75 11.5 13.5 53 22.75 16 13.75 17.25 26 17 48.5 17 5.5 29.25 0.75 1.5 3.25 20.25 11.75 9 1.75 19.5 40.25 3.5 3.25 24.75 35.75 17 3.25 37.5 4 9 12.5 10.25 23.5 16.25 15.5 22.5 12 10.75 12.5 2.25 15 5 29.5 32.75 43.75 9.5 15 26 10.5 8.5 21.5 3.25 3.25 5.75 12.75 4.5 8.25 3 5.75 15.25 6.5 25 10.25 2.5 1.5 19.5 48.25 24.75 8.5 12.75 13.25 10.25 7 7.75 16.75 18 7 8.25 18 
2.25 36 8.75 6.5 16.25 25.25 21 8.25 13.5 9 24 5.25 61.25 4.75 9 5.5 7.25 4.5 16.25 8.75 16.75 9.25 57 14.75 13.25 11.75 13 10.75 9.5 2.5 11 15 15.25 36.75 14.25 8 5.25 12.5 11 10 19.25 14.5 17.75 14.5 17.25 24 15.5 28 17 25.5 21.75 36 14.75 4.75 6.25 9.75 5.25 4 16.75 2 19.75 10.5 20.75 19 0.75 25.5 25.25 5 15.75 24.5 56.75 35.25 36 54.25 2.5 38 6.5 8.75 11.75 28.75 10 8.25 6.5 1.75 0.75 5.75 21.5 27.75 38.5 46.25 5 11.5 19.25 25.25 11 7.5 25.5 26.75 3 3.5 13.5 8 9.5 3 15 42.25 15.25 6.75 13 3.5 2 10.5 4.5 14 75 42.5 16.75 6.25 29.5 47.75 1 2 5.5 36 41.25 
2.75 4.25 3.5 6 22.5 3.5 26.75 8.75 10 31.25 8.25 12.75 7.5 7.75 6.75 5.75 22.25 14.25 6.5 39 8.75 10 5 15.75 32.75 27.5 14.75 36.5 10.25 9.25 49 3 52 15 10.25 6 3.25 5.25 3.5 12.25 9 37.75 27.5 19.75 17 25.25 9.5 22.75 2.25 60 23 22.75 38.75 17.75 6.5 19 11.75 2 2.5 2.5 14.75 32.75 13 9.5 2.25 68.5 32.5 20.25 29.75 23 32.5 3.75 14.75 32.5 3.75 9.25 36.25 25.75 23.5 62.5 12.75 37.75 71.25 2.5 6.25 2.75 17.75 3.75 29.5 31.75 26.75 33.5 16.75 12.75 19.75 10 21 3 3.25 7.75 22.5 24.25 28.5 1.75 8.5 8 24.75 29.25 35.25 28.75 4.75 11.5 19 6.5 7.25 9.25 8.75 5 44.5 35.5 2.5 3.25 3.5 51.5 8.75 
1.75 1.75 2.25 26.25 22.75 13 10.75 4.75 5 12 13 13.5 7.5 6 7.25 8.5 8 5.25 7 21.75 17.25 33 14.75 47.25 45 21.25 15.5 8.5 6 0 57.5 5.75 1.5 62.5 6 6.5 5.75 13 45 25.5 47.25 18.5 18.5 9.5 18 12 18 9.25 3.25 44 2.25 5.25 13.25 7 8.75 15.25 11.5 1.75 2 6.75 14.5 36.75 14.5 4.5 6.75 52 15.5 13.25 38.75 22 30.5 2 28.5 16 2.5 0.5 50.25 5.75 47 7.5 43.5 22.5 30.75 1 31.5 5.25 15.5 43.5 25.75 30 54.25 2 35.25 7.5 16.25 6.5 9.5 2.75 2.25 10.25 41.25 23.75 28.75 2.25 11.25 5.25 22.25 3.75 26.75 4 5 25.75 53 10 15 13.5 50.75 7.25 2 1.75 2.25 33.75 19 20 42.25 
3 0.5 22 3.25 5.75 4.25 9 20.5 3.5 6 10.25 3.25 10.75 25.75 4.25 13.25 12.25 7.5 4.25 38.75 6.75 6.5 50.25 15 5.25 4.25 7.75 10 114.75 0 3.5 8 3.25 8.25 6.5 6.75 15.25 27.5 10.25 5.5 23 6.75 18 10.75 13.5 5 20.75 4.5 7 39.25 37.75 7 44.75 12 13.25 8.75 12.25 13.25 1 1.5 13.75 51 19 7 43 53 12.5 10 7 22.5 23 2.5 32.75 18.75 1.5 2.5 33.25 44.25 36.5 84.25 36.25 21.5 32.5 4 16.75 16.25 21.75 15.25 36.75 28.25 11.25 5.25 58.5 12.25 9.5 13.5 7.25 2.5 4.25 5.75 10.75 13 2.25 1.75 2.25 1.25 7.5 2.5 1.5 1 16.75 72 15.5 52 12.25 11.75 7.5 31 1.25 38.5 13 4.25 13 15.25 5.25 
2.25 1.5 8.25 4 2.5 31 3.5 2.75 5.25 4.25 2.25 2.5 3.5 41.5 3.5 4.25 5.5 7 57 25.25 30.5 39.75 38 57.25 16.5 6.75 2.25 49.75 5.25 0 0 2 2.75 8 1.5 2.25 13.5 45 12.25 21 3 17.25 19.25 7.25 4.5 7.25 18.5 2.75 8 19 16.75 5.75 17.5 11.5 9.5 14.75 24 3.25 2.75 11.5 59.75 4.75 49 3.75 13 18.25 13.75 3 12.25 37.25 16.25 7.5 38.25 9.75 2.75 2.75 25.75 61.75 13.5 17.25 12.75 55.25 32 2.75 3.25 4 51.75 11 35.5 9 27.5 28.75 20.25 11 10.75 10.25 6.5 1.75 3.5 19 10.25 5.25 2.5 13.5 5.5 2.75 6.75 25.5 31.5 32.25 3.5 18.25 21.5 60.25 5.5 3 2.75 5.5 2.5 13 42.75 7.75 44.75 13.5 9.5 
7.5 3.25 11 3.25 2.25 3.75 3.75 12.5 13.25 24.25 5.5 5 20 6.5 4.5 3.25 1.25 11.25 31.5 8.25 33.75 27.5 9.25 44 34 5.25 8.5 21.25 0 0 0 0 1.5 62.75 57.25 6.25 5.5 55.25 4.25 6.5 4 10.5 20.75 10.25 2.25 4 12.5 9.25 7.75 15.75 18 15 28.75 16.75 9.5 19.5 40.75 3.75 2.5 15.25 12 11.25 13.75 5.25 12 18.5 35 23.25 31.75 44 11.25 4.25 38.5 7.75 3 4.75 34 1.25 6.5 23.5 14 31 61.25 3 2.25 14 4 30.5 15.25 55.5 42.25 8.25 22 17.5 8.75 6 7 7.75 51.5 3.75 5.25 5.5 18 17 6.25 4.75 2.25 27.5 3 2.25 6.25 11.75 8.5 5.5 9.5 4.5 10.5 4.75 2.25 1.75 4 5.5 10.25 5 8 
5 2 38 14.25 2.5 1.75 3 28.25 2.5 2.75 3.5 1.25 1.5 30 7.25 4.25 10.75 21.5 5.25 22.25 40.5 12.25 43.75 28 38.25 48.25 13.75 0 57.75 0 0 0 0 0 4.75 5.75 5 12.5 63.25 5.5 4.25 24.5 32.75 13 15.25 29 2.5 28.25 7.25 15.5 31.75 7.25 3.75 8.25 4.25 18.25 51.25 2.75 4 2.25 2.75 23.5 26.5 7.75 6.75 14.75 13.75 6.25 2.25 2.5 103.75 17.5 63.5 3 0.75 0.25 11.25 2.25 2 0.75 4 2.5 2 1.75 3 19.5 2.25 29 21.25 2.25 6.5 23.25 21.75 33.75 8.25 14.75 6.25 6.25 4 10.5 8.25 8 2.5 3 9 22.5 8.25 5.5 1.25 3 28.5 43.25 10.25 7.25 10.5 16 6.5 3.5 2.5 2.5 1.25 1.75 1.25 40.75 8.25 
3 7.25 6.25 3.25 2.5 2.5 2.25 4.25 2.75 2.5 27.25 4 14 2.5 6 12 8.5 4.75 35 37.75 20.5 0 2.25 0 12.75 4.25 1 0 0 0 0 0 0 0 4 8.25 1.75 2.25 4.25 16.5 28 56.75 24.75 18 2.5 37 3.75 1.25 2 6.5 11.75 10.75 18.25 27.5 6 5 46 2 2.25 2.5 8.25 12.5 5.5 43.75 20.75 13 37.5 19.25 0.5 1.25 6.5 4 38.25 35.25 23.25 4.25 11.25 5.25 23.75 1.5 0.5 1.5 1.75 1.75 3.75 14.25 21.25 28.5 29.25 17.25 21 7.75 26.75 27.75 4.25 7.25 3 3 4.25 5.75 5.5 25.75 2.25 4.75 15.5 38 4.75 11 3.5 2.5 5.5 19.25 6 3.5 11.75 6.75 8.5 39 1.5 1.5 0.75 2.25 10.25 10.75 17.5 
2 2.75 2.75 19 7.25 13.75 6.25 2.25 1.75 2 25 1 39 5.5 3.75 7.75 32.75 15.75 28.5 25.25 2.5 0 0 0 0 0 0.5 1 52 0 0 0 0 28 1 3.5 1.5 5.5 4.5 9.5 28.5 18.75 13.75 13.75 4 1.75 3.75 1.25 2 5.25 2 4.5 5.25 4.5 2.25 2.25 46.5 25 17.25 5.75 19 14.75 38 12.5 8.25 2.25 9 13.25 7.25 4.25 2.5 39.75 43.75 3.5 4.5 20.75 25.75 19.5 23 32.25 14.25 8.5 11.5 11.75 2.75 14.25 3.5 22 8.25 12 6 19.5 21.75 19.5 9.5 11 1.25 3.5 12.75 12.25 28.75 2.5 4.25 2.25 31.5 8.25 7.25 8.25 2 33.5 26 19 14.75 5 44.75 21.5 8 4.25 4.5 10.5 1.75 3.25 5 7 15.5 
32.75 0.75 2 1.5 1.75 17 3 3.75 1.5 22 3.5 5.5 9.75 4.75 6.5 8.5 6 23.5 29.25 11 0.25 1 0 0 0 0 3.25 6 3.75 0.75 35.75 0 0 2 0.5 5 0.5 3 2.5 1.5 3.25 22 41.5 26.5 18.25 4 7 61.5 31.5 15.75 2.25 3.25 5.25 3 1.75 2.5 2.25 2.25 4.5 4.75 31 27 4 2.5 8.75 5.25 5 4.75 12 60.5 19.75 16.75 24 13.5 7.75 1 2 2.25 3 2 8.5 33.25 35.25 12.5 20 21.5 9.75 11.5 19 29.25 22.5 22.25 14.5 28 26 9 6.5 13 4.25 39.5 13 5 7.5 57.5 2.5 2.25 3 2.25 3.5 9.25 14 24.75 8.25 14.25 6.25 12.25 14.25 4 6.5 3.75 9.5 3.5 4.5 6.75 18 
1.75 2.25 0.75 22 1.75 2.75 11 16.25 3 33 35.25 3.5 5.5 25 4.25 5.5 15.5 14 9.5 7.75 37.25 6.75 0 0 21.75 0 0 0 3 59.5 0 0 2.25 5 0 0 2.5 2 1.5 1.5 6.75 12.75 50.5 13.5 20.5 13 19.75 20.75 6 2 34 30.75 7.5 3.75 3.5 15.5 6.75 19.75 35 6.5 6.75 22 21.25 12.25 4.25 6.25 4 7 6.5 6.25 3.75 4.5 4.25 6.5 14.5 17.75 16 29.25 17 24.5 26 11.5 27.25 4.75 12.25 12.5 28.5 12 17 22.5 27.25 14.75 6 5.75 12.75 2.25 6 13.5 7 18.5 15.25 21 11.75 34.25 6.25 31.25 5.75 2.25 22 21.25 27.25 21.75 36.75 9.5 36.75 14.5 20.25 2.5 3.5 19.25 31.5 4.25 5.25 4.25 10 
5.5 3.25 2.75 1.25 2.75 5.75 5.25 4.5 8.25 13 6 2.5 9.25 12.75 4.5 10.25 6.5 4.75 11.75 8.5 10 4.5 5.75 0 0 35.25 0 0.5 0 18.5 3.5 4.75 2 0 0 0 2.25 2 0 55.75 2.5 22.75 4.75 2.75 5 4.5 5.75 3.5 57.25 38 18.25 66 25 23.25 51.25 10 20.75 21.25 13.5 17 15.5 10.5 27 10.5 5 6 3.75 4.5 3.5 6.5 6.5 5.25 3.5 5 4 2.5 7 9 4.75 6.5 3 5.75 3 27.25 17.25 10 15.5 3.5 3 5.5 12 8.25 10 11.25 4.75 4.25 15.75 20 13.75 9 18.25 16.25 8.25 23.25 15 25 7 6 21 3.5 48.75 8.25 3.75 8 5 12 35.5 2.5 57.5 32 27.75 2.5 0.75 2.25 2.5 
23.5 3 1.75 4.75 4 2.5 2.25 1.75 7.75 5.25 2.25 1.5 4.75 2 2.75 7.75 16.25 4.25 4.75 13.25 22.25 9.75 2.5 3.5 5.25 0 13.5 26.25 0 2.75 29.25 4 6.5 18.75 0.25 2 17 1.75 1.5 2.75 1.25 2.75 49.5 5.75 1.5 1.75 4.75 1.5 2 4.25 2 50.25 6.5 12.25 22.75 24.25 22 20.75 7.75 17.75 25.25 3.25 2.25 7.75 37.75 6.25 12.25 4 8.25 3.75 21.25 19.75 5.25 17.75 17.5 4 25 21 4.5 4.75 3.25 2.25 3.25 2.75 3.25 2.75 2.5 2.25 1.5 1.75 3.5 14.5 8.5 25.75 3.25 3 5.25 7.75 5 4.25 6.75 11 6.5 3.75 13.25 12.75 32.25 4.25 44.75 21.5 35.5 11.5 13 5.25 6.5 14.5 8.5 32.25 15.25 41 41.75 6.25 28 2 6 
3.75 3 37 17.5 3 28 1.25 1.5 21.75 3 12 3 2.25 2 2.5 3.5 3.75 31.75 4.75 21.75 13 19.25 75.25 1.75 45 0 49.25 0 1 8 8 2.75 9 2.5 3.25 1.25 32.75 15.25 2.75 2.75 0 14.25 4 4 18.25 2.5 5.75 38 6.25 80.25 5.5 4.5 2 0 0 1 13.75 15.5 14.5 22.75 18.5 3.75 4.25 2.75 3.5 4.25 2 17 32.5 5.5 3.75 6 4.5 3.75 19.5 10.75 7 13.5 6.5 13.75 4.5 3.5 5.5 7 5.75 9.25 4.75 4.25 2.5 1.75 1.5 4.5 6.5 5.5 6 4.5 2.5 1.5 27 3.5 1 2.5 2.75 5.75 6 4.5 4 2.75 5.75 39.75 27 7.25 6.75 1.75 16.25 28.75 3.25 15.25 44.75 23.5 23.75 10 9.75 4.5 3.25 
11.75 9.75 28.5 21.25 3.75 3.25 2.25 13.75 1.75 4.25 52.75 7.75 5 4.5 56 7.75 40.25 5.5 7.25 5 45.75 12.5 9.25 53.25 0 0 0 0.5 0.5 3.75 13 5.5 11.75 10.25 2.5 5 59.5 3.5 4 3.25 2 29 18.5 3.5 5.25 4.25 4.25 4.75 35.25 4 33.25 0 0 57 0 0 0 24 47.25 30.5 30 4.25 10.25 2.75 1.5 0.75 30 1 3.75 3.25 1.25 22.5 2.25 2.5 15.75 27.75 2.75 5.75 7.5 24.25 18.75 4.25 5.5 23.25 7 7.5 3.75 4.25 6.25 3.5 3.75 7.25 7.5 4.25 5.75 21.25 7 1.5 1 18.25 36 4 1 3.5 2 3 3.25 7.5 28.5 3 49.75 7.5 8.25 6.25 23 30.5 13.25 13.25 47.5 8 16.5 42 25.25 6.5 4.75 
7.5 25.75 28.75 12 2.25 10 5.25 12 22.25 24.25 3.75 21 8.5 21.75 31.75 8.75 2.75 1.5 2.5 7 3.5 3.5 4 3.75 40.5 0 0 49.75 0.75 3 5 3.25 16.75 61.5 52 1.25 2 3.75 0.5 16 3.25 41.5 30.25 10.75 2.5 5.5 1.75 0 0.25 8.75 0 38.5 0 0 0 0 26.5 1.75 16.25 27.75 39 15 2.75 2.25 2.5 3 2.25 0.75 11.75 1.75 5.5 4.75 4 26.25 7.25 8 3 16 0.75 30 28 4 4 16 8.5 5.25 7.5 6.5 23.75 5.25 5 32.75 5 18.5 6 8.5 2 4.5 2.75 34.25 3.5 2.5 2.25 4.25 22.5 19.5 36.75 18.25 1 7.25 42 13.75 10 59 6.5 56.25 33.5 23.5 15.25 8.75 9.5 4 12.5 24 6.25 
21.5 26 11.5 44.5 5.25 6.5 13 12.75 31 31.75 2.5 7.5 4 6.75 2 2.5 2 2 3 4.5 11.25 32.5 6.75 60.75 0 0 2.75 0 0 2 21 19.25 15.25 19.75 2.75 2 3.5 4.25 5 3.25 3 2 1.75 3.5 5.5 0.75 4 3.25 2.5 1.5 0 0 0 0 0 0 44 7.75 67.5 10.5 24.5 29.5 1.25 3 5.75 1.75 3.75 3.25 1.25 4 6 2 5.25 3.25 1.5 10.25 6 3.5 4.25 4.75 3.75 11.25 1.5 2.25 2.5 1.5 2.75 1.75 33 5.25 5.5 11 8.5 20.5 4 6.75 5 4.25 6.5 5 6.5 6 5 7.25 51 10.25 6.75 5.75 21.5 8.25 33.75 9 12.5 15.75 42.25 37.5 8.5 11.25 12.25 9.75 11.5 13.25 52.75 16.25 24.5 
31.5 8.75 4 6.5 1.5 3.25 4.25 9.75 13.25 4.25 5 46.25 4.25 27.5 15.5 4.5 2 3.5 21.25 3.5 2 11.25 2.75 54 0.25 0 0 0 53.5 1.75 76.75 16.75 13.25 4.5 2.25 4.5 1.75 1 0.5 1.25 1.25 3.5 1.25 6 4 8.25 20.25 20.75 6.5 1 0 76.5 0 0 40.25 29.5 0 6.75 19 44 47.75 37 20.25 12.75 4.75 9.5 24 26.75 15.75 19.75 5 7 13.75 26.75 3.5 2.25 3 4.75 0.25 0.75 1.75 5.25 4.25 0.5 3.25 3 5 2.25 3.25 1.5 23 5 13.75 10.5 8.75 5.75 19 2.75 4.75 2 10 6.5 24.75 11.25 31.75 12 29 8 1.75 8.25 60.5 7 57.25 14 47.25 35.5 31.25 51.5 8.75 10.25 11 18.5 15.25 8 38.5 
8.25 1.25 30.75 1.5 1.25 22.75 9.75 45 46.75 20.75 27.5 2.25 2.75 1.75 1.25 34.5 2.5 3.5 15.75 18.25 0.5 5.25 2.75 3 23.25 0 0 0 16.25 24.5 59.5 4.25 53.75 35.25 2 1.75 1.75 32 36.25 3 1.75 2.25 2.75 20.75 5.25 7.75 8.25 15 25.25 61 2.5 0 0 19 5 4.75 9.5 16.5 8.75 16 27.75 30 19.75 30.25 50.75 11.5 22.75 24.75 5 15.25 6.75 38.5 19.75 7 5.25 5 41 6.5 20.25 13.25 25 49 2.25 3.25 2 1.75 1.75 4 1.25 19.25 3.25 15.75 10 4.75 3.25 3.5 3.75 6.75 4.5 23.75 5.25 21.5 1.25 23.75 12 24.5 15.5 3.25 8 20.5 14.25 9 7.75 12 30.25 35 9.5 36.75 21.25 11 13.25 22.25 6.75 26.5 8 
30.25 5 1.75 36 3 14 47 47 88.25 39.5 9.25 3.5 3.5 3.25 2 2 2.25 12.5 2.25 3.25 3 7 2.5 0.75 5 5 1.5 37.25 0 0 0.5 0.75 4.25 2.5 8.5 11 2.25 0 0 4 53.5 4.75 0 0 0 0 48 22 3.5 3.75 61.5 63 0 60.75 7 1.25 64.75 40.5 11.75 1.75 40.5 2 23.5 2.5 4.25 16.5 27.75 23.25 21 28.75 31.5 12.5 26.75 13.5 8.75 15.75 21.25 12.25 7 7.5 35 5 6.75 9.5 3.25 3.75 2.25 27 3.25 5.75 2.75 4.5 3 3 2.5 12.75 2.5 4 2.75 4.5 4 3.5 5.75 22.25 30.25 11.5 8 8.5 5 25 7.25 23.25 9 11 15 18.5 12.25 16.25 12.5 9 50.5 52.75 9.75 45.25 12.25 
2.25 41 3 4.5 17.75 63.5 54 60.5 27 10.25 51.25 5.5 3.75 2.25 1.5 1.75 11.25 8.75 1.75 3 2.5 13.25 1.25 1.5 0.5 4.75 3.25 32.25 0 0 0 13.5 41.5 39.75 1.75 6 0 49.75 0 1.5 34.25 2.5 3 36.5 4.25 1.5 4.75 3 3.25 1.25 5.25 10.75 9 34 6.5 32.5 38 48.25 2.75 3 2.5 49.5 2.5 24 2 67.5 16.75 7 3 72.5 8.25 22.5 70.25 24.75 17.5 31 50.75 22.75 13.25 12.5 12.25 13.25 8.75 5.5 9.5 6 28 25.75 2.75 4.25 17.5 2.25 2.75 3.5 43.5 2.75 1.25 32.25 3.5 20.25 28 1 1 7 21.25 19 8 15.25 3.75 14.25 17 15 18 10.5 6.5 10.75 7.25 53.75 29.25 23.25 7.25 8 5.5 6.75 37.5 
3.75 2.75 3 26.75 83.75 7 50 38.5 10.75 65.25 8.75 5.75 6.5 5 2 2.75 0.5 1 5.5 2.5 17.25 1.5 0.75 1.75 1.75 3.25 25 33 18.25 1.75 0 40.25 1 3.5 3 3.25 0 1.75 40.25 0 1.5 2.5 2.75 20 1.5 2.75 4.25 1.5 28.5 33 5.25 18 4.25 1.75 2.25 3.25 2.75 2.5 17 4 2.25 1.5 4.5 1.75 1.25 44.75 10 60.25 19.75 5 8 5 4.25 6 5.25 5 10.25 22 31.25 22.5 35.25 56.75 54 34.5 8.5 9 7.75 22 10 14.75 16.75 32 12 8.5 10.5 1 4.25 4 9.25 3.25 4.25 15 3.25 2.75 4.5 4 2.25 20.5 7.5 16.75 28.75 15 7 10.25 6.5 10.75 7.5 25 14 4.5 7 13.75 7.25 11 6.25 
3.25 1.25 6.75 83.5 3 29.25 33.5 13.5 68.5 0 8.25 0 6 3.25 2.5 5 2.75 1.75 6.5 9.5 2 1.75 2 2.5 2 2.75 2.75 1.75 34.5 4.75 40.25 0 34 6.75 2.75 1.5 15.25 4 4.25 1.25 4.25 2.5 1 2.5 1 3.75 2.75 3.75 22.75 1.5 46.5 3.25 82.75 4.5 38.75 6.25 24.75 1.75 3.75 4.5 0.5 5.75 3.5 3.25 2.25 39 2.5 1.5 2.25 22.25 10.5 6.25 38.5 1 53.5 2.75 1 0 0.5 35 42.75 28.5 13 8.25 12.75 4.25 29.5 8.5 9.25 23.5 22.5 22.75 14 7.5 16.25 6 2.5 5.75 9.5 3.75 4.25 7.25 23.5 21 2.75 2.5 1 3 3.25 27 29.75 44.75 4.25 14 2.5 2.5 4.25 8 10.25 5.5 18.5 3.75 14.25 8.75 12.5 
3 8 55 20.25 18 52.5 8.5 67.5 26.5 39.75 25.25 17.5 30.75 45.75 3.25 2.75 9.25 3 19.25 5.25 9.5 1.5 2.75 18.5 3.25 1.75 3 12.5 3.25 2 4.25 0 6 2.25 3.75 1.75 3.75 1.75 1.75 1 24.75 4.75 48.25 38 0 0 2 2.25 3 3.5 37.75 3.75 43.5 21 5 12.75 35.25 4.25 4 39.25 1 1.75 47.25 1.5 2.25 3.25 2.25 1.25 4 1 17.5 18.25 69 11.5 2.25 3.25 2.25 3.25 2.75 2.5 45.75 11.5 2.75 54.75 10.75 3.25 40.75 24 14 10.5 20 21.75 45 21.5 14.25 28.75 3 22.75 7.5 5 2.75 54.25 4.75 1.25 4 39.25 5.75 30.75 19 21.5 6.5 8.75 2.5 2.75 4 4.75 32.5 7.75 4.25 2.25 4 8.75 14 45.75 6.25 
7.25 20 55 26 49.5 12.75 43 8.75 40.75 0 0 64 31.25 29.5 3.25 19.5 4.5 30.25 26 1.75 3.5 5.25 2.25 0.75 1.75 2.75 2.25 11.25 11.5 2.25 4 1.5 6.25 34.25 2.75 5.5 19.75 2.25 1.25 4 37.75 3 0.5 4.5 3.25 10.25 3 3.5 0.75 1.75 2.25 1.75 42.25 8.5 4.75 4.75 1.5 2.5 2 4 2.5 1.5 4.5 45.75 0.5 3.25 53.25 1 2.5 12.25 4.25 4 2.25 2.75 4.5 2.5 19.25 37.75 9.25 2 44.5 3.25 8.25 42.5 4 1 4.75 6.5 15.25 8.75 5.75 9.5 20.5 9.25 23.25 24.75 6.75 19.75 11.5 37 25.5 17.75 8 29.25 12 10.5 35.75 21 13.75 22.75 22.75 13.5 4.5 24 30.25 2.25 6.25 2.75 3.25 3.5 11.75 26.75 12.5 14.5 8.5 
31.25 56.75 30 68.75 25.5 4.25 27 0.75 0 28.25 30.5 35.25 12.25 21.25 45.25 47.75 2 1.75 18.25 2.5 1.5 9.5 5 0.75 30.25 2.25 14.5 1 5.5 3.25 26.75 43.25 39.25 26.5 11.5 2.75 5.75 3.25 3.5 3.5 44.5 6.25 5.5 44.5 27.5 42.5 3.5 2.25 2.25 6 2.75 3.5 11.25 47.75 4.25 2 1.5 3.5 43 2.75 2.25 3.75 1.5 48 4.25 3.5 0 2.5 23.75 2.5 4.25 1 2 20.75 24.25 3 30.5 1.5 53.75 16.5 18 53.25 5.5 1.5 32.5 3 7.75 25.75 4 8.75 13.5 9.25 15.75 9.25 2.75 5 8.25 14 15.5 7.25 11.25 16 29.25 40 9 6.75 5 13.25 34.75 19.5 5.5 10 4 6.5 7 2.25 3.75 2.75 1.5 3.25 26.5 10.75 16.75 31.75 16.75 
59.75 1.5 55.5 28 14.75 12.5 21.75 7.5 0.5 9 34.5 24 30.25 42.25 0 2.5 5.75 4 47.25 1 5.5 0.5 8.5 3.75 26.75 2 29.75 1.25 2 24.25 2.75 4.5 10 11 5.75 2.5 2.5 2.75 21.75 2 6.25 8.5 2.25 4.5 2.25 2.5 16.25 6.25 2 7.25 4.25 1.75 3.5 4 5.75 3 3 3.75 4.75 54.75 6.25 2 3.25 4 4 4.5 40.25 6 19.75 42.25 71.5 1 45.75 2 2 80.25 24 3 56.25 2.5 3 4.25 37.5 14.5 4.75 1 5.75 6.25 10.75 15.25 11.5 26.25 20.5 32.75 15.25 16.25 28 38.5 3.25 5 6.5 24.5 11 3.75 27.75 19 39.75 20.75 12.5 6.5 9.5 2 5.25 6 1 34.5 3.25 30.25 2.5 28.25 26.25 25.75 17.75 6.75 25 
35.5 66.5 30.25 15.25 11 8.25 1.75 6.5 14.25 28.25 15.5 37.5 25.25 3.5 20.5 0 0.5 2.25 5 30 2.25 16 1.75 7.75 2.75 1 1 5.5 1.75 2 3.75 1.75 3.75 5.25 8.25 7.5 17.5 11.75 8 6.25 11 4 7.5 1.75 5 49 4 13.5 7 2.25 19.25 2.25 2.25 43.75 3.5 18.25 14.5 48.5 0.25 62.75 6 2.5 38.75 26.25 3 1.25 2.25 37.25 2.75 2.25 20.25 0.75 1.5 0.75 3.75 2 2.5 1 3 4 2 2.25 3.25 2.5 3 9.25 12.75 8.5 17.25 13.25 11.25 3 5.25 11.75 10.25 17.25 1.75 8.25 2.75 15.5 35.5 41.25 8.5 8.75 5.75 3.5 11.75 17.25 6.25 5.75 10.75 9.75 5.5 3 2.5 8.25 4 3 60 6 5.75 17.5 6.5 15.5 4.25 
11.75 14 14 8.25 23.5 1.25 2.75 2.25 7.25 31.5 31.5 35.75 0 0.5 2.75 0 46.25 28.75 7.75 3 2 14 1.25 2.5 14.5 1.75 1 3 1.25 3 0.75 5.5 4.25 3 6.25 1.5 12.25 6.25 12.25 8.75 13.75 10 37.5 20.5 14 8.75 39.5 2.75 6 9.5 3.75 5 2.25 4 2.5 3 1 3.75 1 6.25 3 14.5 2.25 1.75 2 57.25 60.75 3.5 1.5 2.5 5 4 4.75 64.75 3.25 3 1.75 2.25 1.5 2.25 3.5 7.25 7.5 43.5 4 15.25 3 56.5 5.25 7 9 6 15.5 13.75 10.25 3.5 14.25 9.75 10.25 20.75 9.5 14.5 24.5 7 24.25 23.75 11.25 21.5 11.5 7 30 8.25 13 42 3.5 24.25 2.25 33.25 4.75 5.5 6.25 39.5 12.25 28.75 8 
4.25 4 2.5 1.75 1.5 2.5 17 2.25 4 38.5 23.5 1.75 0 0 2.25 20 28.25 9.5 25.75 31.75 10.25 1.25 1.25 6.5 3.75 16.25 1.25 2 16.5 22.75 7.25 1.75 5 5.25 10.5 7.5 8.75 53 11.5 12.5 11.75 7.5 1.75 1.5 5 14.25 15 84.25 16.75 7.5 7 6.75 1.75 5 3.75 6 4.75 2.75 4.75 3 2.5 2.5 2.5 59.25 0.75 3.25 3 11.25 2.25 1.5 2 4.25 13.75 18 2 5.25 5 2.5 2.5 2.5 15.5 8 44.25 2.5 1.75 20.75 0 16 1.5 7.5 13.25 9.25 9 10 14 12 7.5 27.5 3.75 9.75 11.5 9.75 9.5 28.5 23.75 39.5 38 8.75 3.75 9 6.75 11 42 6.5 4 19.25 7.5 3.25 17.75 28.25 28.5 13.25 9.25 8.25 29.5 
2.5 1.5 2.5 22.25 3.75 2 3.25 22 3.75 3.5 5.25 28.5 0.5 46.75 29.5 23 10.25 46.5 50.25 4.5 4.75 3 2.25 3.5 23.25 3.5 10 18 2 32.75 2.25 2.25 22.25 4.25 5.75 25 6.25 11 15.75 9.25 6.5 40.5 1 4.25 2.25 8 2.5 3 4.5 26.5 10.25 8.75 9.5 8.25 8 10.75 5.25 3.5 4.5 2.75 2.25 6 1.5 2.75 42.5 0.5 63 2.75 55.75 5 1.75 0.75 4 1.25 55 54.75 1.25 0.25 22.5 1.5 45 39 5.5 57 28 15 1.75 1.25 5 6.75 3 21.75 24.25 24 36.5 29.25 26 6.75 13.25 13 5.25 17.5 35.5 13.5 17 27.75 15.25 17.75 17.5 22.5 12 21.75 68 12.5 4.75 18 7.25 37.75 10.5 17.75 51 16.75 3.75 2.75 50.5 
36 2.5 1.5 3.25 1.75 6.5 8.75 2 17.25 2.5 24.25 8.75 7.25 26.75 24.75 5.75 46.5 11.5 5.5 0.5 4.75 5.75 2 24.75 2.75 1.5 8.75 3.25 3.75 20.5 0.75 4.75 1.75 2.25 13.5 5.25 20.5 20.25 6 3.75 2.25 16.75 33 35 15.25 4.25 7.5 8 1.75 12 4.25 24.75 1.5 2 36.75 1.75 3 6.5 15 7 4.5 6.25 19.75 1.5 21.75 0 1 0.5 2 0.5 20.75 2.25 22 2.75 3.5 2.5 2.75 4.25 2.5 2 3.25 2 30.5 2.25 23.25 3 2.5 3 6.5 2.75 0.75 0 0 0 0 3 31.5 25.25 31.5 35.25 27 25 27 14 9.25 6.75 12.25 25.25 14.25 16.5 18.5 10 8.25 12.25 20.75 29.5 17.75 10 6.5 6 3.5 9.75 1 4.75 9.25 
16 25.75 2 3.75 0.75 1.25 2.75 4.5 5.25 6 3.25 7.5 59.25 14 20.25 44.5 9.75 2.75 45.5 5.25 2.25 35.25 48 2.25 3 0.75 30.5 8.25 1.75 1.5 3.5 1.75 2 3 11.5 15.5 4.25 34 4.75 6.25 7.75 27.75 40.25 57.75 8.25 15.75 20.75 20.5 10.25 27.75 20.5 13.75 5.75 31.25 5.5 4 3.5 4.25 4.25 3.5 6.75 32.5 5.5 3.75 7.5 6 1.25 1.5 1 0.25 1 2.75 2.75 2.5 50.75 27.25 13.5 20.75 17.5 1.5 14.5 48 2.5 2.25 1.75 2.5 32.5 45.75 47.5 2.75 4 0 0.75 3.75 50.75 57 0 0 1.25 3.25 6 6.25 24.5 27.75 28.75 15.75 24.25 21.75 53.75 37.25 26.25 36.5 16.75 6 18 15.25 13.75 8.75 15 10.25 6.5 8 14.75 9.75 17 
2.5 23 3 2.75 29.75 1.25 3.25 11 4.75 16.75 1.5 3.5 1.25 28.5 46.5 2.25 9.25 3.5 2.5 42 52.75 37.25 10.25 6.5 1.75 1.25 1 2.5 7.5 2 3.25 2.5 8 22.5 1.75 0.25 24.75 2.75 34 7.75 9.25 14.25 19.75 46.5 43.75 34.75 41.5 37.5 35.25 16.75 27.25 2.75 9 36.5 4 4.5 3.5 3 8.5 0 84.75 8.5 0 19.25 5 5.5 7.5 0 0 0 52 4 4 5.75 27.5 42.5 37.25 18.25 20.75 0 0.5 36.75 15 2 0.25 3.75 0 3.75 3 0.25 0.5 24 0 56.25 2 0 46.75 18.75 0 0 0.75 10.25 21.5 1 10.5 56.5 12 21.75 22.25 5.25 15.75 0 55.5 6.75 6 4.25 28.75 12 18 9.75 9.75 6.5 13.5 14.75 6.25 
3.5 2 2 10.5 1 2.25 17.5 3 3.25 4 9 2.75 4.5 50.75 0.25 2.5 19.75 0.75 11.5 34.5 30.25 43.75 5.5 16 13.75 3.5 3.25 2.25 25 7.5 1.5 2.75 3 17 8.5 3.5 10.25 4.75 8 12.5 3.75 16.25 4.25 19.75 17 18.5 18.75 43 17 28.25 20.5 47.75 19 3 6.75 6.75 2.5 2.75 57.25 4.5 42.25 0 18.25 83 21.25 9.5 6.25 0 0 0 0.5 21 23 79.75 9.75 8.25 11.25 48.25 16.75 8.75 5 1.25 2.75 1.25 3 6.5 1.25 2 62.5 1.5 62 22 34 0 0 42.75 0 5 0 1.75 49 12.5 17.75 9.75 41.25 15.5 18.5 18 8 3.75 0 56 0 0 1.5 9.75 10.75 6.5 8.25 3 5.75 14.25 18 12.5 7.5 
1.75 3.75 2.5 0.5 1 2.75 3.75 5 3.25 29.25 8 11.5 1.25 4.25 5.75 3.25 7.75 13 43 15.5 32.75 1.25 0 1.75 20.75 3 7.5 2.5 1.25 7.5 4.25 1.5 1.75 4.25 7.25 8.25 3 29.75 4 2.75 2.25 2 37.5 2.25 5.75 1 6.75 9.25 35 11.5 2.5 37.75 11.5 85 3.25 2.75 8 4.75 10.25 10.25 0 0 40 7.5 14 23.5 5.75 0 0 0 37.5 71.75 9.5 3 6.75 2.5 2 6.75 4.75 7.75 4.5 6.5 5.5 12.5 8.75 4.5 1.25 2.75 1.25 2.5 16.5 0 1.5 60.5 0 17.75 0 0 0 30.25 26.5 35.25 24 23.5 14 23 32.5 8 58.75 7.75 0 0 0 0 1 14 30.25 12.25 6 13.75 11 12.5 5 7.75 12.5 
2.75 33 1 2 9 13.5 4 2 1 1.25 4.5 19.75 4.25 2.75 4 3 13 12.75 16 35.25 43.25 6.25 42 27.5 20.5 8.75 6 2.25 2 3.25 4.25 32.75 3.25 2.5 1.75 1.75 3.75 2.25 26.75 1.75 12 1.5 1 5.75 3 8 51.75 10 13.25 9.75 23.5 8.75 12.5 15 22 5.25 5 5 25.25 52.25 50.75 0.5 51.75 7.5 15.5 12.25 58.75 0 0 0 7 0 5 3.75 27.25 2.25 9 8.75 4.75 43.5 4.25 2.5 58.25 15.25 32 4 4.75 9.75 6 3.25 57 0 0 25.5 0 0 33.75 49.5 0 46.75 16.75 20.25 16.5 10.5 14.5 45.25 21.25 21.25 7.25 12.5 16.5 0 0 0.5 70.25 15.5 7.75 5 19.75 16 21.75 7.5 12 16 9 
3.25 3.75 2.75 1.25 2 3.25 11.25 2.75 13.5 2 26.25 0.75 2.5 32.75 9 4.75 25.5 10.75 21.5 6 4.25 49.25 5.25 21.25 64.75 7.75 10.25 1.75 1.25 2 3 3.75 3.25 13.5 21.25 2 14.25 2.25 0.75 2.25 2.5 5.5 4.5 4.5 10 6.25 19 13.75 15.75 5 14.25 14.75 23.25 21.25 40 30 56.5 8 4.75 14.5 5.75 26.5 52.5 3.75 37 2.5 5.75 6.5 5.25 6 8.5 8.5 9.75 2.75 1.25 47.75 5 3 6 5 4 21 13 37.25 8.75 11.5 19.75 12.5 13 9.5 7.25 5.25 8.25 57.25 22.75 13.25 13.75 8.5 34.5 38.5 0 25.5 32.5 15.25 23.25 12.5 48.75 7.75 39.75 9.5 1 0 0 0 1 21.25 20.25 2.5 36 10.25 16 8.75 46 7.75 15.25 
3.25 0.75 2.5 2.5 4.75 2.25 2 26 3 26.5 32.75 5 31 25 2.75 3.75 1.75 19 9.25 39.25 10.25 20 14.5 17.25 3.75 3.5 3.25 2 3.5 2.75 1.75 6.5 6.75 2.25 1.75 2.75 2 2.5 1 4 4.75 12 10 7.25 7.25 19.75 24.5 4 4.25 6.75 11.25 5.75 11.75 7.5 21.5 35.5 17.5 23.5 30.25 5.5 6.5 12.5 14.75 57.5 7.5 12.5 10 9.25 9.25 7 6.25 5.75 4.75 4.75 7.75 4 3.25 2 1.75 2.75 16.5 4.75 7.5 22.75 10.25 3 4.5 4.5 5.25 9.5 3.5 5.25 10.25 3 28.75 8.5 34.75 22.5 19.25 33.5 28.5 27.5 29.5 13 29.25 3.25 57.75 32.75 15.25 12.25 1.5 0 0 3 4.25 29 16 6.75 20.75 10 16 15.25 26.25 14.75 3.75 
20 3 15 2.5 1.75 3.5 10 31.5 2 29.5 31.25 1 2.5 1.75 2.5 22.25 1.5 34.75 3.5 10.75 0.75 18.25 12.75 3.25 17 9.5 18.25 5.75 2.5 2 29.5 14.5 3.5 4 4 1.5 1.75 2.75 3 3.75 28.75 8 5.5 6 3.25 42.75 6.75 19.75 21 4.75 7.75 2 34 7 10 5.25 29.25 33.5 6.75 28.25 12.5 18.25 6.75 11 16.5 18.75 15.25 11.25 10.5 15.25 14.25 34.25 13 9.5 6 2.5 3.5 4.75 9.25 2.25 2 2.75 3.5 3 22.5 6.5 6 35 11.5 4 13 18.5 3.5 16.25 4.75 34.25 30.5 24.75 3.75 12.5 16.5 12.75 7 12.75 14.5 48.25 20.25 19.75 15.25 25.25 33 48.5 0 3.5 14 48.25 22.5 24 17.5 25.25 12 43 18 9.5 3.5 
3.75 3.25 1.75 2 2.5 3.5 2.5 10 3.75 3 1.5 1.25 2 3.25 2.5 26 1.5 11.5 4.75 5.75 9.75 7.25 28.5 19 39.75 2.25 4.5 5.75 7.5 5.25 2.5 1 27.75 5.5 30.5 0.75 1.25 0.75 10.25 62.75 5.75 8.25 3.75 6.25 22.75 1 14.5 31.25 43 25 8.25 1.75 27.25 16 2.75 23.75 17.25 6 6 8 2.75 41.75 4 7.75 9.75 7.5 22 11.5 12.75 8.5 28.25 8.25 15.25 9.25 13.75 43 9.5 10.75 12.25 11.75 4.75 4.25 39 2 7 8.5 65.25 27.75 9.5 15.5 10.5 10.5 4.25 6.25 10.75 19.75 30.25 61 3.75 31.25 13 8.75 7.5 5.75 14.75 6.25 10.25 62 10 34.25 15.75 32.5 1 22.25 21 16 27 11 14.5 15 16.5 8.25 18 16.25 17.5 
1.5 17 1 32.25 2 6 5.5 22.75 3.75 2 2.5 2.5 1.75 1.25 2.5 2.25 2.75 5.75 29.25 18.75 4.25 1.25 7.75 6.5 4.25 1.75 57 25.5 13.5 2.75 3.25 2.5 24.5 23.75 5.75 2.5 59.5 27.75 9.75 12.5 4.75 2 5.25 28 20.5 3 17 1.75 8.75 17.5 21 6.5 17.25 20.5 5.75 3.75 19.25 12.75 8.25 6.25 9.25 6.5 5.5 9.75 7.75 6.5 2.75 5.75 4.75 11.25 18 5.5 8.5 12.5 12.25 9.5 10.25 6.75 9.75 25.75 30.5 7 5.25 12.75 3.25 6 50.5 1.25 46.75 34.25 4.75 3.5 2.75 7.75 33.25 12.5 20.75 29.5 4.5 4.75 13 4.25 29.25 7.25 11.25 11 12 9.75 0.75 7.5 9.25 1.25 5 20.75 6.5 25.75 14.5 29 28.75 29.75 21.25 5 16.25 11.25 9.75 
2.25 1 1.5 2.5 31.75 4.75 2.5 2.75 2.25 25.5 2 2.25 27.5 30.25 4.25 3.5 4.75 4.5 33 1.75 1.25 3 3 4 3 4 5.5 19 46.75 5 12.75 3.5 3.75 3.25 3.75 6.5 1.75 5.75 3.5 2.75 33.5 3.25 3.25 8.25 3.25 18.25 10 3.25 17.5 32.75 19 48.5 24.75 18.75 14 23.75 13.75 5.75 7.25 7 60.25 5.75 7.75 7.5 6 4.75 6.5 9.75 33 9.5 30.5 24.75 2 4 13.25 3.5 11 3.5 6.5 6.5 4.25 18.25 17.25 15.25 21.75 13.75 52.25 12.5 10.75 10 75 12.75 22 13.25 12.75 7.25 25 17 4.75 2.5 2.75 8.75 29.75 11.25 32.75 10.75 16 32.25 2.75 0 0 3.75 10.75 16 3.25 24.25 21.25 33.5 18.75 30.75 6.75 8 13.5 11.5 36 
22.25 2.75 2.75 2 22 2.75 4 2.25 1.25 2.5 25.5 40.5 3.25 23.75 5.75 2.25 27 5.75 2.5 3.5 1.5 4 29.25 2.5 12.75 1.5 19 15.25 34.5 22.75 20.5 3.25 32.75 5.75 6.75 1.75 5.5 2.5 18.5 30 3.25 8.25 3 3.5 9.25 5 15 3.25 4.25 27 10.25 14.5 41.75 29 22.5 23.25 9.5 15.75 12.75 4.75 6.25 5 10.5 7.5 8.25 34 25.75 5.25 8.5 8.25 28.5 15.25 5 8.5 3.5 3.25 3.25 1.75 37.5 9.5 19.25 25.75 13.5 26.5 12.5 35.5 22.25 22.75 18.5 35.75 18 14.5 10.5 10.25 3.5 4.25 6 4.25 3.75 3.5 5.75 7.25 7.5 12 4 3.75 13 55.25 4.5 39.75 0 3 30 18.5 7.25 35.25 23.25 15.5 26 15.5 8 57 39.25 5.75 8.5 
1.5 5.25 2.25 3.5 1.25 9 1.75 1.25 0.5 1.75 1.25 20 11 4.75 28.25 22.75 4 0.75 1.75 45.75 3.5 3.75 3 3 3.25 8.25 17 27.5 6.25 13 7.75 24 6.25 4 2.5 1.25 10.75 22.25 1.5 12.5 4.25 2.75 11.25 8.25 26 6.25 28.75 4.25 26.5 5.75 37.5 1.25 6.25 4.25 7 13.75 5.5 42.75 10 7 12.25 5 32.25 7.25 6.25 10.25 9.25 4.75 9.75 7.5 25.25 14.25 15.25 1.25 28.25 2.25 2.5 2.5 22 13.75 8.75 2 11 12.5 13.75 29.5 83.25 46 32.5 17.75 9.25 23.25 17.25 14 10.5 15.25 17.5 17.75 11.25 16.25 12 19.5 3.25 1.75 4.75 4.5 24 6 2 5.25 2.75 38.25 13.75 14.75 8 33.25 15.75 17.75 7.5 58.75 15.5 15.5 13 25 32.75 
1.75 34.5 0.25 0.75 3.5 28.5 29.75 1.5 1.5 31.25 3 29.75 2.25 3.25 44.75 2.25 3.75 2.5 2 3 6.75 3 4 2.5 1.25 10 30.25 24.25 31.5 31.5 10 7.25 3.25 7 2.5 10 24 7.75 2.5 2 12.75 3 13.75 18.5 11 41.25 5.25 34.25 7.25 3 2 4.25 4.75 7.25 4.75 8 3 5.25 13 5.75 7.75 3.5 11 5.5 10.75 22 5.75 9 48.5 19.5 16.25 4 2.25 2 2.25 1 0.5 38.75 11.5 1 28.25 15 37.5 32.75 10 8.75 14.25 18 11.75 20.25 16 20.25 60.25 28.5 38.25 44.75 21.5 13.25 29.25 31.5 27 4.5 11.5 3.25 3 6.75 21.5 5.75 24.25 2.75 2.5 0.25 18.5 5 20.5 55 41.75 26 15.75 41.25 25.75 4.5 1.75 2 3.25 
1.5 15.25 2.25 11.25 29 3.25 2.5 1 53 33.75 3 2.25 12.25 2 1.75 2.5 4 35.75 2.75 5 6.25 2 3 4.5 22.25 24 28.5 24.25 16.25 8.75 12.75 15.25 6.25 3.75 1 3.25 17 8.25 6.25 2.25 2.5 9 14.5 19.25 8.25 4.5 33.25 23.25 25.25 2.25 20.25 20 2.5 17.75 4.25 10 30 3 10.25 10.75 10.75 20.5 11.25 8 7 5.5 6.75 7 15.75 7.25 6.5 14 2.75 22.5 1.5 19.25 2.25 11.25 3.25 20 9.5 15.25 5.75 9.75 9.75 16 11.5 14 13.75 4 17.75 24.75 20 20.5 22.75 13.25 14.75 19.25 18.5 26.25 20 4.75 18.75 19 31.25 12 18.5 38.25 55.75 8.5 0 1 14.5 2.25 16.75 41.5 34 27.25 20.75 10 23.75 14.75 1.75 1.75 2 
1.75 0.25 6 27 6 7.75 7.75 6.25 35 3.5 2.25 2.25 21.5 1.75 9.75 3.75 2.5 36 28 4.25 4 17 3.75 2.5 6.75 22 2 12.5 12 13.75 14.5 14.75 4.75 22.75 13.5 4 2.75 4.75 2.75 48.25 11.25 15.75 13.25 4.75 4.25 4.75 4 1.25 2.25 4 26.75 3.25 2.25 24.75 2.5 20.25 7 5.5 12.75 22 33.25 4 3.75 7.75 13 7.5 89.25 12.75 5.75 12.75 11.5 37.25 1 3.25 2.75 4.75 0.75 48.25 42.25 11.25 13.25 44.5 24.5 15.75 20.25 54.75 27.75 10.75 10.25 15 19 6.75 12.25 20.75 48.75 32.75 21.75 24.5 6 10 14 10.75 17.25 18.25 3.25 33.25 11.75 4 1.75 2.25 41.75 5 14 3.25 6.25 7.75 7.25 13 35.5 4.25 26.25 1.25 1.5 4 6 
11 0.75 5.5 25.75 5.75 5.5 6.5 8.25 21.5 8.75 3.5 2.25 4 2.5 2.5 1.25 2.25 2 1.25 23.5 3 2.5 2.5 41 39.25 17 27.5 34 10.25 8.5 4.75 8.5 13.75 17.5 4 3.5 16.75 3 4.75 18.5 3.75 6 8 6 4.25 6.25 31.75 2 3 4.25 3.5 3.5 33 4.25 2.25 10.5 7.75 7.75 25 10.25 13.25 3.75 3 2.5 6.25 28 7.5 6.25 5.25 15.75 2.25 3 24.75 4.75 1 2.25 4.25 46.75 16.75 7.25 16.5 41.5 5.5 23.75 9.75 22 23.25 13 14.75 33.25 46.25 11 8.25 26 12.5 27.25 6.75 5 17.25 5.75 13 8 19.25 8.5 6.25 49.75 7.5 1.5 13.25 23.75 2.5 41.5 13.25 5.5 7 3.5 3 1.75 1 22 37.5 1 22 23 2.75 
1.5 25.5 24.25 81.25 8.25 54.75 15.25 6.25 20 4 0.75 22.25 17 7.25 1 0.75 17.25 1.75 3.75 4.25 2.5 1.75 6.25 42.75 0 0 19 12.75 3.5 22 2.25 28 10.25 25.75 11.25 1.75 7.5 2.75 5.75 2.75 25.25 30.5 22 4 4 1.25 3 3.25 15.5 2.5 1.5 2.25 0.75 2 2.5 9.25 9.75 39.25 18.75 8.75 11.5 14.75 23 13.75 9.75 34.25 10.5 5 11.75 8 3.75 2.5 2.5 45.5 1.75 1.25 27 11.25 17.25 30.75 15.75 17.25 6 24 9.25 23.75 9 49.25 29 12 23 11.5 17.75 13.25 5.75 12 15.75 8.75 41.5 16 2.75 5.75 6.75 27.75 5.25 36 48 1 2.75 1.5 1.5 4.25 12.5 5.5 3.25 2.75 2.25 2.25 35.5 2.25 3 33 2.75 1.25 33.25 
2.5 4.75 9.5 35.25 15 11 21.75 23.5 8.5 2.25 2.5 3 6.5 1.75 3 17.75 10.25 1.75 2.5 22.75 26 5.25 31 9 14 10 23.75 18 2.25 3 3 3.75 7.5 16.75 5.5 5 4.5 1.25 12.5 3.5 4.5 19 3.25 2.75 7 28 2 11.25 2 2.5 0.75 31.75 3.75 2.25 1.5 12.25 9 9.25 10 2.75 13 10 4.75 22 31.25 33.5 8 15.25 7.25 51 3.5 15 2.25 28.75 0.5 1 2.25 17.5 17.75 3.5 11 11.25 39.75 22.25 14.5 23.5 7 7.75 15.25 1.5 15.5 6.75 24.5 8 24 17.25 7 25.75 6.75 8.25 9.5 20.75 5.25 3.25 14.75 31 0 0 5 7.5 0.5 6.5 11.5 3.5 30.75 17.25 1.5 1.75 16 7.75 4.25 4.25 31 2.5 2.5 
5.25 13.5 24.25 21.5 5.25 10.75 1.75 10.75 6.25 3.25 4.75 3.25 3 2.75 7.25 0.75 3.5 1.75 3 6.75 2.75 2.25 10.75 2.25 2.5 16.75 34.25 5 3.5 24.5 2 23.5 2.5 16.5 10 15.5 3.25 2.25 2.75 3.75 2 14 32.75 2.5 11 16.5 17.75 1 1.5 1.5 2 9.5 3 2 1.5 6.25 12.25 15.75 9.5 31 17.25 11 8.75 7.5 4.75 10.75 10.25 9.75 11 8 11.75 5 1.5 0.25 2.25 1.5 17 16.75 10.5 3.75 13.25 5.5 4.25 12 51.75 23.25 1.25 10 7.75 7.25 3 3.75 28.25 6.25 11.5 25.5 7.5 36 6.25 40.25 24.75 15 8 4.75 14.5 24 0 0.25 48.75 0 0 63 5.75 4.5 8.75 6.75 5.5 33 38.5 16.75 15.5 17 9.25 14.5 14 
1.25 19.25 33.25 15.75 10 9 7 7.5 19.5 5.5 6.5 2.5 2 6 2.5 2.5 39 2.5 6 22.75 1.75 1.25 1.5 24.75 1.25 1.75 1.5 2.5 1.75 1.75 24.75 1.75 13 11.5 13.25 3 3 2.25 27.5 2.25 3.75 8 12.75 3.25 37.25 1.25 1.75 1.25 2.25 0.75 3.5 2 4.5 2.25 2.5 4.75 5 10.25 17.25 5.5 11.75 29.5 3.5 12.25 5.75 11.5 12.25 6.75 8.5 8 7 14.5 13.5 44.25 10.5 31 15.5 12.75 23 14.25 12.25 49.25 6.5 24.25 22.75 25.25 7.25 13.5 8.75 10.5 12.5 21 15.75 8.75 4.5 22 11.5 26.75 12.5 18.75 20.25 5.75 9.75 34 22 11.25 3.75 17.5 2.75 114.25 0 12.5 13 5.5 4.75 42.5 7.25 13.5 37 10 53.75 52 30.25 17.5 21.5 
1.25 3.75 15.25 24.5 61.75 11 9.5 25.25 16.75 6.5 8.75 7.25 10.75 2 2 2.75 19.75 5 23.25 1.5 1.5 3.25 2.25 1.5 3 2.5 3 4.75 31.75 1.25 8.75 14.25 11.5 21 17 2.75 3.5 1.25 5.5 1.5 5.5 4.5 4.5 5 1 2 0.75 2 16.75 1.25 2.25 1.75 3 5.75 18.25 3 2.5 11.5 5.5 3.75 6 10.75 10.5 46.5 7 9.25 8.75 61.5 8.25 9.5 14 16.75 17 3.25 35.5 31 6.75 36.5 53.75 35.5 16 12.75 12 13 18 11 58.25 46.5 21.25 5.25 17.5 74.5 26 30 9 23.25 34.75 19.5 10.25 17.5 7.25 2.5 18.25 3.5 40.25 6.25 2.75 56.5 2.25 0 2.25 45 18 4 2.25 16.25 23.75 8.75 4.75 4.75 9.25 8.75 11 13.75 9.75 
1.25 2 1.5 7.5 22 3.25 7.25 7.25 7.5 3.75 7.5 9.5 19 10 2.5 1.5 2.25 2.25 3.5 2.5 1.25 11.5 3.5 2 18.25 2.5 1.5 28.5 3 1.25 22.5 11 5.5 40.5 19.25 34.75 1.75 3.25 4.5 4.75 6.5 12.25 14.25 5.5 13.25 2 0.75 8 4.25 3 2.75 13.25 2.25 43.5 2.25 1.25 1.25 2.25 10.5 2.25 6 22 6.5 10 25.25 6 8.5 6.75 14.5 34.5 54.25 2 3.75 12 20 23.75 25.25 20.25 25.5 31.75 24 17.25 14.25 31.25 35.75 7 28.25 11.25 9.25 28.5 17.25 10 2.25 31.75 9 15.5 57.25 71 19 14.75 5.75 39 4 19.25 6.75 42.25 23.75 16 13 13 11.5 11.25 22 6.25 0.75 20 13.75 16.75 65 37.5 23.25 17.25 49.75 16.75 12.25 
1 2.5 5.25 1.25 6.25 7.25 4.5 13 12 11.75 10.25 12.25 9.75 7 4.5 21.25 2.25 5.5 10 1 5.5 2.5 2.25 2.25 1 12.25 1.25 14.25 3.75 2.5 2 1 17.75 7 21.5 3 8.75 3 14.75 3 1.5 7.75 12.5 3.25 6.5 17 2 3.25 2 2.5 3.25 4.25 4 3.25 2.25 3 1 1.25 1.75 1.75 3.5 1.75 4.5 18.25 2.25 34.5 3.25 1.75 13.5 9.75 4 1.5 13.75 7 41.5 5.25 18.5 16 56 24 17.75 26.75 13.75 17.5 29.5 34.5 27.25 6 15.5 31.75 22.5 24.25 12.25 1.75 47.5 47.5 9.75 14.5 41.25 10 8 3.75 4.25 2.5 19.75 2.75 4.5 4.75 24 18.5 18.25 19.75 5.75 2.75 3.5 6.5 18 59.75 16.5 6.5 2.75 20.5 21.75 37 4 
4.75 32 22.5 13.25 31.5 11.75 13.25 8.75 5.25 2.5 11.25 4 9.75 29.25 9.5 6 4.75 6.75 10.25 34 3.25 30.25 2 22.75 11.5 2.25 3.25 5.25 2.5 25.75 1 2.5 22 18.25 9.5 2 1.5 4 2.25 4.5 3.25 13.25 13.75 3.5 0.5 2 1.75 24 2.5 4.75 16.5 2 2.5 2.25 7.25 3.5 3.25 2.25 1 1 49.75 1.5 2.75 2 2 1.75 1.5 2.25 10 6.25 21 12 43.25 41.25 42.75 10.75 19.5 4.75 31 22 3.75 35.75 11.75 6.75 23.75 7.5 24.25 13.75 15.75 13.5 24.5 38.75 6 3.5 16.5 28.5 38.5 33.75 11 46.25 24.5 15.25 12.75 5.5 1.75 2.25 16.25 1.75 2.5 2.25 17.25 3 3.5 14.5 8 19 19 16.5 8.5 4.75 15.5 5.25 4.5 2.5 3.25 
11.25 3.25 2.5 5 38 29.5 28.25 15.25 21.5 4.75 3.25 38.25 26.25 37.5 22 26.75 44 20 6.5 25 4 2 3.5 5.75 5.75 4 3.75 2.5 2.5 0.75 0.5 3 15.75 12.75 10.5 6.25 4 3.75 2.25 3 6 15.25 17.5 2.25 0.75 2.75 3.25 1.5 25.25 2.75 1 32.5 0.75 1.75 26.25 3.25 0.5 2.5 28.25 0.75 1 2.75 4.5 4.75 23.75 1.75 23.75 19.5 13 19.75 9.5 13.75 9.25 20.5 41.25 3.75 14.75 2.5 11 17 18 22.5 25.75 22.5 19 10.25 19.25 17.5 21.25 22.25 18 54.25 2.75 19 16.25 24.25 18.5 20.5 5.5 13 20 36.25 35.25 19.5 2.25 1.75 2 22 10 9.75 4.5 8.25 15.25 3 4.25 6 10.25 10.25 6.75 8 9 9.25 2 4.75 5.75 
2.5 2 31.5 1 4 4.5 4.75 3.75 24 37.25 4.5 5.25 7.5 6.25 18.25 31.75 15.75 14.5 10.5 18.5 28.5 14.5 11.25 25.25 12.75 9.5 6.25 2.75 20.75 5 6.5 7.75 17 17.75 4.5 6 3 3.5 1.75 4 23 14.5 31 8.25 1.5 13.75 31.25 2.25 2 2.5 2 1.75 1.5 3.25 2 4.75 14.25 1.25 2 2.25 9.5 2.5 2.75 9.25 4.25 2.5 3.5 3 9.5 15.5 4 17.25 7.5 24.75 22.5 8.75 25.5 2.5 26.5 31.5 14.75 14.75 11.5 11.5 20.5 14.75 10.75 7.5 16.75 17.25 15.5 15.5 4.75 15.25 13.25 14.5 14 12.5 10.25 23 7.25 25.5 11.5 8 7.5 8 2.5 5.5 29.75 42 6.25 18.5 9.5 12.75 21.25 26.5 17.25 12.5 16 17.75 17.5 19.25 15 16.25 15.75 
19.5 2.75 6.25 3 0.75 1.25 2.75 1.75 4 2.75 2.5 3.75 3.75 18.25 5.5 6 6.75 6.25 7.75 21.5 24.25 8.75 7.25 13.5 11 6.75 4.25 5.25 23 7 25.25 28 31.5 12.25 6 5.75 5.5 21.75 4 12.5 9.75 14.5 8.25 1.25 0.75 2.25 1 34 14.25 21.5 51.5 22.5 1.25 2.75 3 3 15.75 2 2.5 19.25 2.5 47 2.75 0.25 1.5 1.25 22.25 3 9.25 14.5 4.75 14.25 12.75 31.25 24.75 19.25 25.5 39 29.25 7 13 21.25 8.75 33 9 9.25 27 5 23.75 10.25 27.75 8.75 13.75 14.5 24.25 8.25 30.25 35.25 32.75 17.75 9 3.75 16.25 4.75 9.75 2.5 14.5 22.5 29.75 8.75 2.5 18.75 3.5 1.5 52.75 37.75 38.5 6 4 40 18 8 8 3.75 6.25 
3.5 20 3.5 1 1.25 8.5 2 3.75 3.25 18 21 2 15.75 17.5 3.25 2.5 2 1 1.5 15.25 4 1 2.25 6.75 6 5.5 4.75 3.5 4.25 28.5 8.75 11 11.75 10.25 5.5 4.75 3.25 2 4.5 12 31.25 13.5 30 2.25 2.5 2.5 10.75 0.75 1.25 1.75 4 32.5 2.25 58.75 25 4 2 1.75 73.25 6 1.75 32.25 4.25 1.75 2.5 1 1.5 27.5 13.25 13.5 2.75 9 13.5 10 52.25 15 41.25 24.25 34.5 12.5 28.75 23.25 2.75 24 23 6.5 26.5 5.25 23.5 9 31 10.25 27 4.25 17 19.25 18.5 45.75 11 10 22 48 9.5 10 2.25 19.5 14.5 11 56.25 13.75 2.25 3.5 2.25 1.75 19.5 39.5 41.25 9.5 22 29 45.5 40.25 47 29 21.75 
3.25 1.5 1 4.25 2.25 2.25 2 1.75 4.75 10 2.25 14.25 15.75 20 17.25 1.5 2.75 2.5 2.5 2.75 25.75 2.5 30.75 2.25 3 2.5 14.25 7.75 9.25 8 15 16 6.75 21.25 6.25 27.25 10 2.5 27.5 17.25 13.75 18.5 3.75 2.5 9.5 8.25 2.25 1.5 2.5 3.5 22.25 14.25 1.5 2.75 25 5.25 11 3.5 7 3 26.5 3 3 33 0.5 0.5 4 32 13.5 12.75 3.75 14 12 31.25 18 12.5 10.5 7.75 42 18.5 8.5 25.5 10.25 15.25 11.25 35.75 43.25 6 19.5 45.75 18.5 16.25 12.75 32 18.5 15 5.75 12.75 10.25 29.25 9.75 24.25 23.75 6.75 3.25 20.5 6.5 8.25 54.25 7.25 4.5 6.25 0.5 16.5 12 26.25 21.75 22.5 28.25 9.25 5.25 10 16.75 22 23 
2 0.5 2 4.5 3 29 2 1.5 1.25 11 2 1.5 3.25 7 21.25 4.75 3 10.75 18 17.25 12.25 6.75 5.75 6 7.5 3.75 11.25 29.75 2.25 18.75 4.75 3 2 33.75 3 38 7.75 3.5 5.5 19.5 12.75 7 11.75 3.5 1.75 1.5 9.25 2.25 2.5 2 4.25 3.25 34.25 2.75 1.5 37.25 8 5.25 4 3.5 1 1.5 4.25 10.25 2 2.5 2 5 41.75 6 64.25 38.75 42 7.75 30 8.75 22.5 7.75 33 28.25 25.5 24.5 10 14.75 28 13.5 6.75 8.25 18.75 14.25 27 17.75 11.75 4.25 22.25 13.25 15.75 58.25 4.5 17.75 13 14.25 33 3.75 6.75 21.25 8 8.5 8 12.75 3 3 10 10.75 39.25 2.25 24.25 16.25 4 16 16.25 12.25 11.25 49 13.5 
1.25 10.25 1.5 23.75 30.5 29 1.25 1.5 6.25 6.25 1.5 2 2.75 30.75 30.25 4.25 3 2.25 4 1.75 3.25 6.25 37.25 7.75 8.75 6.75 11 12 2.5 30 3.5 2.75 2.5 35.25 12.75 14.75 7 10.75 16.75 7.25 3.5 2.75 0.75 4.75 8 6.75 2.25 2 2.25 2.25 3.5 4.75 3.75 3 2 2.5 18.75 1.75 31.25 1.75 2 2.25 2 14.75 14.25 1 1.5 6.25 2 74.5 5.75 16.5 19.25 9.5 6.5 51.25 54 10.25 4.25 20.5 12.25 34.5 2.5 19 23.75 59.75 12 7.75 17.25 12.75 22.75 14.75 12 8.75 20.25 17.75 20.75 16.25 9.75 12 12.5 4 3.75 2.75 11.75 10.75 9.25 6.75 11.5 35.75 4.5 29.25 20.75 8 4 2.75 2.5 18.5 2.5 16 36.5 10.25 10.25 13.75 6.5 
1 1.75 3.75 2.25 2 17.25 1.75 3.25 35 2 2.25 3 3.25 3.25 2.5 2.75 2 3 36.25 3.5 1.5 3.75 38.75 3.75 5.5 26 2.5 4.5 22.5 12.75 9 6.5 6.5 12 16.5 33.5 44.25 17 3.5 1 2 27.75 31.25 1 3.5 2.75 25.75 1.75 2.25 3 3 8 3.5 20.5 5.25 6.75 3.5 24.25 2 3.25 1.25 3.75 10.5 3.75 1.5 60.25 2.5 1 2 3 3.5 14 14.5 16.25 2 2.5 27 5.25 8.25 13.5 9.25 12 8 11.75 15.75 2.5 6.5 19.75 9.75 10.25 12.75 11.5 63.5 11.5 33 19.25 19.25 11 18.75 9.5 6.25 23.5 39.25 2.5 54 5.5 43.75 3.25 13 20.5 6.25 1.75 3.5 10.25 20 4.75 4 17 1.5 11.25 0.5 26.75 5.5 2.25 6.75 
4.75 2.75 13.5 3.5 2.5 2.25 15.5 3.25 19.75 5.75 2.75 1.75 24.75 3.75 2.75 3.75 3.75 4 4 40.5 2.75 2.5 2.25 3 3 6 2.75 6.5 3.75 3.5 4 26.75 4.75 2.5 4.5 5 2 2 3 2 0.5 1.5 2.25 10.5 26.25 4 6.5 5 3.75 3 36.75 3.5 9.75 5.25 13.25 2.25 1.25 2.75 1.5 1 32.75 1.5 2.5 32 2 22.75 2.75 2.5 2.25 15 7 10.25 15.5 9.75 2.5 3.5 21 5 8.25 2.75 30.5 2.25 4 38.25 3.5 6.75 9.25 5.75 45 9.5 7.25 7.5 5 7 2 47.5 13.75 23.5 6.75 18.25 14.5 17.75 6 2.25 2.75 13.5 36.5 4 7 12.25 12.75 2 2 12 2.25 3.25 2.25 55 2.25 12.25 1.25 22.75 3.5 34.75 7.5 
43.75 1.5 12.5 15 12.25 10 3.25 2.75 5.75 1.25 3 1.5 2 23.5 27.5 20.75 3.5 4.5 3 8.75 4.25 5.25 1.75 5 5.25 3.5 2.5 6.5 33.75 32.25 5.75 2.75 1 1.5 9.75 4 2.75 2.25 2 3.25 3.5 4 2.25 4 1.75 24.5 26.5 6.25 2.25 23.75 2 13.25 8.25 4.5 2.5 3 1.25 2 0.75 2 1 5.75 2.75 3.5 0.75 5 40.75 5.25 8 5.75 16.5 2.5 22.75 6.25 1.5 1.5 0.75 35 9.25 15.5 1.75 2.25 42.75 25.75 1.75 2 2.75 1.75 15.25 4.5 14.75 7 9 15.5 10.75 29 6.25 13.25 10 35.75 44 18 9 1.75 3.5 11 54.5 59.25 9.75 0.75 4 4 4 10.75 2.5 2.75 18.75 16 20.5 14.25 1.75 1.75 41.5 5.75 9 
6.25 2 27.75 11.5 14.5 25.5 38.25 42 3.25 6.25 1 3 2.25 3.5 3.75 11.75 7.75 4.75 5 3.25 4.75 3.25 4.5 7 7.25 19.5 2.25 17.25 4.5 6.25 8.75 6 18.25 3.75 3.5 19.75 5.25 3.75 12 4.75 26.5 31.75 5.25 2.25 2.25 50 6.25 4.5 17.5 7.75 2.5 2.75 3.75 2 2.5 23.75 2.25 3.25 4.5 2.25 5.5 3.25 4.5 45.5 3.25 8.75 8.5 2.75 5 1.5 8.75 45.5 22.75 11 22.5 10.5 17.25 12.5 23.5 8.5 1.25 2 2 34 8.25 55.5 40.5 48.25 11.5 5 7 3 4.75 2.75 4.25 14.5 7.5 4.5 51.25 13.25 11.5 30.5 19.75 3.5 1.75 19.5 6 25.5 9 5.5 3 2.5 7.5 3.75 3.75 3.5 13 6.25 2.5 15.25 4 4.25 4.75 2.25 16.5 
31.75 11.25 16.25 5.5 12.5 21.5 13.75 19 17 18.75 18.5 35.5 19.25 23.5 24.25 55.25 26 10.5 10.75 16.25 8 8.75 4.75 2.5 4.75 1.25 6.75 14.25 48.75 22 9.75 19.5 17.5 43 3.5 6.25 5.5 10.75 3.75 33.75 2 2 3.5 4.75 2.75 33.75 11.5 6.25 2.25 7.75 7 46.5 29.75 14.75 5.75 2 3 2 24.5 1.5 1.75 2.75 4.75 3.25 16.25 1.25 4.5 2 2.5 0.75 27 1.75 14.75 2.25 3.75 4 21 3 3.5 30 6 4.25 2.75 2.5 10.25 40.5 2.75 44.75 76.5 37.75 90 14.75 5.75 4.25 2.25 2.25 5.25 10.5 7.25 28.25 3.25 4.75 2.5 2.5 24.75 21.75 3.75 7 3 17.75 1 1 14.5 7.25 1 2.25 17.5 5.75 3.25 11.5 47.25 4.75 3 5.5 24.5 
2.75 2.5 2.25 2.25 10.5 3 1.75 5.5 32 9.5 7 21.25 29.5 22 40.75 53.75 29.75 29.75 33.5 9 30.5 10 23.75 8.5 67.5 3 11.25 11.5 3.25 3.75 18.25 36.25 19.75 43.5 11.25 10.75 33 1.5 2.75 2.75 3.25 2 1.5 34.75 2.75 18.75 2.25 1.25 28 3.75 6.75 5.25 17.5 40.25 4.5 2.5 3.25 36.5 1.25 1 6.75 4.5 2.25 1.75 7.25 9 2 2 35.5 20.5 2 1.5 2.25 2.5 14.75 2 3.75 3 14.75 37.5 7.5 1.5 2.25 4 5.75 20.75 37.75 38.5 20.25 51.75 22.75 27.25 2 4 5.75 3.25 1.5 2.5 2.75 3.25 2.5 4.5 1.75 30 19.75 23 3 9 5.75 4 2.5 2.25 23 4 1.5 18 42.25 4.25 4.25 7.25 1.5 5.5 1.5 10.25 17.5 
20.5 2 3.75 22.5 6.75 10.5 4.75 5.75 9.75 9 33 4.5 1.5 17.25 23 19.75 14 14 18.5 25.5 19.25 62.5 12.75 18 14.25 3.25 19.25 12.5 20.5 12 23.5 9.5 7 7 10 3.75 2.25 20.5 33.75 15 6 3.5 1.75 2.5 3 2 6 5.25 49 5.75 2.75 7 3.75 5.5 21.75 3.75 42.75 1.5 3.5 3 4.75 58.5 2.25 12.25 1 38.5 1.25 3 22.25 1.5 56.5 1.75 1.75 1.75 2.75 1.75 1.25 3.75 2 36.5 3.5 3 3.25 3 14.25 2.25 4.75 6.25 43.75 15.5 2.75 15.75 2.5 4.75 3.5 4 2.5 3.75 2.5 4.25 2.75 1.25 8.5 2 2.5 26.75 3 5.75 12.5 9.75 3.75 8 15.75 2.75 1 4.25 17.25 3.25 4.25 10.75 39.75 5.25 1.5 102.5 3 
