0.25 0 0 0 0.25 -0.25 -0.25 0.25 -0.5 0.5 0.5 0.5 0 0 -0.5 0 0 0 0.25 0.25 0 -0.5 0 0 0.5 -0.25 0.25 0 0 0 -0.25 -0.25 0 0.25 -0.5 0 -0.25 0 0.25 0 -0.25 0 0 -0.5 0 0 -0.5 0 0 0.25 0 0 
0 0 0 0 0 0.5 -0.25 0 -0.75 0.25 0 0.25 -0.5 0.25 0 0 0 0 0.25 0 0.25 -0.25 0.25 0.25 -0.25 -0.25 0.25 0.25 0 -0.25 0 0.25 0 -0.25 0 0.25 0 0 -0.75 0.25 -0.5 0.5 0 0.25 0.25 -0.25 0 0 -0.25 0 0 0 
0 -0.5 0 -0.5 0.25 0 0 0.25 -0.5 0.75 0.25 0 -0.5 0 -0.5 0 0 0 -0.5 0 0 -0.75 -0.75 0.5 -0.5 0 -0.25 0.25 0 0 0 0.5 0 0 0.25 0.75 -0.5 0.25 0.5 0 -0.75 0.25 0 -0.25 -0.25 0 0 0 0 0 -0.25 0 
-0.75 0 -0.25 -0.25 -0.5 0 0 0 0 0.75 0.5 -0.75 0.25 -0.25 -0.5 0 0 0 0 0 0.25 -0.75 -0.5 0.5 -0.25 0 -0.5 0 0 0.25 0 0.5 0 0.25 0.25 0.25 -0.5 0 0 0.5 -0.25 0 0 -0.5 0 0.25 0 0.25 0.25 0 0 0 
0.25 1.25 0.25 0 0 0 0 0 0 0.5 -0.5 0.25 0 0.75 -0.25 0.25 0 -0.25 0 0 0.25 0 -0.75 0 -0.25 0 -0.5 0 0 0 0 0 0 0.25 0 0.25 -0.5 0.25 -0.5 0.5 -0.5 0.25 0.5 0 0.25 -0.25 0 0 0 0.25 -0.25 -0.25 
5.75 4 2.25 0.5 0 0 0 0.25 -0.75 0.25 -0.75 -0.25 -0.5 0 -0.75 -0.25 -0.25 0.5 0 -0.25 0 -0.25 -0.25 0 -0.5 0 -0.25 0 0 0 0 -0.25 0 0.25 0.25 0.25 -0.25 -0.25 0.25 0 0 0.25 0.25 -0.25 0.25 0.75 -0.5 0 -0.25 0 0 0 
-1.25 2.75 -1 -0.25 -0.5 0 0 0 -0.25 0.5 -0.5 -0.25 -0.5 0.25 0.25 0 0 0 0.25 0 0 0 -0.25 0 -0.5 0 -0.25 0 0 -0.25 0 0.5 0 0.25 0 0.25 0 0 0.25 0 -0.5 -0.75 0 0 0.25 -0.25 0 -0.25 0.25 0 -0.25 0 
-3.25 -5 -4.5 -2.25 -2.5 -1 -0.25 0 -0.5 0 -0.5 0 0.25 0.25 0 -0.25 0.25 0 -0.25 0 0 -0.25 -0.5 0 0 0 0 0.25 0.25 0 0 0 -0.25 0.5 0.5 0 -0.25 0 0.25 0.75 0 -0.5 0.25 -0.25 0 0 0 0 0 0 -0.25 -0.25 
-6.75 -2 -1.5 1.75 -3 -0.75 0.25 -0.25 0 0.25 -0.25 0 0 0.25 0.25 0 0.25 0.25 -0.25 0 0 -0.25 0 0 0 -0.25 -0.5 0 0 0 0 0 -0.25 0 -0.5 -0.25 0 0 0 0 0 0 0.25 -0.5 0.25 0.75 0.25 0 0 0.25 -0.25 0.25 
-1.75 -0.25 1 2.5 -2.75 0 0 0.25 0.25 -0.25 -0.25 0.25 0.5 -0.5 0 0 0 0 0 0.25 0.25 0 -0.25 0 0.25 0 -0.5 -0.25 0 0 0 0.25 0 0 0 0 0 -0.25 0.25 -0.5 -0.25 -0.25 -0.25 -0.25 0.5 0.5 0.25 0.75 0 0.25 0.25 0 
-1.5 1.25 2 5.75 -1.75 0 0.25 0 0 0 -0.5 0.25 0 0.5 0.75 -0.5 -0.25 0.75 0 0 0 0 0 0 0 0 0 -0.25 0.25 -0.25 0 0 0 0 0 0.25 0.5 -0.25 -0.5 0 0.5 -0.25 0.5 0 -0.25 0.5 -0.25 -0.25 -0.25 0 0.25 0.25 
-3.75 1.75 -2.25 -5.75 -0.25 -0.5 0.5 0 0.25 0.25 -0.25 0 0 0.25 0.25 -0.5 -0.5 0 0 -0.25 0 0.25 -0.25 0 0 0 -0.25 -0.25 -0.25 0.25 0 0 0 0 0 -0.25 0.25 -0.25 0 0.25 0.5 0 0.5 0.25 0 0 -0.25 -0.25 -0.25 0 0.25 0 
-3 2.5 -2.25 0.25 -0.25 -0.25 0.25 0 0.25 0 -0.5 0.5 0.25 0.25 0 -0.5 0 0.25 -0.25 -0.5 -0.5 0 -0.5 0 0 0 -0.25 -0.25 -0.25 0.25 0 0 0 0 0 0 0 0 0.25 0 0.75 0 0.25 0.25 -0.5 0 -0.25 0 -0.5 -0.25 -0.5 0.25 
-1.75 -1.75 -1.5 0 0 0 0 0 0 0 0 -0.25 -0.25 0.25 0.25 0.25 0 0.5 -0.25 0.25 -0.25 0 0.25 0 0 0 0.25 0 0.5 0 -0.25 0 0 0 0 0 -0.25 0 0 0 0.25 -0.25 0.5 0 -0.25 0 0.5 0.25 -0.25 0.25 0 0.25 
0.25 -0.5 0.5 1 2.75 0.75 1.75 -0.25 0.5 -0.5 -0.25 -0.25 0 0 -0.25 0 0.25 -0.25 -0.25 0.25 0.25 0 0.25 0 -0.25 0.25 -0.25 0 0.25 0 -0.5 0 0 0 0 0 0 0 0.25 -0.25 0 -0.25 0.5 -0.25 0 -0.25 -0.5 -0.25 -0.25 -0.25 0 0.75 
1 -0.75 0.5 0.5 0.5 -0.25 3 2.5 -0.75 -0.75 0 0.25 -0.25 -0.25 0.25 0 0 0.25 -0.25 -0.25 0 -0.5 0.75 0 -0.25 0.25 -0.25 0 0 -0.25 0.25 -0.25 -0.25 0 0 0 0 0 0 -0.25 -0.25 0 0.5 0 -0.25 0 0 0.5 0.5 0.25 -0.5 0.5 
-0.75 -0.25 -0.5 0.25 4.5 0.75 2.75 -9.75 -2.25 0 0 0.25 -0.25 0.25 0 0.25 -0.25 -0.25 -0.25 0.5 -0.25 -0.25 0 -0.25 -0.25 0 0 0 0 0 -0.25 -0.25 -0.25 0.25 0 -0.25 0 -0.25 0 0 -0.25 -0.25 0 0 0 -0.25 0 0 0.25 0 -0.25 0.5 
-1.25 1.5 0.5 -1 1.5 3 -3 -1.25 0.25 1.25 0.5 0 0.25 0.25 0.25 0 0 -0.25 -0.25 0.25 0 0 0 0 -0.5 0.5 0 0 0 0 0.5 0 0 0 -0.25 0 -0.25 0.25 0 0 0 -0.5 0 0 -0.25 0 0.25 0.25 0.5 -0.25 0 -0.5 
0 0 -1 0 3.5 -0.75 0.5 -0.25 -0.25 14.5 1 -0.75 0 2 0.25 0.25 0 0 0.25 0.75 0.25 -0.5 -0.25 0.25 -0.75 -0.5 0 0 0 0 0 0 0 -0.25 -0.25 0 -0.5 0 0 -0.25 0 -0.25 0.5 0.25 0 0 0 -0.25 0.5 -0.25 0 -0.25 
0.25 0.25 0.5 0.5 -2.75 -0.25 -3.75 -1.5 0.5 16.5 -9.25 -1.25 -0.75 -0.25 -0.5 -0.5 0 0 -0.25 0.75 -0.25 -0.5 0 -0.5 0.25 -0.25 -0.25 0 -0.25 0 0 0.25 0 -0.25 0.5 0 -0.25 -0.5 0 0 0 0 0.25 0.25 0 0 0 0.5 0.5 0 0.5 -0.25 
0 0.5 -0.75 0 0 0 -2.25 -2.25 -1.25 -2.5 -13.75 -1.75 -0.25 -0.25 0.5 1.75 3 3 0.25 0.25 0.25 1 3.75 3.5 0 1.75 2.25 0.5 -0.25 -0.5 0 0 0 -0.25 0.75 0 0.25 -0.25 0 0 -0.25 -0.25 0 0 0 0 -0.25 0 0.25 0 -0.25 -0.25 
1 9.25 1 0.75 0.25 0.25 -0.25 -0.5 -1.25 -0.25 0.25 2.25 6.5 4.5 -0.5 -2.75 -4.5 2.25 0.5 1.25 2.5 2.5 -3.25 4.5 -2.75 -1.75 -4 -0.25 -0.5 -0.25 0 -0.25 0 0 0 0.25 -0.25 0 -0.25 -0.25 0 0.25 0.25 0 0 0 0 0 0.25 -0.25 0 0.25 
32.75 44 13 15.25 1.5 0.25 0.25 1 -0.75 1.25 3.25 9 -7 -3.25 1.25 1.5 2.25 1 -0.25 2 -0.5 5.75 0.25 -1 -2.75 -1.5 0 0.25 0.5 -0.25 0 -0.25 0 0.25 0 0.25 0.25 0.25 0 -0.25 -0.25 0.25 0.75 -0.25 0 0 0 0 0 0 0 0.25 
60 4.5 13 25 2.25 0.25 0.5 0.25 0.5 0.75 2.25 -4 -1.75 -1 1.25 0.25 0 1.75 4.25 10.5 3.25 4.25 -3.25 -3.25 -4.75 -1.5 -0.25 0.5 0 0 -0.25 0 0.25 0 0 -0.25 0 0 0 0.25 0 0.25 0.25 0 0.25 0 0 0 0 0 0 0 
3.25 3.75 1.5 1.75 19.25 14.75 19.75 21 13.75 4.75 46.25 27.25 45.75 3 1.25 4.75 0.75 -2.5 0.5 -8.5 -10.75 -6.25 -1.5 -2.25 -1.5 -0.25 -0.25 0.75 0 -0.25 0 0.75 0.25 -0.25 0.25 0.25 0.25 0.25 0 0 -0.75 0 0 -0.5 0.25 -0.5 0 0.25 0 0.25 0 0 
12.75 4.25 0.5 -4.75 0.25 1.5 3.75 36 21.5 46.75 29 3.25 7 9.25 -6.5 -2.75 -7.75 2.5 3.5 -1 0.25 0 0 0 -0.25 0.25 -0.25 0.5 -0.25 -0.25 0 0.25 0.25 0 0.25 0 0.5 -0.25 0 0.25 0 0 0 -0.25 0 -0.5 0 -0.25 0 0 0 -0.25 
-3.25 -7 -5.25 7.25 -0.5 0.75 -1 0.5 1 -0.5 1.25 0.75 -3 6.5 3.25 10 6.25 -0.75 -5.5 -2.5 1.75 4.25 2.25 0.75 0.5 0.5 0.25 0.5 0 0 1.5 0.5 0.25 0 0.25 0 0.5 -0.25 0 0 -0.25 0 0 -0.5 0.75 0.25 0 -0.25 0.25 0 0.5 6.75 
0 8.5 0 -2 -1.25 -1 0.75 3.25 0 1.75 -1.25 -0.75 1.25 3.5 0 1 22.25 21 26.5 30.5 6.25 -2 4.25 -3.25 -1.75 0.75 -1.25 4.75 2.5 1.25 10.5 1 13.75 9.25 1 0.25 1 -0.25 0.25 0.25 0 0 0 0 0 0.25 0 1.75 2.25 5 33.75 35.25 
6.25 -5.5 -6.5 4 -0.25 1.25 -1.5 -10 0.5 -1.75 -1.5 0 5 -2.25 5 2.25 -0.75 -0.25 -0.25 5.5 17.5 27 10 -0.75 -0.25 0.25 0.75 20.5 4.25 5 5.75 2.75 22.5 4 12.25 -0.75 0 -0.25 0 0.5 0 0.5 0.5 0 0.25 1 0.25 7.5 2.5 15.25 -6.5 -1.25 
-0.75 -1.75 -4.5 0.5 -1 -6.75 7 1.75 -3.75 1.5 -2.25 -0.25 -3.25 1.25 4.25 -7 1.25 -4.25 -1 2.25 -1 1 15.25 2.25 0 0.5 0.25 6.75 -12.5 -3.5 4.25 22.75 -7.75 -4.5 -12.75 17.25 -0.75 0.5 -0.25 0.5 0.25 0.25 0.5 1 0.75 3.5 13.25 4.75 14.25 15 16.75 26.5 
-7.5 0 7.75 7.25 -4.75 -3.25 5.75 -0.5 2.75 -3.5 8.75 -4.25 -1.25 -0.25 3.5 0.75 2.25 4 5 2.25 7.25 2.5 -1.25 18.75 6 13.5 1.5 5 -9.25 11.25 27 13.75 -7.5 7.75 -12.25 -5 -12 2 16.75 15.75 1.5 0.5 0 -0.25 3.5 9 5.75 11.75 6.75 -0.25 16 -3.5 
2.5 0.75 -3.5 -5.25 -6.25 -1 -0.75 7 -8 -7.25 4.25 1.5 3.25 1.5 6.25 -2.75 1.75 -7 0.75 -1.5 -0.75 3.5 0.75 2.75 1.75 14.75 12.75 15 2.5 -4.75 -1 -1.75 1 -1.25 9.75 8.25 13.75 19 4.5 -7 -6.75 0.75 0.5 1.5 1.75 1.75 15.5 6 -6 -4.5 -7.5 -9.5 
-6.25 -3 2.5 -7.75 1.25 6 -5 -0.75 0 3.75 -2.75 4 4.75 -2.25 -3.25 -4.25 -5 4.75 -1.5 -1 0 3.75 -1.75 0 0.75 1 -0.5 10.25 38.25 12.25 0.5 1.25 2.25 0.5 -3.5 3 -5.75 -8.25 -10 -11.25 -5 -0.5 -1.5 -1 -0.25 1.75 11 -15.75 5.25 7.5 7.25 -10.5 
-5.75 2.5 8 5 1.25 0.75 -1 -4.5 -7.5 2 1.25 -2 0 -1.5 -2.5 2.75 -2.5 -0.25 -4.25 -1 -2.5 0.5 0 5.25 0.5 -4.5 -5.5 1 2.25 8.5 45.25 7.75 30.5 7 -21.5 -26.75 1 -1.25 2.5 13 8.75 -1.25 0.25 1 2.25 -0.75 26.5 3.5 -7.5 -8.75 6 10.25 
2.25 5.25 0.25 2.25 3.75 -0.75 7 1.75 2.5 -4.5 -2.25 -4.25 3 -0.25 6.75 2 0.75 4.5 3.5 -2.75 1.25 3 5.75 -1 -1.25 -6 1.25 3 2.25 -1.75 1.5 0.25 8.25 23.75 39.25 42.75 34 2.25 8.75 -0.75 -15 -4.5 15 23.75 -11 37.25 14.5 -1.25 -7.75 13 9.25 -7.25 
2.25 -8.5 -4.5 -7 1 -1 -0.75 -7.75 -14.5 -7 -1 8.25 -1 -2.75 0.75 -2.75 -0.5 0.5 1.5 1.25 4 -0.25 -1.75 -1.75 0 -3.5 0.25 -1 5.25 0.5 -1.75 0 2 1 -2.75 -2.5 -8.5 2.5 12.25 4 -8.75 9.75 16 -15.25 31.5 13.25 -4 -8.75 -3.25 -4.25 -2.75 -7.25 
-3 0.75 -6.75 2 9.75 0.75 -0.5 0.5 5.5 6.25 0.75 -1.5 0 -2.75 -15 3 2.5 1.25 0 2.25 2.75 -2.75 0 -0.5 -0.75 -3.5 0 -0.25 -0.75 0.25 0.75 1.25 0.75 0.25 -3.25 0 0.25 0.5 0.25 0 -4.75 9.75 1.25 5.25 -8.5 6.5 -15 -5.25 -7 5 1.25 -1.5 
2.75 4.25 10.75 -2.75 -12.25 -4.75 -4.25 1.25 -2 0.25 5.5 -8.5 8.25 -7.5 3.25 1.5 0 1.5 -0.25 3.75 0.25 0.5 -1.5 1 -0.25 0.5 2.5 4.5 0.5 -0.5 1 2 1.5 -2.75 -6 1 1.75 4.75 -4.25 -1 14.25 6.5 8.75 -17 1.25 -8 -27.25 -9.25 -8.25 0.75 8.5 10.75 
9.75 -7 -1 -2 1.5 4.25 -6.25 6.75 -5.25 -1 -4.25 6.5 1.75 -1.5 2 -13 -4.5 -4 2.25 -1 -3.25 -4 -1.5 1.5 1.5 -1 0 -3.75 -3.25 4.25 3.75 1.75 -2.5 -2.25 3.75 1 3 1.25 3 5.75 1.5 -0.25 4.25 28.5 18.75 -7 -1.25 -1 1 3.25 7 -27.25 
1.25 1 3.5 0 2.5 0.75 5.75 -6.5 -2.5 -5.25 -2.5 -1.75 -1.25 -0.25 -0.5 1.75 2.5 1.25 2 -7.5 3.5 -4 1.75 -1.5 3.25 1 0.5 0.75 5 7 2.5 -0.5 -6.25 1.75 1.75 2.5 2.5 0.25 2 1.25 1.5 0.5 2.5 0.75 0.75 4.25 21.75 20.5 4.5 -12.5 -6.25 -6.75 
-13 -2 -7.25 1.25 0 4 2.5 -0.75 1.25 2.75 4.5 -1.75 -0.5 9 4 2.75 6.5 5.5 4.25 -5.25 -2.5 2 -4 4.75 2.5 1.75 0.5 1.75 0.25 -6.5 -1 -0.25 1 2 -1 -0.75 0.75 -4.25 0.25 0.75 -0.5 0.25 -0.25 1 -0.25 1 0 13.5 46.75 27.25 47.25 49.5 
11.25 9.5 5.25 3.5 0.5 1 -2.5 1.75 3.5 1.75 -6.75 -13.25 1 -2.25 0.75 0.75 -7.75 -7.5 1.25 17 8.75 6.75 3 6 0.75 1 -0.25 -1.5 -7 -4.5 4 -5.25 2 1.25 -0.75 2.75 7.5 5.75 -1.5 -3.5 -4 4.25 2.5 0.5 -0.5 -0.25 -0.5 3.5 -1.75 0.75 0.25 -0.25 
0 0 -0.5 -0.25 -2.75 0.25 1.75 2 2 -1.25 1.25 0.75 -5 -2 -6.25 1.25 0.25 -6 12 -0.5 -4.75 -2.5 1.5 0.75 -0.25 0 -1.25 0.25 -4.25 -4.25 -3.25 -2.75 -3.5 3 -4.75 -0.5 -2 4.5 2.25 -7.25 8 -3.5 -10.5 1.75 -0.25 1 0 0.5 1.25 0.5 0.5 -0.5 
-3.25 8.5 -1.25 1.75 0.25 -0.5 1 -0.75 0.75 -0.25 1 1 2.75 -2 -6.25 -0.75 9 8.25 -4.5 -8.25 7.25 1.75 -1 -3 -7.25 -4.25 -2.5 1.75 -0.25 -3.5 -1 -2.5 2 -1.75 -0.25 -4 7.25 -5 -4 22.75 1.75 -7 -1.75 1 0 0.25 0.75 -1.75 -0.75 0.5 0.25 -0.75 
-7.5 -8.5 4 -3.5 0 0.5 -2.75 -0.75 -1 1 2.75 2.25 -0.25 -10 -3 0.75 -2.75 -0.25 2.25 2.5 2.25 -11.75 -7 -0.5 5 6.5 -4.75 1 4 1 5.75 4.5 4 -4 -4.25 3 -7.75 12 2 0.25 -2 -2.5 3.25 2.75 2 -0.75 -7 -3 3 -0.25 0.25 -0.5 
2 -4 -9.75 -8.5 -5.75 -0.75 1.75 4.25 -0.25 -3.25 0.75 -1.25 -6.25 2.5 1.25 -7.75 1.25 7.25 -0.75 3 -5 -0.5 9.75 -1.25 -0.25 6.75 2.5 -0.5 -3.25 -9.5 1.5 6.75 -13.25 2.25 0.75 2 -0.5 11 -11 -2.25 -3.5 -11.5 -0.5 -6.5 -6.25 -3.25 6 0 -0.25 0.75 -0.25 -1.25 
1.5 7.75 5 10 12.75 -0.5 -2.75 -0.75 0.25 -6.5 0.75 2 -0.5 -4.25 -1.75 -7.75 2.25 -9.75 0.75 -16.5 -1.75 0.25 -3.75 -7.25 2.5 -7 -8.75 -3.5 0.5 0.75 -4.25 0 8 -2.5 -4.5 -6.25 -3.5 -7 4.75 18.5 -1 7.25 4 2 2.25 12.5 -1.5 1.5 -0.75 -1.5 -3.25 -1.75 
-5.5 2 -3.25 -3.25 -6 -1 -12.25 -1 0.25 -0.25 -1.25 -4.5 -3.75 2.5 -1.75 -0.25 -1.75 3 4.25 -1 7.75 0 -2 -0.25 -0.75 -1 -1.5 2.25 1.75 14.75 13.25 8.5 0.75 3 -2.5 -5.25 2.5 -2.5 -14.25 -5.25 1.25 1.25 -4.25 -1 -6.75 -4.25 -0.5 0 5.25 -1.25 2.5 1 
-3.5 0.25 9.5 -2.25 -1.5 2.5 1.25 5.5 2.75 1 0.75 7.25 4 5.5 -1.75 -7 2 -0.75 -3.25 5 4 2.25 -3.75 -22 0.5 -2.5 -0.75 2.25 1.25 1.5 -10.25 -5.5 1.25 4.5 4.75 -2.5 3.75 -0.25 0.75 -2.25 0.25 0.5 -3.25 7.5 6.25 6 0.75 -2.5 1.75 0 0.25 -8 
4 4.5 -1.25 -3.5 2 5.75 4.25 1.75 -1 0.75 -1 0.5 0 -1 -1.25 4.5 -3 -3 -2.75 0.25 4 -3.25 8 9.5 10.5 2.5 3.25 8 0 -5.5 -2.25 4.25 -9.25 -5.25 -12.5 -0.5 8 -19.5 -8.75 4.25 12.25 0.5 -5 -5.75 2 2 5.5 3.25 -6.25 -3.5 -6.5 3 
