5 -2 0 -1 -2 -3 1 -6 -2 2 81 4 41 -25 168 1 -15 -2 7 8 -2 0 -1 2 2 -2 2 0 -6 -2 -6 -1 2 4 0 89 8 -69 -4 86 -58 -20 -2 2 29 -2 -12 2 0 -3 -2 2 -8 8 2 -9 -50 13 -18 23 32 51 6 157 4 -6 9 -2 2 -5 15 0 -5 -28 -21 -3 -13 -9 -1 -1 -2 -1 -3 -3 0 0 8 5 22 2 7 -2 -156 186 -3 -8 2 0 -1 -2 -5 1 -1 2 -9 -73 -107 -81 0 -4 8 -105 -6 11 0 11 1 -15 -4 -6 4 51 6 -4 -1 
4 33 -4 -2 3 -24 -13 -6 -123 2 0 0 2 0 55 -9 -1 -1 0 -2 -49 125 -4 -1 1 -5 -5 7 82 -4 0 0 -4 6 -1 10 4 -6 6 -7 -1 -5 -3 0 27 -6 -19 -1 3 -2 0 16 6 5 2 -16 -1 8 -67 0 0 22 -5 13 10 3 27 -2 2 -14 -7 -27 -20 -1 -9 -9 23 -2 -1 -3 7 0 2 70 30 -4 -10 30 32 -10 -8 -11 1 -125 2 16 -3 5 -1 0 -13 1 3 -5 14 -1 2 11 7 -17 -3 -77 40 8 -1 6 0 -4 -4 28 -15 -32 3 1 -4 
26 0 18 -10 82 14 21 -31 -4 -4 -5 2 6 -23 -4 -3 2 6 -111 0 0 1 -2 -1 -1 2 0 9 1 -4 -18 -15 2 1 -3 -8 -2 -84 2 0 0 -112 -1 -7 17 -17 -19 0 62 2 0 4 61 5 -8 -37 2 197 -35 -39 0 -32 -40 -3 8 3 -21 -6 -10 1 -7 0 2 0 -4 10 3 -2 -35 4 0 -2 3 -1 -7 20 -25 10 -52 -15 151 -15 -2 -3 2 13 -6 1 -1 6 1 1 -1 5 15 7 -12 -13 8 -4 -1 0 6 86 4 2 2 57 -16 -3 -10 -1 96 14 -1 
-10 -24 -60 -10 -7 -30 -8 3 -40 2 0 -1 32 55 11 -2 -5 7 1 0 -22 -4 4 0 5 13 -21 44 -4 -8 2 2 -13 -3 -2 0 4 2 10 11 -12 -26 52 -3 5 -19 -3 -2 0 -2 4 2 -11 -97 3 49 -3 20 -91 -64 38 45 0 10 -1 7 7 144 -11 2 -11 -4 14 -7 4 27 1 -7 1 2 -2 1 1 -43 29 27 13 -7 5 14 -18 8 1 1 -2 -172 -8 -1 1 1 2 -5 9 5 -41 -3 3 8 -145 5 -68 2 -1 0 81 -6 97 46 -72 -19 114 -1 -1 8 6 
8 -3 -3 -2 28 -2 -22 -2 2 48 -6 -2 7 -19 -52 5 -3 10 10 -7 0 63 0 1 -8 5 -18 5 22 -1 -2 -3 -8 4 0 4 -3 0 -11 -5 -3 -27 -2 7 22 45 -6 21 15 -10 7 9 -1 42 11 35 -6 3 17 -75 24 11 0 21 -4 3 -26 1 11 19 -5 1 -3 3 -21 9 2 -1 1 12 24 8 31 7 -28 11 -13 17 -9 5 -7 10 -2 3 1 3 -10 -28 2 -2 -6 6 8 -4 -4 0 -5 1 3 2 -11 -2 8 -4 5 -7 37 -4 0 -5 -5 2 15 -4 31 
-4 1 130 -6 -10 -1 0 -82 -83 -24 -7 5 -10 -10 -11 -1 -16 24 0 6 5 3 -5 -2 12 10 4 13 -6 2 5 93 -1 3 -4 -88 -2 8 3 2 -99 -18 6 -1 33 1 1 -19 2 0 -2 -10 2 4 11 28 -8 11 52 15 -3 15 -33 2 -20 26 -37 11 10 -1 3 -2 -4 8 -17 4 4 -6 18 22 -40 4 3 1 -169 2 -12 86 39 -53 131 7 -2 0 0 173 -1 3 -1 62 -5 5 6 -1 2 -3 -4 -5 9 1 41 20 14 -5 -63 2 1 1 0 7 -65 22 4 -1 -2 
-5 0 -3 -4 -3 -3 -111 5 5 -8 -1 1 4 13 3 8 -4 -17 10 -4 -11 4 -87 -10 -5 3 -84 2 72 -6 -68 -35 7 -23 -2 1 36 -3 1 3 -23 0 -93 -2 5 -16 20 -11 2 -51 5 3 -56 98 -112 8 -24 7 186 -22 13 -3 -67 56 22 32 -14 19 14 0 -1 2 -25 -17 -12 -26 -14 -8 -6 14 -51 -7 36 -75 0 4 1 4 -8 -89 8 -1 -7 -1 1 5 -2 0 2 0 3 4 -1 3 -1 0 6 -6 -2 134 6 12 -19 -2 4 -1 2 -1 -5 37 164 7 -52 15 26 
-4 1 -3 33 -53 -3 -2 1 148 0 -39 0 -11 14 -100 113 6 -10 31 3 10 -23 2 20 -4 -1 6 -8 -1 0 1 -1 0 1 4 0 7 1 0 -7 -2 0 -1 -4 2 -1 0 -5 95 1 -8 0 -4 9 9 -1 27 -129 -4 31 31 -7 26 22 33 21 -4 -8 -12 -5 -1 -12 -124 13 -4 17 6 -41 36 6 4 -2 3 -8 -18 -12 -17 22 -20 89 -19 0 -5 -2 -1 0 1 0 -2 1 3 -8 -5 -1 6 86 -4 2 5 3 4 0 -6 -4 3 3 32 -3 -5 -44 -71 29 -16 6 32 
-2 160 -3 -4 3 -4 0 -182 1 -1 2 4 0 -2 0 3 -22 14 10 12 26 -8 7 6 2 5 1 3 0 33 3 -1 0 -1 -70 1 1 -3 0 2 -1 -4 0 -1 -1 1 1 6 -2 -4 133 28 -3 0 -2 0 -3 -84 -65 10 44 -24 18 -151 -98 -17 -2 -9 -4 -107 3 -4 0 1 -8 -6 22 8 90 -17 -5 -21 -13 -6 -23 -11 -1 6 4 -1 -28 -3 0 -3 0 -2 -3 1 -8 -6 1 -7 2 8 4 -7 -11 11 -6 2 0 143 -1 3 8 -6 29 -14 19 36 27 13 -49 -16 5 
4 0 109 -4 0 2 0 1 1 34 -1 -8 -12 -35 0 -18 -58 -117 -40 18 -8 2 -16 -4 7 -19 130 -24 2 1 -14 0 0 2 -25 1 4 -1 0 1 -7 4 2 -9 5 -3 1 6 -1 1 1 -1 4 -143 29 7 16 4 1 25 -1 7 -19 -5 -2 -17 -2 5 0 -12 0 16 8 13 15 -4 -5 -18 -19 -37 -16 26 -73 4 -11 -70 5 37 3 -20 -55 -1 -3 4 4 11 3 1 4 -2 36 2 4 27 11 1 4 -2 -1 -32 -9 1 0 92 71 3 51 -5 12 9 6 -5 5 -18 -3 
-5 -5 -4 7 0 -1 1 -5 3 -1 1 -10 -10 -2 -1 -1 -8 -12 -37 -6 -1 -1 2 10 0 7 10 -2 -5 -17 1 33 -6 21 9 7 14 18 8 -2 -8 18 11 3 -5 -4 4 -4 -1 -4 2 -3 4 2 -4 -15 16 -41 6 2 -17 5 -35 -6 -2 14 15 16 0 1 -4 -7 5 -18 -16 -19 1 1 8 -1 -1 5 20 -15 5 -3 -76 -7 11 -1 -7 -4 -1 -21 3 -4 -2 -175 4 52 8 -5 20 15 -7 -7 -7 1 2 -11 2 -10 19 31 -24 -18 -129 -7 -8 7 4 -104 4 -3 2 
0 -10 4 3 2 -104 0 3 4 -7 2 -3 -1 -1 1 -1 7 -78 -4 89 -23 12 13 -20 -5 -1 0 113 11 -65 11 -8 -22 -7 -6 17 5 124 -1 -34 7 10 -4 3 -7 85 77 -3 -2 -2 4 1 -4 10 1 -1 -149 -8 3 17 -22 20 1 -2 4 -56 23 -1 -9 2 -2 -9 45 5 0 0 -3 2 7 9 -20 -9 -16 0 -1 14 -3 35 0 3 3 2 0 101 4 -3 156 3 4 -1 -80 -8 -8 7 -8 1 0 -81 16 25 -2 73 -11 -10 6 74 -17 -10 8 -138 -32 -39 -4 10 -19 
3 -1 -1 1 1 2 -1 0 -12 0 -67 0 52 -1 -4 17 -3 -9 3 -51 -26 8 24 -3 33 -3 -50 27 9 -11 -42 33 -13 0 -11 14 24 -10 -7 -20 3 -19 -9 6 3 1 21 -1 5 2 0 1 4 18 -5 76 -6 -29 -2 33 -46 -36 45 7 -19 -3 -3 -1 1 3 -1 1 3 7 1 -6 3 -8 -2 -3 6 -5 -12 1 -5 -5 171 -1 0 1 0 3 -7 4 6 -2 3 6 1 24 0 -11 63 -2 -2 162 6 7 -8 -63 2 -2 23 -12 -6 16 0 -12 -9 -24 -9 -3 -1 11 2 
5 5 -2 -3 -143 2 -4 -1 1 -1 -1 -1 2 6 -5 1 0 -7 -28 7 1 2 -3 1 9 4 3 68 -5 -7 -1 -3 -7 1 -2 -2 3 1 3 -3 1 0 0 -3 4 1 -28 -11 137 62 4 3 14 21 -12 2 -2 -4 4 -6 136 -10 10 -5 -1 -3 -3 46 8 5 -4 -46 -5 -8 -12 4 3 7 -3 3 -4 -2 -4 -5 0 -3 0 2 49 4 0 1 -116 4 -4 -12 0 -2 -1 -5 86 -51 -3 -23 -3 0 -3 31 55 0 -31 -6 152 20 -163 -6 -7 57 -22 -24 -9 8 21 1 -5 
1 -4 2 2 -5 6 -2 -2 177 2 4 -2 -3 -2 -3 2 2 -1 2 128 49 -3 -119 -4 -5 -2 0 -11 13 2 1 0 -2 1 0 -1 -4 1 0 -134 0 3 -111 123 11 -1 -4 -2 -2 5 7 4 8 6 -15 6 -4 41 17 116 8 -3 95 12 18 -5 -9 3 -4 8 4 4 -8 0 2 -4 -43 6 2 -1 0 5 0 4 0 -2 -54 -2 0 0 8 -4 0 -3 5 8 3 -16 5 -1 -154 0 1 20 0 -3 59 -10 1 -1 0 -3 -64 -9 9 6 -1 23 17 11 -22 14 -8 -21 103 
-2 -1 0 -3 3 1 -3 -8 191 -1 0 5 -7 -5 -215 -5 0 -3 -2 9 -2 1 -5 2 56 -4 0 -2 -4 2 2 4 -2 2 3 1 3 0 29 0 -79 -7 106 -25 11 -167 15 -10 -1 19 8 16 -5 10 11 -158 -122 11 -2 6 -16 -93 -16 -1 9 -1 6 -4 -6 7 65 -99 7 4 -2 -2 -2 10 6 0 -4 -2 2 1 5 2 0 -2 2 -2 -4 -5 -58 14 32 17 2 -3 -5 3 0 1 -3 60 5 3 -1 -7 6 0 13 -7 -4 -6 8 35 -5 -6 10 -2 -80 19 -16 7 -8 
-1 -8 1 0 8 1 50 207 -126 3 4 0 159 -222 2 -9 2 4 3 0 -3 4 4 -3 -2 0 5 1 -101 -5 -6 -2 7 137 -1 62 -6 107 0 -11 -2 -18 -1 -122 3 -10 -10 -1 -26 -1 -4 0 -80 -6 8 -4 -2 10 -79 -2 -5 5 -1 -11 4 -9 -4 1 0 5 -1 9 -10 14 1 -6 -6 17 1 -1 -5 -3 -1 14 0 -28 25 2 -1 1 2 1 -12 -1 -40 -11 -80 3 2 4 33 -14 -20 12 20 -119 -34 25 -1 9 19 3 -1 -24 12 -39 4 -2 4 12 -7 -32 -13 0 -8 
-1 1 -1 -2 0 4 185 75 2 5 -14 1 -148 1 -4 6 -6 -8 0 12 58 -6 9 2 14 -8 -9 2 -1 4 -1 6 1 3 1 -3 -5 -14 42 4 2 1 0 0 3 1 -3 -4 -2 7 -4 2 52 -10 1 3 4 11 5 -7 -9 0 -1 -2 -4 -169 0 0 -1 2 3 -29 -11 -2 -1 7 -4 5 3 1 -3 0 2 -20 1 -1 -3 -28 -55 0 2 1 4 21 0 4 0 11 -16 1 11 4 9 -6 5 0 -13 -153 -4 -51 -36 2 -21 0 3 -6 63 43 37 -1 0 1 -1 1 0 
0 -1 -1 7 -1 2 0 120 -2 8 -3 1 -1 6 3 19 1 -16 -5 -16 101 -21 -3 -12 -3 -112 -21 -2 -2 122 -3 -3 5 3 56 0 5 -2 3 -7 -3 0 -1 -10 4 3 3 -1 -4 -3 1 1 -2 1 -4 -2 -4 33 0 10 -14 2 -88 -2 -3 1 1 3 -1 -73 -5 2 1 -2 -1 0 3 -7 4 -27 91 0 1 7 -17 5 2 5 0 -1 -4 -2 -4 1 -1 -1 -1 46 -1 -16 -16 -11 -4 6 -129 114 -1 -1 1 0 -4 4 -3 1 -2 -2 2 2 -6 -2 -2 4 68 1 7 
1 -3 142 5 0 2 5 2 -29 83 3 -2 1 2 -3 -63 -15 -2 6 18 36 3 -7 -9 -2 173 -38 1 6 -5 11 -1 8 -45 -5 12 4 -8 6 10 3 14 -1 0 -4 -4 2 4 2 -1 6 -1 0 -136 9 4 44 13 6 3 -3 -164 1 -7 -45 -3 -1 17 0 18 -2 -9 2 84 97 6 -154 -12 0 -15 -2 1 -57 2 -34 0 -7 -2 1 1 3 55 3 1 10 -1 -120 0 155 27 -4 1 -5 1 0 1 1 12 8 1 3 -19 0 -78 0 14 7 14 6 5 6 -60 -17 0 2 
-7 -3 -6 -2 2 62 3 15 1 18 8 -4 -2 -2 -5 -25 -11 -7 -2 2 -83 0 41 13 7 -169 -7 13 -1 -1 10 3 -12 0 -4 -167 86 -30 -15 -51 -1 1 -4 -2 -1 1 8 0 6 -2 -7 1 3 -5 -10 -1 -10 -12 -1 -147 1 -2 -2 8 -6 -4 0 6 3 -7 -1 -12 0 1 1 6 3 -18 1 -3 -92 5 3 4 1 3 0 10 0 0 -20 -4 -2 3 1 -2 1 1 1 1 2 -43 3 1 -2 7 -4 -2 5 0 -9 5 -1 1 5 15 4 2 50 5 11 20 -3 30 -7 
-3 -17 21 84 -84 7 15 -3 -14 -5 64 -14 -1 -81 1 6 -1 4 91 2 9 -6 -178 -135 -17 1 157 -3 10 -3 -3 -122 -4 0 3 19 13 10 3 4 0 9 -122 -1 -121 -6 -1 -6 6 -4 -3 2 -4 14 -2 0 -3 1 -10 74 1 0 -1 -1 -1 6 -4 -131 -135 73 -4 17 103 -6 1 1 93 8 0 35 13 -2 9 1 -19 -2 2 -82 -87 -34 1 -2 4 -68 12 -2 -5 -85 -1 20 -48 0 -1 0 -4 -155 6 17 1 -11 66 1 17 -9 -2 -3 -1 10 5 -11 -1 2 -5 -4 -2 
-4 2 -3 2 -70 -6 6 -2 -7 1 1 0 4 0 1 -9 3 161 0 4 -59 -18 -4 -1 -4 81 0 0 6 156 4 -5 4 4 2 7 -1 -78 -10 -3 5 -2 10 23 26 4 0 31 6 -4 65 113 2 -1 2 -8 -3 -6 -12 -1 2 -3 4 1 114 2 1 -7 3 19 -3 11 -5 -55 3 4 -96 -7 -54 41 -2 -100 4 -4 1 -4 1 7 -3 59 -4 1 -32 -1 -53 3 -6 81 -2 72 -14 6 5 -3 11 -10 1 80 1 -6 -3 4 0 6 70 -4 -2 -1 3 2 0 1 -3 -1 1 
-10 0 -6 -2 -4 9 10 -7 -135 124 -5 1 9 -1 -1 9 3 -6 -136 9 6 -5 2 15 -14 -33 68 6 -5 -24 14 1 37 -5 7 10 -6 1 -35 -36 -7 -43 7 54 4 -77 -3 70 -9 -2 76 -19 -2 0 -3 1 2 76 2 5 1 0 1 5 -5 2 1 0 0 29 1 138 -8 0 53 15 16 17 0 60 -9 -34 137 -18 22 -4 4 -10 46 -5 -5 -2 1 1 -20 2 -5 -9 14 -1 -5 12 -1 1 1 -3 1 123 -4 -3 -4 -1 -7 -61 -1 -4 0 0 0 1 -1 21 40 -3 -2 
2 66 55 0 -3 2 -17 -1 1 84 16 135 2 2 -2 7 -6 8 -3 18 -114 -71 -1 0 9 3 3 10 2 -3 -26 -2 5 -23 3 -8 -10 2 -1 1 0 -3 -1 3 3 -4 -1 0 -2 -1 0 93 0 43 6 -6 75 0 1 -22 0 1 -6 -2 0 1 0 -5 -3 20 -3 6 -22 0 -3 -11 -1 -9 3 11 -3 -98 -2 -3 11 1 1 1 1 -1 -3 -1 0 1 -51 18 -25 0 9 -4 7 -25 -59 12 95 78 -1 1 1 41 58 2 -86 0 -3 1 -1 17 181 -7 116 -161 2 -4 -86 
5 0 3 -9 -4 -7 -8 0 5 -2 92 31 -1 -2 78 9 -21 -9 21 9 -1 -7 17 25 -84 -26 8 -10 3 9 -4 -31 -83 8 -56 -4 -2 -1 6 -1 -13 -44 -9 -1 -1 -4 4 27 -3 -1 6 13 -21 -34 1 -2 2 1 -27 -1 0 1 2 -63 -1 0 0 -2 1 9 -14 3 -21 -4 1 6 -3 -5 -9 -9 -4 -1 -1 2 0 -15 14 1 2 -139 1 47 1 5 1 -4 0 -2 -2 -2 6 2 -100 -4 -2 2 0 2 -1 -3 2 95 4 20 53 4 -4 -12 -5 -6 3 0 -5 57 2 
-1 4 14 39 34 -158 -1 53 -1 -1 3 9 -28 3 12 -11 40 -5 12 14 -4 6 31 6 -5 3 85 13 -6 29 -14 -57 3 -7 -4 1 -3 0 0 -102 2 -38 -9 -1 -5 -2 -5 -2 -7 2 93 -84 -5 -2 0 -117 -221 -3 -1 0 3 6 -4 -1 5 1 -1 -2 -3 0 -19 -1 27 -3 152 -3 4 7 8 9 4 -2 0 7 -6 -27 7 1 -1 2 -2 -1 -1 0 -1 -5 -2 -4 -1 6 -6 -3 -26 -1 -2 20 15 -95 -2 1 1 0 1 13 2 -6 -3 33 -1 -1 3 0 1 1 -81 
13 -5 148 11 169 0 2 2 -3 -7 -3 5 -15 -19 -8 78 1 31 -3 -8 -27 -8 16 53 -12 -3 1 -1 1 -2 1 1 1 3 5 -3 -1 1 2 3 5 2 -28 -1 61 1 1 2 0 1 -2 0 2 0 0 2 1 17 1 -138 -1 -3 -1 -72 4 -4 3 0 -1 -3 -158 -3 35 -7 2 -6 12 -15 -2 -1 -2 0 -5 -1 -57 -8 -2 -5 -10 95 -1 2 -12 -1 -1 0 -2 0 -19 12 0 132 -3 -65 1 -10 -1 2 6 0 120 -69 -36 73 0 1 4 -2 19 -7 -16 -1 -5 -101 -20 
16 -1 1 4 -47 -47 2 52 5 0 -1 5 -4 8 -6 8 13 -2 -1 28 13 0 45 -4 10 -19 7 -5 2 15 0 -17 12 2 -1 9 16 1 -6 -2 2 3 -9 -7 -10 -8 1 6 44 -1 6 2 2 2 102 -88 1 7 1 1 2 1 -1 0 -1 1 -1 3 0 -1 22 -3 16 -1 97 2 101 -5 1 1 0 -1 0 -2 -2 -103 -123 1 -6 55 -2 3 2 -92 7 1 11 -6 -18 -10 -1 -6 -2 0 2 1 5 39 -7 -19 -5 2 -3 -5 -3 2 2 -11 4 -9 2 -1 4 6 -8 
-10 5 -100 1 8 -11 3 -1 -10 -1 -4 1 -1 -5 4 -17 20 29 6 -104 -4 -104 3 7 -15 -4 -2 15 4 -1 101 6 -1 9 -7 -2 -132 16 -2 -1 11 12 -8 0 0 0 0 0 -2 2 9 9 -8 5 0 -5 -4 15 2 -3 -1 -50 -5 0 103 -1 28 99 1 2 8 190 3 -35 -2 -98 1 1 35 -19 17 -1 12 0 -7 9 -15 3 -1 3 -3 2 5 -16 -9 -2 -1 -5 -4 -1 -8 5 0 -2 0 0 -2 4 7 -1 0 -3 -2 2 -9 -49 9 -19 7 4 2 -1 4 7 3 
4 -10 16 3 -7 0 105 1 -1 0 3 -3 0 -1 64 1 0 8 1 -3 2 -85 2 -6 0 0 101 1 0 6 10 -9 0 19 -10 0 0 0 16 34 -8 36 227 92 0 1 -213 -1 228 -1 5 -6 163 -4 -8 0 0 2 15 -9 -3 0 1 0 10 2 -1 -11 -110 1 5 -21 -1 -21 3 3 -2 -2 -11 -7 0 -43 84 -34 -13 -94 0 0 -2 -7 0 1 -1 -6 28 46 0 -3 14 -3 2 -7 -7 -4 -15 -1 -8 25 18 -8 -1 3 -2 -2 0 19 -6 2 4 10 -4 16 6 2 6 
8 -4 9 -126 3 -4 2 -3 -113 2 3 0 2 -2 -2 -18 123 112 0 0 1 0 5 0 6 2 8 13 -4 -6 181 0 0 0 0 0 0 0 -17 -6 -124 -5 0 -5 -5 3 1 167 0 0 0 -12 -93 0 0 0 0 -220 -212 1 -1 110 -4 0 1 -2 2 6 -1 -2 3 11 4 28 -4 -8 3 2 -15 15 1 34 -40 -5 -1 -3 -23 1 14 -2 7 1 -7 0 6 -3 -3 72 2 12 7 -2 112 2 1 -8 1 38 -17 4 -2 -4 -1 0 70 2 -26 0 -7 -91 -140 16 0 1 -9 
46 -15 -1 -15 -1 -15 2 3 5 -1 -2 -2 -3 -3 -2 -3 0 -5 2 63 1 7 0 13 10 0 -9 175 -183 0 0 0 0 0 137 0 -238 0 0 0 0 -2 -1 1 -4 -2 0 0 -1 0 0 0 0 0 0 0 0 6 13 -18 -6 2 5 5 3 -1 1 0 1 2 -2 15 -1 42 -6 -6 -3 82 -9 7 -5 121 -8 -1 0 -2 -14 1 -4 4 13 9 7 54 -78 -42 -4 4 1 -3 -1 -1 -1 0 -1 -1 2 -1 6 -7 0 3 3 9 -85 13 -14 8 -5 3 66 -11 12 -28 19 
-11 -3 0 12 131 15 -3 -3 41 0 2 2 0 -2 -7 -96 103 -1 -1 2 -4 0 -20 -8 -13 -59 15 4 11 0 0 -102 0 0 0 0 0 0 0 112 228 0 2 2 -2 5 76 1 -5 -2 0 2 0 0 0 9 8 2 -8 -11 -22 -1 -1 -1 -2 2 1 3 -4 -2 0 7 -15 21 -20 0 -62 -1 12 -1 -25 2 102 2 3 -1 -6 17 -60 -3 -20 -1 -1 -5 1 -7 -3 -74 -1 0 5 50 1 0 3 0 47 -6 49 -2 4 2 -1 -2 -20 -4 -9 1 -30 -2 -2 1 5 4 5 
-3 19 9 4 -10 -61 -2 5 75 3 -1 65 3 -1 -4 54 133 7 -4 16 -4 -21 13 0 -4 0 0 -5 5 -19 0 0 0 0 0 0 0 0 0 0 0 0 0 -1 -1 -3 0 3 10 2 -2 -173 -1 -9 8 3 16 -12 -13 2 4 1 0 -2 0 -2 1 0 17 3 -97 2 -27 7 -41 0 30 0 10 12 -13 -62 -9 1 -24 -14 2 -4 0 1 109 0 2 1 2 -10 88 8 -22 3 -5 1 -2 -1 12 8 48 -1 2 -113 3 -7 12 3 -11 -5 26 0 -16 32 47 -1 3 107 12 
-16 0 -38 1 112 -3 1 -133 -3 0 -5 -3 -3 -26 3 -4 41 2 -5 2 -1 13 -10 7 -2 -7 -8 -11 6 0 0 0 0 0 0 0 0 -251 0 0 0 0 -2 -85 2 -36 1 0 -3 -8 4 -3 -189 -3 9 -10 -10 0 -67 2 5 0 3 -1 3 -7 2 0 -68 2 0 4 182 9 2 -107 8 -6 1 -17 -24 -6 0 0 -3 1 67 -3 3 -1 -3 12 -6 2 0 10 11 -1 -8 -5 4 37 1 6 5 0 -5 9 -7 12 -4 -6 14 0 -15 0 -18 16 7 -16 -13 -13 -1 -8 -14 
8 1 -102 -26 0 4 2 1 -3 -2 0 2 -2 16 5 6 5 -3 9 4 26 4 -6 -5 -1 4 245 0 0 221 0 0 0 0 0 0 14 0 0 0 0 0 7 3 -2 -8 54 -88 2 0 6 0 1 -3 -2 -128 7 7 0 1 2 2 -2 1 1 -3 18 4 1 -1 -9 -95 5 -4 45 -4 1 -2 4 -2 0 23 -54 11 -26 47 -24 0 23 10 -29 65 2 -63 12 -13 85 26 -24 23 3 0 -20 -5 -6 7 4 13 7 31 3 4 3 -129 -5 2 -6 29 4 -8 3 2 2 60 69 
112 -44 -47 0 0 -1 22 0 1 3 -4 -2 -1 68 -9 -1 -197 1 18 -20 1 0 0 0 0 9 11 0 0 145 0 0 0 0 0 0 0 0 0 0 0 0 -3 -4 4 -74 8 -2 -2 -4 -108 3 -2 -1 3 -1 1 0 17 -17 -2 -3 0 -1 -26 -10 11 2 -10 11 -1 2 1 -1 -2 4 -64 11 15 4 4 29 20 -2 7 33 -23 -3 23 6 91 9 -3 -1 7 -6 -2 57 -7 -3 -2 51 -4 12 -4 -1 1 2 -20 3 4 3 2 21 -2 14 2 72 32 -3 0 -1 21 48 31 
2 1 -52 1 -1 1 2 2 -3 7 4 -1 6 -3 -14 0 3 194 0 210 -5 0 -208 106 48 0 -135 0 0 0 70 0 0 148 0 0 0 0 2 -10 -3 -7 -30 -41 -14 2 -6 -24 -6 -5 -2 1 2 14 4 -13 -6 14 2 -26 -18 4 2 -1 17 135 2 24 -1 -6 7 1 -5 -6 -8 4 149 22 2 0 -27 -49 -2 15 -10 12 -35 0 18 11 0 157 -16 4 7 8 -21 33 4 48 9 55 49 -17 -56 -124 0 131 10 -4 2 -1 3 -1 -1 -1 -6 -13 -78 -13 -1 -6 -6 -14 -22 
-1 -5 -2 2 3 -2 1 2 2 0 -12 0 0 -8 2 -14 1 -7 1 3 -1 -6 -1 0 0 0 -2 1 0 0 0 0 -244 153 0 0 0 0 0 -7 -2 3 -197 -1 -11 2 -3 27 0 2 -1 -150 6 4 0 -1 -2 2 -6 9 21 -4 -1 -9 1 -1 4 -102 -3 -1 20 -94 6 -11 -7 7 -34 -3 19 39 0 3 88 -86 -17 -74 101 -1 -2 -2 -7 16 -26 0 20 6 -26 -6 -2 -3 2 31 51 -18 7 -2 5 -10 -11 -8 -17 0 3 1 3 3 -1 0 2 -1 0 -5 -11 -57 -8 
-1 1 -1 -81 -5 -3 10 -4 1 -5 0 -13 9 1 0 0 -2 0 -1 -4 1 15 0 0 6 0 4 2 3 181 0 12 12 7 1 -1 4 1 -3 -2 6 9 -15 2 -6 2 44 0 6 16 3 5 -134 3 7 2 -7 -5 14 -18 -7 0 -8 -32 0 73 -2 66 0 1 9 3 -6 -33 17 -10 9 -8 11 99 10 4 11 12 18 2 -2 71 -3 12 -55 115 -53 -1 15 -4 -7 -1 0 1 -10 42 22 -28 -5 -3 4 0 14 -34 0 -1 3 0 -18 11 4 -3 4 -1 -42 0 57 2 -7 
13 0 -4 3 -2 -1 -6 -1 1 148 1 4 2 -2 -1 2 0 0 2 -5 -43 0 0 78 0 0 0 -7 7 10 7 -3 1 46 -16 0 0 13 -7 -1 6 -4 -6 3 0 -9 0 2 0 -13 1 -5 -3 -5 -3 0 8 -10 -9 -9 -66 -8 10 4 -18 -15 3 10 108 36 -8 7 -12 -15 6 158 -13 -33 43 15 6 43 28 2 40 -55 2 7 19 52 3 13 0 -2 25 39 -12 -13 -6 -2 19 -1 -2 13 -8 2 11 79 7 40 20 0 12 -13 6 -2 1 -5 9 2 15 -5 -11 5 39 
9 -16 89 -33 -4 3 -7 207 1 5 2 5 -1 0 255 0 -1 -4 0 0 1 2 0 0 -126 0 0 20 -2 5 -1 -5 0 -2 14 6 0 91 0 52 -1 -2 -1 0 0 -1 0 -2 -1 12 -7 5 14 4 -2 69 15 2 -6 -24 1 -4 -5 15 33 5 -80 -2 -21 -4 -3 -126 0 -1 -5 -3 9 -9 2 7 -9 13 15 -21 -2 -1 74 -2 -30 5 -8 0 -1 3 -4 -16 -5 10 2 0 16 4 -3 -81 -13 0 -115 8 4 4 4 0 80 1 -2 13 12 2 -42 -13 -9 -7 -14 -3 -3 
-1 -138 22 30 24 1 -2 0 2 2 -4 -1 11 -8 0 0 0 0 0 1 235 -5 0 0 0 0 -43 0 6 4 -9 -3 -4 -17 -28 4 1 3 3 -1 90 3 6 2 8 4 57 13 -7 -8 -9 -7 1 0 -12 6 -20 22 -19 1 -1 5 -7 69 27 -6 -8 52 -9 -20 -37 0 158 51 -14 -3 1 3 -1 -1 7 6 7 -21 -13 -5 29 -16 10 3 -149 4 -3 -3 -15 63 40 24 1 -2 10 18 0 5 -8 1 0 -35 -179 6 -7 1 -2 -21 -178 7 1 -159 0 -4 2 -2 -3 -3 0 
-3 -8 -4 0 -206 1 0 0 0 0 -2 -6 -11 -8 0 0 -63 6 144 0 -2 3 1 0 3 0 27 3 16 -2 -1 -9 24 -2 2 1 2 26 -2 -5 3 8 -41 -3 3 -8 1 -16 3 -15 -2 -28 -1 71 6 19 1 2 -98 -2 -2 66 0 -16 2 -6 24 40 5 0 -31 12 -1 7 -6 6 7 2 1 -2 -20 -3 -5 5 -106 122 1 -17 -49 -73 -1 1 1 31 4 -100 9 0 1 5 9 18 -2 -11 -4 -2 9 -22 -49 14 -36 -95 3 7 9 5 23 -2 -3 2 4 103 2 2 -1 
0 0 0 0 0 0 0 0 0 0 0 0 197 0 0 4 3 8 -8 5 2 9 -2 -6 2 0 -4 22 0 -21 3 2 12 1 -15 -1 -107 -6 5 -13 5 10 17 -72 3 6 3 7 3 -2 28 -12 -2 -1 -5 -20 -1 13 -2 0 0 -73 16 -19 -21 -10 6 6 0 -20 65 -3 19 1 5 -12 3 82 1 0 -4 54 33 -57 -2 3 3 4 0 4 0 -2 -80 -1 -19 -21 6 -8 0 2 -1 14 -13 5 4 2 -5 33 -67 -31 -82 1 14 30 3 -5 2 3 -30 11 -12 2 1 -1 -3 
0 0 0 0 0 0 0 202 0 0 0 0 -29 2 18 -7 -12 -6 -6 -61 8 3 -10 4 5 14 32 -12 9 -2 -11 1 1 112 -2 -5 -74 1 0 7 67 -161 5 0 -1 -150 11 -23 4 -17 7 21 39 1 -8 -19 2 -14 -7 1 -1 7 -43 -5 1 -3 34 -10 -92 -2 -43 28 23 -2 -3 96 -5 -2 0 -3 66 1 1 28 -17 -28 1 2 -15 -2 11 -63 0 2 -2 3 -1 3 1 -10 -5 19 11 97 -4 -1 -9 -4 -43 -78 -27 -1 2 11 -7 -14 10 4 11 126 -8 0 -45 8 2 
0 0 0 0 0 0 3 0 0 1 52 2 -1 -17 4 -84 8 -5 -11 13 -6 -14 -6 0 0 -18 3 -17 2 0 1 2 -33 -126 -40 2 4 8 132 -27 -3 -6 1 -3 7 -3 -1 -25 6 -3 0 7 3 0 -9 -2 0 3 -11 0 -2 144 -89 11 -28 -177 47 -1 -2 -5 42 -11 90 -2 -2 1 2 -7 -94 -1 -17 2 -2 -2 -52 -25 -4 -6 -15 -3 -3 -1 -1 0 1 0 4 0 1 -22 -60 -19 39 -15 0 1 -10 3 -9 15 -5 -1 23 4 -9 5 -1 8 4 -18 3 5 -1 -2 11 
0 0 171 0 0 0 4 8 7 -13 -20 -2 1 -3 5 53 -6 80 0 -2 -9 -5 -13 9 -12 16 -5 -5 -101 12 44 -40 4 -8 -79 -10 11 -98 -100 11 0 9 -80 0 -13 0 2 0 -4 3 -1 33 1 -12 -15 4 -9 2 -11 -62 -2 3 -38 -92 -23 0 45 -11 -2 -36 9 -5 -1 9 -42 -2 24 48 0 5 59 118 -5 -1 -26 -11 2 -1 -8 -5 5 -1 -7 7 -21 40 4 1 -1 -27 5 -7 -6 1 119 -6 -2 1 32 36 -4 28 124 -2 11 -5 -89 -50 -46 -12 -5 3 -3 -6 16 
-1 0 2 6 23 -8 0 -5 -1 3 -11 -5 2 2 9 4 -2 -15 -49 -3 -7 -5 11 -13 -1 -1 2 3 -1 0 0 -9 -10 -1 5 11 1 12 19 -12 3 -1 -4 1 -25 -6 1 0 -31 7 9 -24 -2 15 74 5 0 -1 -6 -1 3 11 15 8 -12 135 17 0 -1 -2 0 13 -90 -2 -31 34 13 68 -27 -4 1 -3 6 25 -6 -4 15 2 -2 46 5 1 -14 -1 -5 -11 6 2 2 2 4 -13 5 3 -1 5 -1 4 1 -37 -5 -1 47 74 -2 8 32 -95 58 -45 -8 -1 -3 -4 -3 
-3 -4 0 4 7 -3 0 10 -3 -3 -1 4 -13 -3 10 -11 -12 -1 123 -120 8 -6 -5 -2 -5 -3 3 4 16 -9 -7 -1 0 -92 -36 -31 -2 7 -4 21 9 -10 -11 -109 -2 -1 5 2 4 -9 -30 -10 2 -31 -4 147 -26 15 -9 1 25 -7 -5 30 -4 9 -31 -8 -3 2 15 -17 -1 7 -24 28 -12 -31 -5 44 2 6 -6 -3 -2 -6 9 -10 -26 -15 -34 6 4 20 -24 -18 10 -4 0 -3 11 15 -3 -12 -99 56 -7 -33 -22 16 0 12 18 25 3 -3 4 -4 98 4 1 0 2 7 -7 
-8 8 0 -19 6 -15 8 16 -2 7 -3 2 6 19 31 6 9 2 -7 -2 10 -4 -16 -6 -141 -2 4 26 -12 -11 1 0 5 1 4 15 -13 11 1 -14 -10 0 8 -3 -10 11 3 -5 -4 1 2 -21 6 -10 4 39 -25 2 -2 4 -7 8 -11 -2 -3 24 -50 3 15 -139 7 -35 0 5 -7 19 -4 19 -49 -11 -153 -14 -27 47 -6 11 7 -37 5 5 -5 3 3 21 4 0 3 -2 4 -2 11 -15 8 -1 0 119 -90 1 0 4 -1 4 11 4 -7 14 2 2 3 -60 -58 1 4 2 -5 
-5 1 0 -112 -10 -3 -10 5 15 -9 5 4 -4 -115 8 -3 3 -2 -14 12 -69 -3 4 8 5 -5 25 -16 -4 -16 6 -195 -36 -157 14 51 14 -5 -1 -19 -14 -1 39 15 2 -3 -9 4 -59 0 3 8 12 2 -3 20 -1 -19 117 -1 0 7 2 -1 -105 14 0 0 -2 -1 19 -26 -1 -4 -156 1 -19 10 -4 -138 -19 -7 12 -162 -1 -1 3 -18 17 -30 10 -15 4 -1 3 2 9 -4 -2 10 1 25 -2 45 -124 -6 -29 3 -2 2 1 1 -15 -24 41 -1 -1 -6 3 -20 2 59 -52 3 9 
2 -14 4 -143 -6 -6 3 0 -6 5 -18 -5 -171 -7 4 2 2 -1 7 -24 -4 5 12 6 -4 24 -24 -8 1 5 -6 4 -16 19 21 -17 16 1 0 -6 -138 1 -4 1 148 3 -17 23 -1 -3 -7 -19 -8 -1 6 7 8 -10 1 0 5 9 7 -11 0 23 10 0 -1 -41 22 -31 -1 12 -10 -1 -1 -11 -9 -6 10 -16 -6 -19 1 1 16 -10 45 -31 -148 1 -5 4 10 9 6 -6 -5 8 8 -11 -17 -2 5 -3 6 12 39 0 -1 -20 -45 -43 2 -8 0 -8 7 12 1 7 3 -15 -56 
-13 -2 1 5 20 -29 22 5 -2 5 -5 8 151 7 -35 0 3 3 4 10 -45 8 -93 -51 23 -8 63 8 1 -1 5 -17 4 9 -8 -53 9 -38 -18 7 1 4 -8 1 7 -2 1 2 -12 43 -11 -27 -20 -8 -7 8 6 -3 1 0 3 4 2 -34 -3 18 -5 -1 18 -21 -31 -15 9 -25 -4 133 0 1 2 0 2 -9 -5 -1 -1 -1 30 -4 48 -12 -4 12 11 -15 20 3 9 -5 4 3 -70 4 0 -1 15 82 -127 0 -20 -5 -3 12 -1 0 -106 -63 -4 -2 37 -126 3 -2 -91 -143 161 
1 3 4 -10 1 5 -64 -15 3 -106 4 -11 2 8 0 1 0 -31 -6 -3 3 4 -9 18 -17 6 -2 -4 4 1 -4 1 -5 -4 19 2 5 -8 7 2 -68 9 -7 8 2 -16 8 -7 -2 65 2 -10 -16 25 4 -16 13 -2 -16 -101 9 4 3 -14 -3 -17 21 -1 -11 22 16 -7 22 -55 -5 -7 70 12 2 3 0 2 1 0 -2 2 24 2 16 6 -1 -4 -20 105 3 -75 44 -2 0 7 -1 -1 93 1 11 -1 -17 83 17 -1 -2 -9 -1 3 4 0 3 -23 -8 -125 -2 2 -2 -159 -1 
3 0 -10 -3 5 3 6 -7 5 7 -9 -2 -5 4 -8 1 2 -27 1 -56 4 -88 5 6 -21 19 14 4 -145 -2 -2 0 2 62 -2 1 -1 3 3 -23 6 -16 34 3 1 -3 13 -15 -1 91 0 -6 -13 -113 7 -78 -1 3 1 6 8 2 28 -9 4 14 -17 -10 130 22 -9 0 43 -3 22 3 9 -209 31 0 14 -6 2 -4 1 4 3 -1 13 31 -12 3 -84 1 -21 -5 -5 1 -1 5 -9 -42 -91 -1 0 -1 62 -3 0 -2 0 -16 4 74 -6 -9 143 7 -7 0 0 -3 56 2 -29 
-6 1 -1 4 7 1 15 -13 -1 -11 -3 0 7 -77 -3 -2 1 -1 2 -117 -7 1 29 -27 -2 -2 -14 8 0 0 -4 6 0 187 -6 -3 2 -5 -2 2 -12 2 11 -11 -24 7 30 6 9 -37 6 -3 -2 -75 16 6 -5 0 1 -4 -14 -96 -9 -19 19 -41 10 -1 8 34 -22 0 10 -30 -2 3 2 6 -13 4 -17 6 -32 -1 0 -1 -29 4 -37 4 -16 9 84 4 -10 11 -10 -2 -2 9 45 -5 2 -1 5 -1 5 -2 98 -107 47 54 -26 -7 -5 -13 5 -11 -2 2 3 1 3 -4 6 
-4 -1 -3 -5 3 -9 3 -4 5 3 -3 -4 2 55 0 1 -1 -1 4 -20 6 19 -19 -231 -1 -4 -5 -4 -4 0 0 2 0 -11 -205 -3 33 -7 -4 2 2 -11 -4 -2 -44 -4 0 4 18 -31 -1 2 13 -4 8 -6 -3 3 1 45 -148 3 5 8 26 -54 -1 4 0 51 -23 25 26 -19 -1 6 -33 8 3 51 1 -18 75 1 0 5 8 13 -10 -21 10 -2 88 12 -14 10 -1 1 1 56 6 -8 -4 -1 -1 3 -4 4 -2 -109 74 19 -9 36 3 -1 6 -6 0 -1 1 8 -8 -2 2 
-3 -3 7 -2 -31 -4 0 5 -12 -1 5 0 -3 1 1 0 1 1 -9 4 21 -32 -1 176 0 -15 -8 0 0 0 0 0 2 -231 210 -9 1 -7 1 -1 19 -14 3 4 0 5 -20 9 0 -13 -8 -11 -9 9 -4 32 6 -131 3 0 -1 2 -22 -223 2 -20 -9 54 2 22 -20 4 -99 -20 2 9 3 -2 -6 -10 -36 0 -117 -4 4 94 -7 39 8 -53 4 0 -15 17 0 -2 1 2 -67 2 -3 -7 -1 -52 -4 5 -1 91 -6 1 3 24 106 6 3 4 3 -10 0 2 -5 -1 -16 19 3 
-1 4 6 0 -4 2 0 61 -5 -1 -1 0 -2 -116 0 -1 15 145 3 19 15 -14 0 21 0 37 -8 0 0 0 0 0 0 0 5 0 5 5 1 -4 1 -3 4 -14 -2 -2 -1 0 1 23 -124 92 5 -5 -1 2 -54 7 -4 0 1 37 17 -11 -155 -2 7 -46 -2 0 -2 7 -26 2 2 1 -14 0 0 -3 1 0 2 0 3 28 0 39 52 -6 2 -5 -2 13 -2 -16 -2 -3 0 -1 -4 64 2 2 -6 2 5 4 -2 1 8 8 4 1 -7 -2 37 -5 1 0 -1 2 -1 -148 -31 
29 0 -9 9 0 0 -4 2 -1 -2 2 0 -1 0 -4 13 2 -3 19 -18 -16 0 0 0 0 0 -4 0 0 5 0 0 0 0 2 6 -2 4 -2 146 7 -9 26 -6 -1 -1 5 3 5 4 5 2 6 -6 -6 -1 0 -1 1 1 -1 8 -10 -13 -4 -11 11 -31 -1 2 2 3 -63 8 1 7 -3 0 0 6 -1 -6 5 0 3 5 76 9 -8 0 2 4 101 -32 -5 -3 -3 3 42 6 -2 -8 -1 8 -2 120 -3 9 -2 2 -2 5 1 1 -7 7 2 1 3 -2 -2 0 93 5 95 
0 -1 0 57 10 -105 7 0 -2 -2 -2 -143 -1 2 3 -10 99 -29 12 -6 -10 0 0 0 0 0 0 138 0 0 0 0 0 0 155 6 4 9 -7 3 28 -7 58 13 -4 1 3 0 -2 -1 4 -2 -3 121 1 -2 -88 1 3 1 -14 -5 1 -4 2 -2 21 -8 0 1 1 0 1 -140 3 -13 -14 1 12 4 0 2 4 41 1 7 -1 -134 14 42 1 24 -18 -20 10 0 0 0 -5 0 -36 -8 -1 -1 0 0 6 -6 1 -6 -9 1 -1 4 0 -75 -2 -6 3 0 1 -2 -11 -11 -10 
116 0 -1 0 2 -6 -12 -1 0 2 0 -1 -2 -2 0 5 -1 17 4 -120 0 0 0 0 0 0 11 6 6 0 0 0 0 0 42 0 0 2 -168 -154 -11 3 51 -43 7 -3 1 -2 2 -4 -3 -3 3 -1 -1 1 -134 -2 3 7 -16 -33 -2 3 1 4 -2 -2 -4 -4 -70 6 7 -3 0 0 1 1 -1 2 -4 -4 0 -66 0 -35 0 4 -11 -1 8 8 -114 -17 0 -7 28 40 0 -18 -10 -1 -1 -125 1 -1 1 -1 -1 12 -2 -11 -34 1 8 10 -147 -20 -128 0 1 2 -4 6 -2 
-3 1 3 -80 0 -3 4 -6 1 -1 -132 2 -2 1 6 -8 15 -3 -10 -159 -6 4 0 0 0 0 0 0 1 4 0 0 8 -226 0 0 2 -4 3 2 0 6 -3 -11 -4 5 9 5 -2 1 2 0 -1 -1 0 23 -1 16 -115 2 -10 -27 -3 5 0 0 -4 6 0 -1 1 -1 -3 -7 -2 -7 5 -191 -190 24 0 -10 81 2 36 -16 7 -9 -5 2 13 149 1 -4 6 -3 117 1 13 20 -108 -1 1 0 3 -3 1 2 -77 -9 13 -10 -10 -9 -51 -9 -21 -4 1 14 0 -8 55 -1 9 
-4 6 2 2 -95 16 2 -3 3 0 0 -42 0 -21 3 6 -13 5 -13 -5 -5 -202 -10 0 0 -141 0 0 0 -5 -1 1 0 0 0 0 4 -1 0 2 6 -13 3 0 1 -2 4 -5 187 -16 1 81 4 -7 -3 21 6 4 -11 24 23 51 45 -93 -1 3 0 -7 1 7 -18 2 -5 2 -1 1 3 -2 -1 -1 -138 -7 -1 1 55 -12 -5 -1 1 1 88 -8 0 -8 -8 1 17 13 -4 11 -7 -30 108 -3 18 20 3 8 -4 6 29 13 6 -14 2 3 -119 -1 11 37 9 -2 -3 -4 -6 
-11 1 0 4 -1 0 -1 -1 -17 -7 -6 1 2 -3 -2 -3 2 3 -4 16 5 14 -12 0 -5 0 0 0 -229 13 2 2 -6 1 0 4 -7 2 -3 6 -5 -4 -179 -1 -3 1 -3 -7 -2 -222 -1 166 -1 -168 -14 -10 7 10 -10 14 32 23 1 -6 0 -10 -42 -2 10 1 1 1 2 0 0 6 27 -31 0 3 129 0 2 -1 -1 0 0 0 -3 2 -2 1 -9 3 -1 3 6 -3 -6 -9 4 -7 -13 -14 6 0 4 2 -22 0 28 9 25 -8 -2 -17 0 -1 -33 50 16 -1 101 1 -5 
-2 0 10 -3 104 1 0 1 63 135 8 -1 0 -2 -5 -3 -2 -86 -2 -2 -6 7 -18 0 0 0 0 0 0 5 14 4 -8 0 -4 0 6 44 -3 -8 0 0 -3 -1 -1 5 -1 7 5 68 -2 -1 -9 0 0 -2 -5 2 -3 -10 16 -2 6 -1 3 1 -1 -8 -104 -4 -1 -7 -8 -1 22 0 26 -40 5 -30 -2 0 97 -8 -1 9 5 -1 -1 -1 -2 0 -1 6 13 3 0 -1 -4 1 4 2 -2 -1 -15 4 0 11 10 -11 27 -5 -4 -15 12 15 -1 -3 -23 26 -5 -11 8 7 -3 
-4 -131 61 7 1 -1 -2 41 28 5 6 7 -13 8 -77 0 4 -1 -8 -2 -5 1 -20 39 0 0 0 -4 0 -5 -31 -4 0 -12 -2 2 -5 4 -3 81 7 -2 70 2 -1 -1 13 0 -2 1 -1 0 0 0 0 0 0 -40 2 -42 6 -1 5 3 -2 1 53 0 0 2 -1 26 0 0 14 -21 -4 -4 -3 23 7 -1 -15 -64 -2 -10 -4 2 -2 4 -2 13 -8 -10 0 8 115 5 -5 62 1 0 -69 -1 -5 -4 9 -9 3 2 -33 2 11 -2 -4 2 9 15 35 26 -20 -5 -4 10 5 
-7 -10 3 -12 -1 27 4 -6 1 -4 6 69 -1 -4 -4 -3 -5 1 0 -1 -1 2 1 5 0 0 0 0 2 8 1 -1 5 -194 0 -1 0 0 -1 -6 -3 -1 -3 120 0 1 146 0 0 3 0 0 0 -55 0 0 0 1 -164 111 -30 2 -1 1 -1 131 -1 0 4 -1 13 0 5 0 2 -10 -2 -3 -1 -25 -29 -1 -1 -33 -2 -6 72 3 9 -46 1 0 -5 -90 -11 0 -3 -11 -4 -5 -5 -3 1 4 0 20 30 -2 -2 4 78 -7 8 20 15 -67 -51 24 0 -2 0 -7 6 7 -3 
19 5 -12 20 5 -5 1 -4 4 -3 1 5 -1 -10 0 -2 1 -7 2 123 -26 -9 11 -9 0 0 0 0 0 7 1 0 -5 -37 -1 -2 2 63 -3 -1 0 -3 0 2 0 2 6 2 4 -2 0 0 0 0 0 0 176 10 -139 11 -44 -62 -1 4 -2 -1 1 -2 -2 0 3 1 1 -3 -1 -1 2 2 -2 0 2 -1 -2 1 -1 -1 3 1 2 31 3 4 1 2 2 6 5 0 141 -2 -2 -4 5 -105 -61 18 3 -5 3 4 -26 -11 6 1 168 24 -19 -7 -3 -13 -3 -4 -16 -2 -15 
-8 -11 -1 0 1 -96 3 -19 0 -3 -1 2 -1 5 1 1 5 -4 -73 3 -3 0 5 11 0 0 0 0 -214 6 -51 -3 -1 72 -1 -3 128 0 0 2 0 3 -1 -5 1 2 23 5 4 0 0 0 125 0 0 0 0 2 43 0 -5 -7 -4 4 -2 -1 -79 -1 7 3 -2 0 -5 -91 1 2 1 -4 0 -2 -2 1 8 1 2 0 1 3 6 -2 -2 3 7 -13 -1 -1 0 -6 4 0 23 4 -2 20 -24 4 0 -102 3 8 -144 -1 10 -5 73 27 12 10 3 10 -14 115 131 -10 -17 
-8 0 4 -5 -1 -1 1 6 4 6 0 4 2 0 1 -102 -2 0 -1 -58 -4 -48 -90 154 -10 0 0 0 0 6 -8 -12 -198 135 -2 -6 1 -2 0 0 -3 1 0 56 -6 -11 -5 17 -24 14 -1 0 0 0 2 8 11 2 -1 -10 -14 1 11 7 -120 7 -10 -23 3 -5 -2 -2 51 0 2 91 0 -5 -4 61 1 -99 -4 -3 1 0 0 1 1 2 -2 1 -27 -3 0 138 0 -2 4 73 7 1 0 -126 -16 0 -7 -8 -4 23 -11 6 6 -5 16 -35 11 5 9 14 -17 2 -6 1 -1 
6 -5 0 -114 74 3 0 46 -20 -28 4 -86 -3 3 -1 1 9 0 2 0 4 -81 -3 1 10 3 0 44 0 0 6 0 10 -1 -21 3 -3 0 0 -5 102 2 0 0 0 0 30 1 -2 -6 -170 0 49 0 -4 5 74 -20 -8 -3 3 -2 0 -148 -5 -2 3 -8 8 -13 -6 6 -5 113 -2 -2 15 26 6 -5 8 2 1 -2 70 -5 -2 2 1 2 -2 0 -27 0 -1 1 1 1 -1 3 0 1 4 35 1 -14 0 -2 -6 19 -77 32 -3 -4 -13 -10 8 -13 124 2 6 1 -12 8 -16 
-3 0 2 6 3 15 7 -10 -24 -14 -2 51 -23 2 1 0 -3 -14 2 -3 1 49 -1 3 -1 3 8 0 0 0 0 0 -86 1 -1 7 0 0 129 1 129 0 -6 2 -139 0 3 -1 4 0 -4 3 7 -120 -5 2 116 2 -1 -1 2 -3 1 -1 -2 19 12 -6 1 7 -3 1 -14 -6 -58 8 -6 -2 0 3 -10 10 16 -4 18 1 1 2 -3 -9 -62 4 0 -95 -148 0 4 -2 2 -12 -87 -2 3 -3 -7 -7 16 -9 2 -4 4 6 -29 -9 13 12 4 -20 43 -15 57 -3 -5 11 1 
1 -1 3 3 -11 0 -68 -4 1 8 -35 -8 3 -66 -1 3 -3 -3 8 79 3 0 -4 -2 2 2 -93 0 4 0 0 161 0 -1 -4 8 0 2 161 0 2 1 -4 -1 1 0 4 -6 0 5 -4 -9 -7 -1 1 -2 -33 0 1 8 -1 0 20 0 1 3 -6 -4 -70 -2 4 1 4 -1 2 -1 -4 -6 -15 0 21 74 98 -10 5 0 -1 -5 1 6 -7 6 22 10 12 -2 -2 2 1 3 0 50 -1 -4 -1 9 2 3 4 -9 0 -42 -4 -9 1 5 -1 1 3 -12 14 -11 4 0 -3 
4 -1 6 -6 -12 52 -55 1 25 -30 0 0 0 10 -3 -4 -2 -5 -1 13 -2 0 1 0 -3 1 1 -8 4 -3 0 0 0 -2 -1 3 211 1 -1 1 3 -219 0 1 -4 7 2 5 89 -1 1 5 36 4 1 2 73 0 0 -11 4 -2 2 0 -2 -2 1 -1 2 36 -7 -3 -4 -4 1 -1 0 2 0 -70 -4 -9 3 -12 5 -8 24 8 9 -7 23 2 -1 6 3 0 -6 0 2 1 -5 143 2 2 2 0 -71 1 8 -16 71 6 0 -37 -1 -1 3 2 -1 0 -1 1 35 53 7 
36 7 82 -81 20 -26 0 70 -253 0 0 0 0 -67 2 2 1 1 -2 79 7 -2 3 -4 7 -3 -3 -36 -4 2 -15 0 4 0 1 0 3 0 1 4 -90 3 -4 -1 0 0 -1 -4 0 0 -1 3 -3 -1 -2 -4 1 -4 -2 -155 0 -2 0 -4 5 -4 -1 0 0 0 1 -9 -209 0 3 2 -8 0 3 0 -3 18 0 6 11 -11 0 2 -3 5 33 3 -20 39 -14 -1 -5 6 7 -8 -52 75 0 35 5 0 -1 11 28 -25 -4 -11 -1 -149 0 -2 -1 6 0 -4 -4 -3 -1 -8 -11 
7 35 -45 4 -4 0 38 -18 135 0 0 50 61 48 2 17 96 -1 0 2 -2 2 -4 -1 -80 -2 -1 44 5 -62 -7 1 -13 126 -1 116 0 3 2 0 -130 2 -30 4 83 -122 1 142 -1 0 1 1 5 -3 2 1 -2 -4 4 -2 -5 -1 1 -183 -1 2 -4 1 -5 -37 -5 -5 -5 0 3 -1 -2 47 24 2 -172 -8 2 138 -1 5 -2 -7 11 -8 2 8 18 0 -2 -14 13 -29 1 -10 7 0 5 41 4 6 50 1 22 2 -9 7 1 2 -101 -3 1 2 1 -2 -7 5 -10 12 -1 
18 -29 0 45 -17 0 57 -71 0 0 -33 -91 -5 -2 24 15 3 1 0 -1 -1 -21 126 1 -4 4 50 -1 5 -11 -3 -183 10 21 -9 0 -7 -1 3 0 -1 5 2 1 -190 3 2 -6 -4 2 0 -4 -38 0 43 0 1 -2 163 -2 6 3 3 -3 1 99 0 -3 112 2 -1 216 1 -2 86 -3 4 -2 -1 8 0 9 -4 -2 -97 -6 -18 24 8 -1 -3 -8 8 3 -1 -5 -60 -27 -6 -4 -10 3 1 -25 -3 3 -4 -2 27 28 0 -15 1 -5 -7 2 4 1 3 2 0 15 -8 -19 21 
-38 -6 40 -148 24 -2 44 -2 0 0 13 0 32 -9 0 0 122 -10 1 2 -54 -2 -9 100 0 1 19 0 -4 89 0 -2 5 4 -7 -2 2 3 1 -1 -3 -2 1 5 3 0 16 6 -2 2 -2 2 -3 3 4 0 -94 0 -4 205 6 0 -2 3 0 2 -194 -2 2 -1 -1 2 180 2 3 161 1 5 -2 0 -1 219 29 -1 -3 0 -4 -4 -21 -2 -6 29 18 4 -9 -4 -2 1 -4 3 1 2 4 -7 -10 -2 6 19 1 -11 12 -7 -3 -3 1 -4 3 -2 -1 -4 5 5 -4 0 -10 
-18 49 -40 -85 4 -9 7 -39 3 -56 -10 45 -30 -13 0 0 7 -4 15 1 0 1 1 102 -2 3 -3 16 -1 -2 -13 -1 0 156 -29 -1 -3 0 0 -2 2 1 0 -4 5 3 0 -64 4 -4 2 0 0 -1 -7 -2 -2 -173 1 -3 -3 -4 145 -1 4 0 -3 2 -1 0 4 0 2 2 3 1 0 -1 4 -3 -1 1 -4 1 4 -70 -5 19 21 58 6 5 6 -6 0 4 4 5 2 2 3 4 10 118 17 0 -6 14 9 5 -1 9 -3 -2 3 2 -63 5 -5 9 -1 22 9 5 6 
-14 -46 -7 -22 79 1 1 0 -28 22 39 -53 215 0 -6 0 0 -25 1 4 -3 2 4 4 28 49 -1 0 0 0 -2 4 -1 -2 -34 -1 3 5 1 -34 -4 123 -19 2 -4 -2 3 -6 5 -3 1 192 3 -1 -2 0 -213 -10 0 -13 1 0 1 0 3 3 -2 1 147 0 6 0 3 8 -1 0 1 -2 0 -3 1 3 -8 0 -3 0 -1 1 -10 -11 6 -8 2 -15 5 2 3 -6 -6 -8 -11 -4 9 -6 0 -1 -10 21 -13 2 -7 -1 2 -6 3 -1 0 10 4 -8 -1 -63 5 15 0 
-1 55 32 1 -1 -2 5 -6 -8 65 -25 -2 122 0 7 26 -14 8 20 128 -14 -3 1 -6 -3 4 2 -1 -57 -31 -1 0 -3 1 -32 5 -1 -24 -2 2 -20 0 0 75 -2 108 -3 11 3 -219 -1 -1 -1 1 -1 152 -1 -1 -4 0 2 -1 1 -1 5 2 -1 2 -228 -1 1 -3 49 -1 0 -11 -1 -1 2 3 -5 -231 -1 4 0 19 0 0 0 -5 10 -8 126 26 9 -18 1 -1 -1 -1 3 -2 8 8 -11 0 109 -6 1 13 1 -9 75 -2 -5 2 2 3 2 -3 71 -20 -55 9 0 
1 1 -93 85 -3 -4 3 1 1 -6 10 1 9 0 48 -18 4 17 -40 -4 -7 -6 -36 26 77 7 4 2 0 2 -1 4 97 -8 -1 10 -5 4 7 -2 -5 -145 -3 -1 0 0 -5 -1 5 0 5 -8 7 3 4 -1 -85 3 -1 -1 1 -3 -1 3 0 0 -2 -2 0 0 -4 -2 0 1 17 6 -3 0 -4 0 2 120 6 0 -79 8 3 2 2 -1 -1 -17 -15 11 4 2 0 0 -4 -6 1 5 0 -17 13 -6 8 10 22 -4 -5 -11 3 -6 -4 1 -3 -98 0 -14 -10 2 -3 1 5 
3 -3 1 -2 4 18 -4 1 -54 -3 -8 -23 0 -17 -32 4 -10 -18 -5 0 -14 0 3 -2 -1 2 -17 -4 0 -2 -1 1 1 -3 0 21 -5 -3 -4 2 -4 7 20 4 -3 1 12 6 1 12 -5 0 -2 3 2 -4 -6 1 -45 123 -209 -3 0 1 -2 0 225 2 0 0 0 6 -83 -2 -2 -1 0 1 4 2 -2 -4 1 -1 -71 -1 -5 3 1 -5 0 0 0 0 0 0 -2 -21 -41 -3 15 5 63 0 -4 1 3 34 104 -10 -57 2 0 -9 -4 11 1 6 3 -6 -9 -2 0 3 4 
1 0 1 33 2 0 31 7 0 0 -1 18 33 -17 8 -2 -22 11 2 -12 0 -27 -80 -2 3 -1 4 3 -1 -60 50 -1 2 96 1 -3 0 15 0 5 5 -14 78 -1 0 -6 -9 -8 11 4 -11 19 10 0 -8 3 1 9 0 2 3 0 2 0 1 -1 2 -80 -4 -40 -2 0 -2 6 8 -11 3 87 -2 -1 45 -7 1 0 -1 149 2 181 172 0 -13 0 11 2 -197 0 0 0 0 -3 -4 -7 214 -11 6 12 13 -98 35 -11 -22 7 -5 2 -3 -11 7 -1 -9 -4 -2 -4 16 4 5 
1 3 -3 0 108 -2 2 1 3 -39 1 -6 -3 17 56 0 -11 0 -2 10 6 53 -11 1 -3 3 -74 3 -23 6 -1 0 0 3 -55 0 -88 4 -4 6 4 -16 -2 -13 -13 5 10 8 -5 -10 62 -2 -11 -79 -4 0 -2 -3 176 0 0 0 0 -7 -1 -3 -13 93 0 0 -3 2 -3 1 2 87 -13 78 16 2 -2 -2 -2 -3 2 226 -2 -1 -69 0 0 -96 0 -2 -3 -235 9 75 0 0 0 237 -185 3 13 -1 -1 31 -21 -7 0 0 0 -8 3 -2 -89 -6 2 -12 -10 14 22 -18 -11 
0 1 -1 3 2 2 22 0 2 -1 1 1 -8 -62 0 -3 -75 -2 3 7 -3 -2 25 -4 11 1 -2 1 -63 2 0 1 2 2 3 0 -3 1 1 -4 3 18 0 -2 -6 3 -1 20 -2 7 -7 4 -8 2 0 -9 2 1 -190 -4 0 0 11 -3 41 -6 -9 49 0 0 6 -18 4 63 0 -9 2 1 6 -10 3 -3 1 -1 0 -7 -2 0 248 2 0 0 -136 0 0 0 0 0 0 4 -10 0 16 -11 -7 23 18 -1 -13 -8 0 0 0 0 212 0 -2 -18 1 -8 2 22 -28 -19 8 
3 0 -3 -34 0 3 -5 -3 1 -1 1 32 -1 61 -17 0 -4 2 26 0 4 0 0 2 3 -5 4 1 0 18 -9 0 1 2 -8 -10 -1 1 93 -2 -1 4 -4 -1 -3 3 -2 -10 5 -4 3 34 -32 -4 4 1 21 72 18 -10 0 0 -21 -11 -1 -14 -13 0 0 0 0 -39 49 0 0 158 -1 -3 2 4 5 -9 1 7 1 -3 -1 3 -1 3 0 0 0 0 0 0 0 0 0 -44 42 1 11 -3 18 -8 -23 4 4 -6 0 0 126 0 0 -2 1 -4 -1 6 -11 -14 0 10 0 
-2 -6 2 0 -6 -42 -2 2 -2 0 -6 -4 0 4 -1 1 9 -2 10 -13 177 -3 13 0 1 0 1 -3 -2 2 -2 122 0 0 -2 0 -3 2 -99 0 -1 5 1 8 1 6 17 -5 0 -11 0 21 -5 7 -1 3 2 -3 10 1 0 0 143 11 -4 -28 0 0 0 0 0 0 -9 -8 35 1 1 -12 5 2 1 -1 -3 -2 0 -3 0 -3 2 6 0 0 0 0 0 0 0 0 0 0 3 -1 -7 7 8 -1 16 38 1 -15 -66 0 0 0 178 -9 3 -1 1 -66 83 -6 1 7 4 
3 -2 0 0 4 -143 0 0 0 0 -28 -2 0 1 -29 -3 -30 8 -10 -3 4 -4 -57 27 -24 19 0 -1 0 -49 -4 -7 -2 0 -80 -1 6 0 -1 6 -2 17 5 6 8 5 15 13 0 58 18 29 -18 12 13 2 2 7 2 0 -3 0 -4 180 -2 217 3 -48 2 4 6 0 0 2 2 0 1 -2 1 1 2 -2 85 -147 2 3 5 5 -2 -105 1 1 -150 2 8 4 -9 0 0 -40 0 -14 16 21 27 29 32 -114 -4 -13 0 0 0 0 0 -13 -4 -2 12 0 0 21 1 2 -6 
0 -1 1 1 -3 -1 -2 3 3 76 -1 6 3 3 3 2 2 -12 -141 1 -5 15 9 -162 -2 13 -8 5 -10 0 -1 15 0 1 3 -1 2 2 -6 -5 3 -16 66 16 16 28 -46 9 0 0 -7 5 -2 -4 -42 0 8 10 0 -9 -7 -2 4 0 -5 4 0 -4 2 -1 -2 -1 0 -1 17 4 -1 2 2 0 -7 -8 5 -1 -10 0 1 -9 -2 12 1 11 -5 4 -16 11 -10 32 -2 13 3 8 1 -11 3 -5 -3 123 -2 -5 0 0 0 3 6 -16 -1 0 -24 -23 68 24 35 5 -1 
-2 0 -1 -1 2 3 0 120 -1 -1 0 -88 2 0 -3 -76 4 3 -6 1 12 33 -22 -1 12 1 -30 -5 -2 -4 1 1 8 4 2 2 -2 -2 4 0 -67 -6 -6 -15 106 100 -3 16 -14 -4 13 0 100 -29 -4 -1 15 4 -6 1 -1 2 1 45 0 -8 -1 7 -3 -4 1 0 -4 -3 -8 95 -47 4 -2 4 1 -3 3 5 -6 -6 7 -96 -7 0 17 -4 -1 1 6 78 -13 30 1 -4 -20 0 -14 -4 -20 -157 -14 6 -6 18 -16 0 0 -3 18 12 -2 2 1 4 -99 113 22 -17 -12 
0 1 -2 0 -2 7 -1 2 -1 0 -1 2 -1 -1 -3 0 1 -39 -4 5 5 -6 -1 28 -31 1 3 -4 8 78 0 -4 -104 0 -103 -2 0 3 25 3 6 -1 2 1 -94 0 13 26 -21 -2 9 2 84 2 2 -82 -1 8 -5 7 4 -116 -1 3 0 72 -47 -1 8 -1 -2 1 7 4 -1 1 -18 3 -3 -80 0 -1 202 1 -3 -3 42 -38 -2 11 -4 -8 -2 1 -1 -28 -16 25 -2 3 20 7 -3 1 -8 -1 10 -3 11 -9 -22 0 2 7 7 -1 -37 6 5 15 -17 -12 45 -7 19 
-4 -5 2 1 1 0 -1 -2 -3 1 0 31 3 31 -1 2 -1 -2 0 -6 -5 -2 6 -8 -2 3 83 3 -17 -1 2 -2 -89 1 -16 -4 2 124 -21 -1 11 2 -9 -7 -1 4 -6 17 16 10 -67 -2 -10 -4 3 -2 -20 -165 16 10 13 4 -4 -8 -2 -2 -1 0 8 17 34 1 17 -1 -5 -3 4 102 -39 4 -1 1 -4 -39 1 0 1 0 0 -4 2 -3 -1 107 0 -8 -29 -12 3 1 -3 -9 -3 -12 6 -7 14 2 -2 -24 0 0 83 -118 -1 38 -21 -31 -33 31 -15 3 0 16 -20 
1 -4 -1 1 1 -1 -3 2 -2 1 2 -2 0 11 68 2 6 0 2 0 0 -1 1 5 0 1 3 12 -7 6 5 -2 4 -1 6 5 -1 2 -4 6 -16 -2 86 15 3 7 0 -3 0 9 66 -4 1 11 31 42 -20 -5 7 -2 -146 -14 -2 4 2 -2 111 -3 -76 -7 -30 -13 -4 -3 84 -2 7 -2 -4 -3 -8 -17 8 7 -3 1 3 4 75 -3 -3 -2 -3 4 6 16 -88 -37 -2 5 -1 -1 5 -55 0 -3 39 37 214 0 0 5 -1 -9 -1 38 49 -27 -32 4 9 1 -12 -6 13 
-2 -125 0 -2 -47 2 2 -5 4 -2 1 -144 2 -6 4 -3 -131 -3 -65 1 -3 1 -118 -2 -22 3 3 -7 103 21 -2 26 3 7 -53 -3 -4 6 -8 9 5 -3 1 2 15 31 -24 4 -3 -6 -2 47 -3 -8 -41 14 9 -2 21 10 -3 -12 -4 -6 -11 -112 1 -2 -1 -17 -2 3 -60 0 -2 1 -127 -2 140 1 3 4 3 -138 16 15 10 2 2 4 2 -2 -17 1 -1 5 -2 -9 -6 -3 -2 -14 -3 37 2 -5 4 -12 -3 0 0 3 2 -7 8 3 -5 1 -13 -10 22 33 8 110 6 
1 3 3 -3 1 -2 0 -2 -108 -1 -82 -2 -5 1 -1 0 -5 4 0 -2 0 -2 0 -1 -4 -15 1 22 -2 13 -9 17 94 0 -2 0 -2 -80 2 -18 -1 -1 -29 0 15 -7 -9 -5 5 -1 1 0 -1 -5 1 3 -8 164 8 -7 15 -8 -9 6 -3 16 9 1 -7 -4 1 -12 1 -1 40 -1 0 0 7 -7 -3 -2 1 0 0 -5 156 1 27 -1 6 15 4 -10 -2 5 4 2 1 -1 1 3 71 -3 -2 1 -90 7 4 3 3 5 24 -10 6 -9 12 64 10 9 -11 3 -49 1 -3 
-3 128 1 0 -4 -103 -81 1 -6 -2 2 -3 0 0 -14 1 2 0 1 4 1 0 -1 0 -1 19 138 -18 13 -117 -17 14 10 -5 -70 2 4 9 1 -7 5 -5 -4 -17 45 -108 -7 -7 -9 3 5 2 6 -1 0 3 -2 3 -18 -7 -36 6 -9 -4 3 53 6 -8 171 -1 1 -19 1 -2 2 -1 1 -49 -6 151 -106 10 -17 -21 -5 8 -22 1 -9 -12 -2 -24 -37 -23 27 150 -21 18 -10 2 -57 -3 1 4 2 7 -23 0 -2 -3 -8 1 17 -1 11 16 42 33 27 -52 -10 -6 0 1 127 
-3 1 -2 2 0 4 0 2 125 -2 -2 1 31 0 0 149 -2 -1 -1 -150 -6 -94 0 -1 9 -7 -20 2 11 -6 2 -96 6 10 -1 1 4 5 -5 -5 1 -20 15 -45 5 7 -83 -86 1 -2 -58 3 0 -55 3 14 14 -1 -7 8 9 -4 -6 -5 -21 0 1 -1 1 1 6 -18 7 -3 0 0 2 19 -9 -18 -185 8 -1 16 -1 -7 7 1 22 -3 26 -12 -10 -84 -8 4 -8 2 -27 6 -17 5 -14 -4 -1 21 135 230 0 -6 0 6 -9 3 7 -29 5 -11 20 -2 5 0 -4 -1 1 
-2 0 30 10 7 -5 72 7 0 -2 -2 -1 1 -3 87 -2 -1 0 2 2 -7 4 8 0 2 -5 4 -15 -4 -11 -79 6 8 -26 75 -4 57 -1 -1 -1 2 24 -37 -3 -10 2 -2 1 1 2 7 -3 -1 -4 9 -67 1 -3 27 6 -62 -2 -6 -1 -6 8 -1 -10 16 -5 4 -136 2 -3 100 16 0 161 0 -16 21 2 0 2 -10 16 -3 5 1 29 -1 -2 7 -34 -183 -2 11 14 -5 5 4 3 -7 -38 3 27 -15 -1 0 1 -166 4 -6 -1 0 -4 -17 -24 -6 -5 -2 0 1 2 -1 
1 0 53 -17 -2 -5 2 4 11 -1 0 -1 -3 -1 1 2 -3 1 -1 -81 5 0 0 20 -118 16 28 6 -21 1 0 -2 -89 -16 1 5 45 -1 8 5 6 -12 -1 0 -6 -21 -8 0 -2 -1 -2 4 -69 -3 80 15 11 5 -69 -19 12 2 -2 0 6 12 -2 0 1 1 -1 1 -1 0 -1 -1 -2 150 -68 -15 24 -14 8 -25 -19 22 11 10 -8 9 149 -11 5 -13 2 -12 -12 4 -8 -4 -22 -2 -38 0 -7 9 -11 2 4 -147 4 8 -15 12 -1 17 2 -87 2 -2 -1 -1 -1 -16 0 
2 1 -2 -18 3 -63 -17 1 16 -3 3 78 2 -122 -1 -4 1 0 1 1 -4 1 3 27 0 0 -18 -8 95 2 -1 -2 26 -95 3 1 4 1 -3 -13 -12 -12 81 6 -8 14 1 0 -46 -2 -2 -1 4 2 2 15 10 8 4 -4 10 12 2 5 0 95 -6 -13 -2 -1 0 4 1 4 0 1 97 5 14 0 13 -20 9 -39 -11 22 -7 -6 -15 3 13 0 -7 6 8 105 -12 -2 -6 8 3 5 -17 -5 -10 -14 -189 0 3 -2 4 3 -18 7 38 2 -3 0 -4 0 -72 0 -3 0 0 
5 8 14 -40 -10 23 2 -24 11 2 -2 -1 5 -2 -2 -3 2 1 0 -3 -13 0 34 -8 -145 16 29 -24 -134 -1 -41 0 13 -1 6 50 -57 2 0 -5 -1 -15 -7 -1 0 22 -1 4 -1 0 0 116 11 2 1 5 5 8 8 -4 -14 7 -73 135 -14 -21 -8 2 -11 -16 -3 50 1 -1 2 -25 1 -9 24 -1 3 -27 2 -23 7 14 -7 7 -16 -2 40 -2 29 7 9 120 -7 68 -1 15 64 6 6 -6 18 -47 0 0 -6 26 -1 6 -15 -3 2 0 -1 1 41 -3 1 2 117 -4 -1 
3 18 35 -15 -2 -4 1 -14 -4 -3 -1 -2 2 0 0 -4 -1 4 1 3 -3 1 43 3 -5 -19 -8 -5 -1 0 2 -1 1 -25 22 -4 3 -1 3 -3 -4 -20 -8 1 -10 -2 -103 3 0 2 -1 -6 -1 3 -5 9 10 4 -10 3 37 -12 6 -5 -7 -7 45 6 15 -6 21 -7 -81 -4 0 -6 5 -3 18 -3 -12 -12 12 -11 -43 10 -3 -11 1 8 -7 8 -34 62 13 -19 -6 23 -12 26 -9 -18 5 2 12 -48 0 0 -182 0 0 21 -7 1 2 103 27 152 4 23 -1 -40 32 3 7 
1 2 53 -9 2 -1 2 -2 -15 -1 2 5 -1 1 -2 0 -149 2 -1 -2 0 -1 -2 1 -2 2 42 1 1 0 -1 0 46 0 16 3 3 1 -2 -1 0 15 -10 -3 1 0 0 3 0 -1 -5 4 0 -2 2 0 -8 -20 4 4 49 -9 3 2 0 -11 -15 2 3 9 -11 -31 10 5 9 0 9 105 4 8 -19 2 -1 6 17 1 1 6 15 14 10 8 7 -9 0 -31 -2 12 -3 26 -11 -15 3 8 17 -30 0 1 0 -186 0 6 -44 1 10 11 17 -20 88 -8 -163 156 -29 -26 17 
2 -37 21 2 7 -6 8 70 -26 -8 0 7 3 -1 -102 -2 76 -2 -9 -2 -2 4 1 0 -4 2 3 -4 1 -2 -1 41 -6 -37 26 -7 -2 -3 -7 -4 3 0 2 -4 -1 -1 1 0 1 -3 0 3 1 4 106 -4 8 125 129 -2 -21 -6 20 -1 -7 -106 8 -2 13 2 1 -5 -4 97 27 -12 13 9 15 7 -1 -7 9 -2 1 7 2 -3 3 -4 -4 98 2 1 4 -12 -100 -8 -4 11 -12 0 1 1 122 -9 1 -2 -7 0 10 -3 -181 -4 1 19 12 3 0 -6 -3 0 -5 1 4 
-2 -3 -2 -13 1 1 -9 1 -16 -1 3 3 -17 27 -2 0 -1 -1 1 0 -1 1 -1 -2 -1 -1 0 0 2 1 -24 4 4 -26 0 -2 1 -3 119 4 2 8 -1 -5 0 -1 -2 17 4 -6 6 3 -1 106 -1 -1 -2 0 0 -3 -10 -10 14 8 2 -8 1 16 -4 -7 -205 1 -3 7 7 -11 -30 -19 79 -50 -6 18 -23 20 -17 -1 20 -1 16 -4 15 -2 34 49 -4 -101 68 -51 8 17 -3 -3 5 -35 0 89 6 2 -5 -2 -1 1 -22 -2 1 23 -5 -5 19 -6 -2 1 -126 -2 3 
1 -1 11 -2 3 1 -6 19 0 2 1 6 -13 -2 3 1 -1 2 -4 3 0 -1 4 5 -1 4 1 -7 4 -48 2 0 27 -9 -19 114 4 -1 -3 4 2 7 10 0 18 1 -1 -78 1 2 0 -2 0 -2 3 90 1 0 6 3 1 -2 -3 29 -1 0 -2 0 22 -4 -2 -2 23 -6 21 -1 28 -17 8 -10 -1 9 -4 2 -34 -4 10 -15 13 -14 35 29 -6 0 12 -2 0 -4 -1 -10 8 -3 -1 -3 -3 -1 -10 5 -81 0 -1 -3 -3 -2 2 0 53 -132 -22 3 2 13 -3 4 0 
1 0 0 11 -2 174 3 9 1 2 28 10 -6 2 -1 -3 8 -2 -10 -8 3 -4 7 -2 3 -1 5 -1 3 0 0 -3 32 -3 -21 -1 0 -1 -1 0 -2 21 2 -3 -2 1 4 -1 -4 -3 1 -1 1 -4 -2 -1 3 2 -2 0 95 -4 -2 6 -10 -1 0 2 16 -4 -10 9 12 -1 -1 -17 4 -1 19 -35 4 -11 5 11 -13 0 3 11 4 -29 -28 12 -11 3 14 8 15 84 -10 10 20 0 -6 1 58 -1 -85 21 107 -1 -1 4 0 -9 -4 24 2 -24 2 7 -34 -3 1 -3 -5 
-2 -1 2 1 -31 -13 5 -7 -17 5 -1 -133 -36 0 2 8 3 -5 -4 4 -2 -2 4 3 2 4 -3 -5 0 2 2 -1 69 1 -15 8 3 -2 -2 0 6 24 14 0 -2 -1 3 -1 -1 0 1 -2 -150 0 91 2 -1 -22 2 0 -2 2 2 -6 6 0 -3 -3 13 -7 -16 21 4 0 9 2 9 1 3 -22 7 -11 -14 2 -28 10 -13 -10 8 -3 3 125 0 21 -6 -7 -15 8 -3 31 -26 15 -23 -7 1 1 -1 3 0 -2 -5 -9 -4 1 0 -3 -2 2 9 -1 -5 -1 1 -3 -2 
-1 1 -1 2 0 -1 3 -4 1 2 -2 -1 1 2 -3 -3 -14 -20 -2 6 7 4 -3 -49 5 2 1 0 -1 -4 1 1 -23 17 -9 -7 4 0 0 -2 -55 -40 -15 0 -1 -3 118 0 5 0 0 130 0 -1 3 4 47 -1 0 3 4 -1 0 -21 -1 -2 -3 1 -2 -17 -7 20 -8 -5 -21 2 23 -3 12 -6 5 4 -14 16 5 5 0 -11 15 -15 17 16 1 -95 16 -13 19 10 5 4 2 -1 -2 -3 6 1 -2 0 -8 8 -1 1 1 0 -1 -17 -3 -7 -3 8 -1 2 -41 1 5 
5 -1 -3 -1 0 -3 1 0 3 -1 4 -1 0 2 1 1 0 1 1 -3 4 0 9 2 1 -3 3 5 76 4 -3 -133 65 -2 8 3 -1 -2 5 1 -10 -1 -6 4 -2 -3 -1 128 3 1 -1 1 1 6 1 0 -1 1 2 -1 -3 3 2 -1 5 -4 -62 -110 -5 16 6 8 14 39 -33 15 -11 -83 28 43 12 -22 11 4 6 11 -20 -4 11 -10 20 -8 13 -11 15 0 24 -23 66 7 -9 -84 -7 -3 0 -3 -1 22 -9 -4 1 -89 0 -4 19 -40 -11 -41 3 28 39 3 -13 3 7 
2 1 1 -2 -3 27 1 -7 0 -41 71 -1 -51 -2 3 2 1 0 1 1 1 -99 -5 1 -1 -1 124 4 0 -20 2 0 3 2 -1 4 0 6 4 5 -72 10 -7 -1 0 0 -4 1 0 1 -1 28 -1 -3 97 -1 1 0 -143 -18 2 -1 -2 -2 -4 5 1 94 -10 17 -2 -9 -6 -6 -21 -26 -22 -67 29 -11 32 -35 -1 -63 -9 5 -21 2 9 3 -11 -10 -2 -1 18 9 -5 -1 -6 53 -25 97 4 1 -4 16 -144 -1 0 -14 60 -1 1 2 26 6 -4 0 20 -14 -37 0 -3 1 23 
1 2 0 1 1 1 67 1 -2 -33 0 0 -1 -6 -54 1 -3 0 0 3 5 0 -1 65 -2 1 -54 -2 0 -7 0 1 0 -48 -2 3 2 -1 0 -4 124 5 -8 3 0 1 2 1 1 3 -76 -7 2 3 0 1 -2 -3 1 2 2 1 -2 1 -1 2 2 2 -8 7 1 -1 -6 -86 -14 -2 -6 -12 82 -14 7 -26 23 -1 -18 -129 -7 5 20 -164 -20 5 11 31 9 12 2 -10 -15 14 -12 -5 -4 17 -1 -11 5 0 6 -14 -176 -2 0 13 0 -1 1 6 0 7 -10 -2 -1 1 23 
2 -6 1 4 1 2 1 2 -1 -1 0 -2 2 1 -3 0 0 2 1 -101 153 3 4 52 2 108 -20 -17 -1 10 2 2 0 -1 0 0 9 0 -2 0 -12 -10 0 -3 -106 -3 2 1 5 -4 4 -9 -1 74 1 2 -1 -10 -9 -6 -2 2 -8 1 0 0 1 -2 8 -9 1 -15 161 -15 -3 -7 -1 7 -17 8 1 -2 6 4 -11 18 -6 13 -8 8 0 -22 0 4 -19 -4 4 -140 3 2 26 8 -4 0 135 -27 2 -12 15 -2 0 -2 -1 7 -5 2 -89 1 -1 22 -8 2 0 1 9 
3 -19 0 4 6 2 0 -2 -15 -2 -116 1 -2 108 5 71 -2 -1 -4 -3 0 -3 0 -4 -9 -2 94 0 1 0 -1 -59 0 -124 0 -3 -2 10 -29 -10 -2 -4 -1 -13 -1 11 -2 0 1 1 3 9 -1 11 -1 3 4 -2 -122 -36 60 2 1 72 49 1 -2 7 0 3 3 -11 10 7 -2 -1 188 2 -1 -112 -7 3 1 -9 -17 -16 1 16 -22 -9 -13 -50 -20 -7 -32 -21 -16 -17 7 -9 -3 -3 -7 -4 17 -22 -5 -6 17 -3 2 -1 72 3 -4 2 -2 -8 0 24 -5 5 3 0 -2 
2 1 64 0 0 0 1 4 2 0 2 -4 -3 -2 2 -2 0 1 0 -1 0 0 137 3 0 2 55 2 1 1 -3 -3 -1 8 5 11 -99 9 -7 0 4 -3 111 3 -2 -5 -1 0 53 2 -7 -2 0 2 0 0 -2 -3 2 5 -2 -10 0 -1 -1 148 1 2 0 0 2 3 5 4 0 -1 -95 68 -11 -2 8 5 6 1 4 0 4 -3 0 11 -28 -1 220 6 5 -15 12 1 20 -15 -5 -3 -118 -1 36 -4 -116 -7 10 -2 0 -1 -3 -7 1 4 2 -15 -1 12 -1 108 -4 1 -4 
1 -2 -5 -70 3 1 3 -86 1 1 -1 -1 0 -5 1 -49 -54 0 -3 -5 2 2 -1 -2 4 0 -2 2 -2 -5 2 2 -2 1 2 1 -6 -2 2 2 0 -1 -1 2 76 7 5 -1 4 -1 4 0 106 1 -1 2 5 0 2 0 1 -1 -2 8 1 -2 -1 -1 -1 -2 -122 1 20 7 2 0 1 6 -3 -1 -11 -1 61 37 1 -10 3 3 7 -187 4 1 -2 -2 5 0 -9 85 2 -22 -17 -23 -5 2 5 -5 13 -111 -2 44 -41 0 2 -13 -2 -4 -157 -24 1 11 -1 -1 -7 4 -9 
0 -3 -43 45 1 -1 -1 3 1 -1 0 0 -1 1 0 -79 1 0 1 -3 -3 -2 2 -1 -1 -2 -1 3 0 -115 1 3 0 -3 -2 -5 1 0 0 16 -1 -2 -3 37 -3 3 1 -3 -1 -5 5 -4 15 -9 -87 2 1 -2 1 1 75 -6 0 -71 -1 -2 4 1 0 2 -1 -4 45 -8 38 2 -3 1 10 -8 -2 63 2 -89 -2 1 2 1 0 -1 44 -8 -9 -56 -3 -134 3 4 3 -15 -3 20 4 1 -2 -95 -17 0 -10 0 -3 1 7 -20 2 -3 -24 -26 -1 -139 -1 2 136 -2 -13 
-8 -1 88 10 10 -1 7 1 -1 3 -1 1 6 134 -6 -2 -4 2 -1 -7 4 -5 -3 -2 2 93 -3 3 1 1 3 1 76 -1 -1 1 1 1 -31 -1 1 119 -1 3 -2 2 0 -2 4 26 1 -4 3 84 2 -82 -3 0 0 0 -15 1 -77 66 -1 17 9 -3 -1 3 -6 18 5 -3 3 4 13 1 -81 1 -1 1 0 0 6 170 11 48 140 -4 3 2 -1 1 -4 4 8 -3 -178 8 -1 -66 58 4 6 26 -8 -26 -15 2 1 1 12 17 -4 -8 138 -75 3 -20 0 3 0 0 -62 
-116 -2 1 -4 -9 -6 -3 6 4 -4 22 2 10 11 11 -11 -3 1 55 3 8 0 -1 0 -3 -6 1 30 21 -11 2 0 3 -28 -6 -2 1 1 1 -3 -3 5 4 1 -6 1 -1 1 -6 3 9 -106 -2 -3 2 3 0 -2 1 -1 94 -2 -59 -2 -1 0 -1 -1 0 -2 2 2 1 -2 -2 1 5 -3 3 -5 1 -4 6 0 -2 -66 0 51 -10 48 23 -5 -4 -1 2 -34 -1 -17 0 -12 1 -5 -3 2 -90 8 -8 12 -2 -65 -2 -1 15 -3 1 -4 26 -6 5 -18 -1 -4 0 8 -6 
2 -81 -1 -77 38 -1 3 0 -1 0 -5 -40 3 -169 -1 -44 -4 2 -53 23 -30 3 8 -1 -55 0 -119 2 4 2 8 -3 -8 -20 4 -36 2 2 3 2 -2 2 -1 1 0 3 0 1 95 27 -17 15 64 2 -7 -2 2 -2 0 1 6 3 1 -2 -2 0 1 0 139 -4 -2 0 1 1 48 -2 -1 2 99 -2 0 0 0 1 -13 -21 64 -9 -7 -20 -20 -40 0 -1 -2 1 1 -3 -3 -6 2 1 -130 -116 1 -5 -5 12 -1 3 -30 -2 -46 -4 31 -3 27 2 2 -14 1 -5 2 17 -70 
-72 -3 -33 -14 2 31 1 3 -3 3 118 0 2 0 -7 6 -2 -3 -7 4 -55 125 10 1 -2 2 28 -6 -11 -16 -17 15 -3 -4 2 2 -1 0 -2 -3 -2 1 -50 2 0 4 -1 83 -16 8 2 1 2 -4 -2 -1 0 0 -1 0 5 -3 1 0 0 -12 118 0 82 2 -60 3 -2 -4 -1 0 2 -36 -2 -1 6 -3 -3 -1 50 0 2 -9 20 39 -2 -1 2 0 0 1 -2 -74 -100 -1 2 -2 -2 27 1 9 2 6 2 -36 -2 5 -10 3 -1 7 15 -7 7 -9 1 -2 5 -126 4 
