2 0 3 121 -4 -5 6 -9 0 4 1 2 3 -20 14 1 -10 6 0 42 -2 2 5 4 3 0 49 3 -6 -2 -2 1 7 1 -1 -1 2 -71 81 7 27 -3 -3 -5 -5 6 140 2 -5 -2 2 151 -4 0 17 14 -53 -3 42 -6 11 10 6 -3 -2 -5 13 1 4 7 -3 23 20 -3 -6 2 -10 -11 -1 -2 0 1 -3 -3 1 2 -6 9 18 6 99 11 -158 169 -3 -10 3 2 1 -4 22 4 -2 -4 -9 -73 -108 -109 2 4 10 -75 -7 0 0 1 1 -15 0 -1 84 26 89 -12 2 
4 -3 -13 7 14 5 -3 6 -123 -2 -2 1 2 22 -3 1 -4 82 2 -4 -45 -1 14 -1 6 -9 36 7 -3 -3 -2 2 -4 -1 -5 4 0 -7 1 97 144 -14 -2 -1 -5 1 0 4 4 67 2 2 0 11 14 18 -2 -6 3 0 0 12 6 2 17 14 97 8 8 131 -4 -20 -17 8 8 0 1 -3 -1 -2 0 0 0 -78 -3 1 40 31 17 36 -7 174 -2 -124 1 -1 -3 2 0 2 -13 100 3 -2 -1 3 0 -1 5 -14 -4 -73 -5 6 -1 11 -2 -1 3 -22 8 -30 -1 1 -2 
1 8 8 2 -13 6 12 -19 -9 -4 -3 3 1 -10 0 -11 2 8 -110 1 11 1 6 1 -1 -2 14 2 0 -3 -31 91 3 1 50 -7 -5 -83 1 13 19 -100 3 -8 -1 -4 -2 -1 -2 0 6 1 2 20 0 -11 1 23 3 4 0 -43 -15 6 4 1 -13 -3 -7 47 6 2 1 -1 -12 1 12 -3 25 -1 -4 -3 4 -2 -4 0 -13 17 -23 -7 3 -1 -1 -3 1 4 2 3 -3 2 6 3 -7 -2 -2 0 -1 -15 -3 1 5 -9 -1 -3 -4 4 -1 5 68 163 -8 -3 -6 188 0 
-12 -10 -53 -11 -14 -30 0 6 -43 5 0 12 16 11 9 -13 4 0 4 -1 -22 -4 -1 10 5 1 -2 0 0 0 7 3 -4 -2 -2 1 2 4 3 2 -10 13 2 -5 -9 -17 38 4 0 -1 1 5 5 -96 -5 -7 1 21 -47 -64 0 1 0 0 21 -2 15 160 -1 19 -7 1 -3 -7 18 -4 -8 -6 -4 2 -1 2 3 -31 27 6 1 -28 -3 -3 25 -4 1 2 -2 -172 0 2 2 1 6 -5 3 2 -43 -4 -2 2 -141 -4 -37 8 11 174 13 -3 20 1 -24 -16 2 3 0 -1 2 
0 -2 -1 97 9 66 -21 -1 3 12 14 -1 4 -7 -40 -3 12 11 -9 9 2 4 3 -1 -1 1 -10 0 2 45 5 126 -11 -28 0 3 1 137 -11 -1 1 13 3 4 126 1 -12 14 16 69 -5 -12 -2 -2 2 -5 4 -4 6 -75 15 -14 0 0 -4 0 -14 -12 0 -7 214 5 3 0 -10 -2 11 1 165 10 36 -1 5 -7 -48 -2 -5 104 -18 24 3 -4 164 3 0 1 6 -30 1 -2 -2 3 12 -9 -1 -3 -1 4 2 -2 -8 30 5 -6 4 89 5 -2 181 -4 -4 6 5 -7 -5 
17 5 -13 -6 -7 1 173 -83 -87 -1 131 4 -10 5 4 1 -14 44 2 11 17 4 7 0 -5 10 2 63 -5 1 4 4 -2 2 -3 -103 2 2 0 -1 -59 -16 1 1 0 6 5 -6 -7 -3 -3 -8 1 -2 7 1 6 1 -13 8 -5 0 -8 1 -2 -5 -12 7 -2 -3 3 3 -5 16 -26 39 26 -7 12 -2 -33 15 -2 0 -152 6 15 -1 -5 -14 -3 2 6 1 0 -1 -4 1 -2 119 -1 -1 0 0 1 -2 -5 -1 2 3 6 3 -21 8 -65 -1 1 -1 120 -4 -72 19 -1 4 11 
-6 -1 -5 -3 -3 0 -110 3 0 -14 -3 -5 47 5 20 1 -8 11 -4 -11 -6 6 -82 -8 29 11 -91 13 -4 -3 -58 -10 -3 -20 0 13 9 6 -4 6 -25 1 -91 -2 3 -12 6 -7 1 -73 6 1 -56 8 -107 4 3 68 -5 -18 1 23 -47 53 -6 10 -14 2 10 15 25 137 -21 -15 -4 -7 -13 4 -1 0 -32 15 -3 -83 0 2 23 15 16 -91 1 2 12 0 -1 4 -3 0 1 -1 0 -1 5 -3 -1 3 2 -7 3 55 -1 0 -16 -6 4 -3 -2 2 3 2 43 -1 -45 9 8 
-1 2 0 1 -52 -2 -1 0 -1 3 -38 1 -6 1 -98 3 -4 -17 2 8 2 -18 -2 -2 -7 1 3 -5 2 0 3 0 -1 0 75 3 -2 7 1 -16 6 5 -3 2 -2 24 2 -2 -4 1 -6 2 -5 46 7 -6 -11 -128 4 -4 1 5 -4 -10 4 23 12 11 -10 -16 -9 -14 -123 -3 9 4 -1 -25 -4 5 2 9 2 30 1 -10 -4 1 -22 4 -8 0 -9 -2 -2 -1 1 -1 4 2 5 0 8 -2 2 53 -1 -1 -5 0 -6 3 -12 -6 3 -1 40 9 -8 -49 -67 -6 -30 15 -7 
-3 -1 -7 -6 3 -4 2 -181 0 104 -3 5 5 1 -1 -9 -32 -4 85 7 -4 -10 1 6 -7 11 3 2 0 3 3 169 -1 -1 -68 3 0 -4 2 -1 1 -2 -1 6 -1 3 -1 -1 0 -2 -2 -3 1 -2 13 -4 -14 -81 -64 -12 9 -3 6 -139 -109 -19 4 -15 -1 -100 -1 -2 -2 -2 -2 -5 2 23 33 8 7 -11 -11 -6 -21 -11 -4 58 -28 -9 18 58 0 1 0 107 -3 7 -8 0 -1 -8 1 2 0 2 -14 19 -2 4 -4 -26 0 4 -1 2 -36 15 0 2 73 -15 58 -20 -6 
4 -1 164 -1 7 1 1 -5 6 -2 -1 -11 -1 -34 -7 -4 -63 -118 -18 85 -9 0 -5 -3 3 -1 4 -27 -2 5 -19 1 3 2 -22 4 2 -1 0 5 -3 3 2 -7 -1 -5 2 1 -1 1 0 -1 1 -149 -7 19 7 19 0 2 -1 55 6 13 0 -1 -4 0 0 -3 4 0 9 9 2 11 11 -4 -19 -34 -9 -3 -61 19 -1 -63 5 2 17 -22 -43 -2 -3 17 1 0 0 12 10 1 -4 9 1 -3 97 11 -2 -5 0 -72 80 -1 6 -32 57 -5 -6 -14 24 19 26 -4 -3 -16 2 
157 -6 0 2 -2 0 -3 -5 1 0 3 -6 -9 -2 -1 2 2 13 -71 1 10 -5 3 11 15 0 4 5 -6 1 10 5 6 16 8 7 -2 15 13 24 -4 3 -4 1 1 -6 0 -3 2 2 3 -2 0 31 2 39 4 -17 1 57 -18 -9 -22 -22 0 -75 -5 -2 7 5 -10 6 1 5 -13 -19 3 8 -8 1 1 0 3 -23 12 0 -75 -5 2 8 -5 -4 2 -10 4 14 1 -172 2 -2 -1 2 12 -51 -3 1 -8 1 0 -11 -6 53 -19 -2 76 -3 -114 1 -2 11 18 -93 4 -5 5 
-4 -9 29 0 86 -103 1 5 0 -3 1 -2 2 0 3 4 -2 -66 -5 27 19 0 -2 -16 -3 1 -1 6 14 -54 5 11 -10 -10 2 -5 -23 1 -2 -12 -8 -3 -1 -1 1 6 3 0 -4 -1 2 1 -3 8 -3 -7 -141 0 0 -1 -1 32 4 -3 23 -60 5 8 -8 -12 -3 36 5 -1 2 -3 1 3 -10 12 -15 -12 -17 3 -2 -2 -7 0 0 -2 5 -1 -1 -4 0 3 -1 -3 0 4 -79 1 -16 6 0 0 1 -85 -1 1 1 -2 -14 -1 14 22 -10 -1 -2 -127 -52 -13 0 3 -7 
8 1 -1 1 2 2 -2 0 -9 -7 120 0 2 -1 -3 -1 3 1 38 -87 -31 -4 -2 -9 0 -2 -55 6 -12 32 -54 0 -2 2 -3 1 5 -4 -11 -9 -6 2 -10 7 2 -4 -2 1 -1 -1 -3 1 2 0 6 7 25 -3 5 -6 -10 2 17 -3 -15 125 -3 -1 0 -1 -1 3 -1 3 1 0 21 -13 0 -2 9 3 -13 69 -11 2 2 -5 3 1 2 2 -7 2 3 -4 51 9 -1 9 6 30 15 67 -2 -2 1 6 98 -57 -8 -4 4 0 -4 5 3 -1 -1 -19 -13 -26 -1 4 18 
0 1 -3 -3 -150 1 -2 -1 1 0 1 -3 -2 5 0 6 4 -6 -22 4 -5 52 2 -2 6 4 3 -2 -8 -8 -5 -2 2 2 -4 -1 0 1 0 1 0 6 1 0 -1 16 -16 0 -3 2 0 10 8 10 3 2 -9 3 -5 -5 113 4 0 13 0 -4 -2 -3 3 12 2 -47 3 0 -8 2 5 63 6 8 -1 -1 -5 106 -1 -3 5 3 1 1 2 1 -115 0 -3 -10 1 -1 3 19 -10 -55 -63 67 -1 -3 -5 -4 5 -2 1 2 2 41 -185 -4 -4 -28 -5 -42 3 1 -22 3 -3 
2 -2 -6 -1 206 3 109 -5 171 6 2 0 -4 2 74 -3 2 64 -1 -9 1 5 -115 -3 -9 2 2 12 7 6 88 0 -3 3 0 1 -5 1 -1 -131 49 -3 -112 12 -4 -5 119 14 1 -11 1 4 4 12 -15 -2 -5 0 1 1 96 2 19 -27 6 70 -12 0 6 6 -1 -8 -9 -1 -3 -3 -41 0 2 142 10 -1 2 1 -1 -1 -55 -2 1 8 7 4 2 -3 -2 1 -6 -3 -2 0 -154 2 0 17 10 6 -3 9 5 -1 77 -4 -64 -8 1 10 -1 14 -1 14 -25 6 4 -18 9 
-3 1 -1 -4 -5 2 -4 -4 215 2 -4 0 -8 -2 -216 -5 -4 -1 0 -2 0 -2 -5 0 2 -2 1 -4 -3 2 -1 37 -3 3 2 1 0 -2 -1 29 -76 -1 -2 4 2 -153 20 -7 2 -1 6 113 -8 -2 -3 -167 -113 133 19 8 -20 -77 -3 74 1 -4 5 -5 5 45 -5 -93 4 -2 49 32 16 2 -2 5 -5 -4 1 1 1 0 2 -1 -3 2 -4 1 -61 7 7 4 24 1 -7 3 3 121 -5 -7 40 -5 22 -6 8 2 26 10 -4 -5 -17 13 -4 115 1 2 -96 -11 -14 -2 -1 
41 -4 3 -3 16 5 9 -1 -125 4 0 -2 -8 -220 2 -8 1 1 85 1 -3 -1 -1 15 -1 2 7 3 -99 -7 -3 2 5 -4 2 1 -8 5 66 -3 -4 -10 30 -110 6 -5 -14 9 -21 -3 -5 -6 -78 8 0 109 -3 2 -89 -5 5 3 4 -5 -2 -3 -11 1 -1 -3 0 160 -5 6 4 -2 -5 -1 2 -2 -4 -2 -1 4 6 -27 1 2 2 2 3 -1 -10 1 -37 32 -80 1 3 -4 -27 -4 -29 -2 -2 -14 -27 35 -5 23 9 6 7 -29 9 -38 -3 11 7 -1 -27 -26 -11 0 -8 
187 0 -2 2 1 3 0 -2 7 -2 -11 6 -71 3 0 2 1 1 14 3 1 0 2 2 16 16 12 -1 -1 0 2 -1 -1 2 -5 -5 -7 -11 -5 -6 63 9 4 5 1 -2 -11 -4 2 2 -4 6 4 -9 120 7 3 -1 21 -7 -6 28 -5 4 -7 -124 4 3 -2 0 3 -28 -9 -4 5 -1 50 0 6 17 -1 1 0 -16 5 1 -2 -28 -53 0 0 2 3 1 -2 1 0 2 -1 38 4 7 -2 -11 14 -21 -13 -154 -11 -39 -32 1 -21 7 -14 -15 -11 -7 -3 1 128 1 97 1 1 
3 -1 -1 3 0 0 0 -1 -1 1 -1 6 -2 10 -3 132 2 -14 0 -14 9 -22 8 -13 -3 -112 -1 1 -5 1 1 1 -2 2 0 1 3 149 1 -3 28 -1 0 -11 1 -2 2 2 1 -6 7 0 -1 -1 -3 -3 -4 -5 -5 136 -17 2 -88 0 25 4 1 -3 2 -74 1 10 -1 -1 1 -1 0 5 -3 4 2 2 5 -2 0 0 3 2 0 1 -1 4 -2 -1 0 -2 2 1 4 -70 8 63 -10 -3 -133 -27 0 -2 -1 1 -2 5 1 1 -1 -1 0 0 -4 -1 -3 4 0 1 0 
1 -2 -4 1 -4 4 5 2 -30 42 -3 8 7 2 -6 -46 -8 2 17 -1 9 12 -7 -7 -4 -4 -37 6 2 2 1 2 2 -54 -2 7 10 1 10 25 0 1 -2 2 30 6 97 1 -3 -1 -5 0 -1 -135 45 5 6 1 3 -5 5 -160 -1 -8 -43 3 0 -2 0 3 -1 9 -1 127 -1 -2 -161 6 -1 1 -1 1 -52 -8 -26 0 88 0 1 -4 9 33 1 2 -102 0 -117 -1 3 8 -4 2 -5 0 -1 -1 -3 125 13 4 13 -36 3 -79 -1 1 -1 5 2 -3 1 -13 -5 10 14 
7 12 32 3 -1 -5 -2 144 -7 -2 12 -10 95 -6 -4 4 -3 -9 -2 8 -85 2 10 9 10 -165 -4 2 -3 2 -1 11 -12 -1 -4 -86 2 -18 -5 -50 -6 0 -6 -2 -2 -6 -4 5 7 -5 39 3 -2 -7 -7 2 79 -11 -2 -145 2 0 -3 1 -5 -1 4 -2 4 -4 2 -8 4 0 2 0 3 5 3 -3 -27 49 1 -2 5 24 -1 0 -6 -7 -21 -4 -3 1 -1 -2 1 -1 45 0 2 3 2 2 -1 12 4 -3 5 -4 56 -2 45 2 2 -1 -5 -4 0 6 7 -1 -12 0 9 
0 -35 3 24 -86 6 16 6 -9 -10 -25 -17 2 -81 -1 4 2 0 -2 4 -1 0 -182 -135 -1 1 -3 -5 6 -4 8 -125 5 6 0 -2 3 10 -1 6 3 -2 -125 2 -111 0 -5 -9 1 132 -2 10 -1 147 -5 4 -3 1 18 -4 0 -1 -2 1 -1 2 -5 -137 -129 -2 -1 -6 4 -5 4 1 3 14 2 -4 1 88 -4 31 -4 1 1 -87 -86 -35 0 -3 0 -69 134 0 -4 -48 0 6 -34 118 -5 -1 0 -155 1 34 2 -20 2 1 3 -9 -5 2 0 2 5 -4 -3 6 -3 1 1 
-1 -5 -2 0 -73 -9 6 3 -7 -2 1 -3 12 -1 -11 49 -1 2 2 2 -64 -7 0 5 -9 6 -2 1 7 14 -18 1 10 10 21 -9 2 -97 22 23 1 31 2 16 -8 2 2 -3 3 5 1 -1 0 -2 -1 -7 -2 -4 34 -1 0 -1 6 3 -3 7 1 -8 80 2 -3 0 14 -46 139 2 -116 -9 -51 0 0 -92 5 39 0 -10 15 5 2 1 57 0 -29 -2 108 1 6 6 -2 -6 -13 -4 5 9 4 -7 4 2 0 -7 -4 0 5 6 -4 -4 6 3 2 4 -1 -1 1 -1 67 
5 0 15 -1 2 7 6 1 -136 5 -4 -1 4 1 4 -1 -7 7 -133 6 6 -5 8 9 16 -29 16 99 3 11 13 26 13 21 5 -5 5 5 -20 -38 -7 -43 -1 -19 -1 -78 0 -1 -9 1 -2 -21 -3 30 -2 0 2 102 25 -1 1 -3 -1 -3 -5 0 2 -1 26 2 1 -1 7 -7 -2 3 -3 0 3 -2 -3 -24 -1 -18 3 -6 12 -12 -1 -3 -5 0 1 -4 -24 5 -3 -7 2 2 -3 7 18 -3 -2 0 1 -3 -2 -3 -2 1 -6 -61 -1 0 -2 3 6 74 1 2 5 -2 35 
7 -8 -8 7 -3 2 8 0 5 22 10 3 0 -4 2 -1 5 5 -9 6 -126 -70 5 -3 219 6 12 14 1 4 -27 -5 26 -23 52 27 -1 1 -4 2 -1 -2 -1 3 0 2 0 1 -1 2 -1 50 14 1 4 -5 -1 -1 -1 -22 -1 2 -3 106 1 1 110 -7 -4 -4 6 1 13 -3 -4 -11 0 -18 4 14 -5 -126 -4 -3 -5 9 3 1 -1 -3 3 0 -2 3 -48 11 -7 2 1 -3 2 8 -56 4 -14 -10 0 -1 1 0 -3 0 -89 1 -4 2 5 3 4 4 0 -173 1 156 -35 
-7 -3 1 -10 3 -1 146 -1 -1 2 -3 0 10 -1 6 83 0 -4 -11 196 -3 11 55 -7 -49 3 11 -8 12 13 87 -7 -49 6 -57 61 -2 2 141 3 -11 -8 31 1 14 10 -4 2 4 0 1 30 -31 -35 0 -1 0 -1 -27 -1 1 3 -1 -61 -1 2 1 -2 3 0 4 0 -11 -1 0 0 -3 -6 -5 -7 -2 1 1 101 9 4 1 -9 2 -140 0 0 0 0 5 -6 -2 -1 -2 2 0 0 -95 39 1 0 -1 -1 -1 -2 2 -1 1 0 2 1 104 -11 -8 -5 53 -1 -5 -4 0 
1 92 -49 6 -16 -150 2 4 -2 1 6 5 -5 1 25 5 8 -14 -3 1 30 46 16 4 -19 3 -1 6 -6 -4 -7 -53 4 1 -3 -2 -5 -4 1 -97 -26 -37 -9 -3 -2 -5 -7 0 -8 0 57 -86 -2 -2 42 -116 -143 -3 0 3 7 0 -3 2 3 -4 -3 1 -4 0 13 0 -6 -2 1 -2 3 4 9 8 -6 -7 -7 5 -3 -8 -2 -2 2 14 -3 0 -3 71 -1 -7 -1 -2 -3 3 -7 -6 -27 1 1 3 4 -95 -2 7 -1 -1 -1 -1 5 -5 -2 0 2 -3 3 1 7 11 -76 
10 -3 -10 -7 20 39 3 14 5 29 2 -1 -16 -22 -3 -5 -7 49 24 -3 -24 -16 -2 -11 -9 -17 9 7 6 -4 0 -1 0 1 1 3 14 2 64 1 1 -4 -21 -3 115 -2 1 2 2 0 -2 0 1 3 -2 3 2 -1 1 -136 -2 68 1 -71 -2 -3 0 -1 -3 -3 -156 59 -1 -6 -4 -1 -9 15 -2 -1 -3 0 80 0 -55 -9 9 -4 -6 18 0 1 -11 -1 0 2 0 3 -16 -1 1 65 -2 -55 5 -10 160 3 17 66 -2 -70 -36 1 -6 0 11 -1 0 -5 -14 2 0 -16 5 
6 -3 16 6 35 -30 -3 -5 -2 46 -3 16 -2 -3 -10 14 185 4 -5 14 -6 0 -2 -2 43 0 6 9 -2 6 -1 -63 64 -3 1 0 -1 3 7 14 3 7 1 -7 -14 -11 4 10 4 11 11 10 0 96 12 -96 121 0 4 2 141 -1 2 -2 -3 2 0 4 3 -2 -6 -2 0 16 13 2 0 -5 -1 4 2 -2 -1 2 0 -123 -117 4 0 -6 -3 2 -1 -97 7 17 1 3 -18 -5 -5 -5 2 1 28 -1 2 -20 -7 -16 -3 40 -1 13 -2 14 -5 11 4 -9 2 2 4 -2 1 
2 7 -97 13 2 -4 2 -2 -5 0 -5 0 0 6 26 -6 3 2 -6 -116 4 -95 71 3 86 -6 115 -1 2 0 4 6 5 1 2 -1 -132 -2 10 0 6 -11 -8 0 0 0 0 0 -2 2 -1 -1 -4 -3 13 -5 -4 5 36 8 -1 -49 -5 24 0 1 -1 -1 -2 46 0 7 -4 8 23 -106 81 3 6 -9 -12 15 1 7 5 -4 -13 0 173 5 0 2 0 -14 -6 -4 4 -4 -3 -2 -11 -1 1 -1 11 2 10 1 0 -1 2 1 -2 1 -63 -47 2 -25 0 1 12 6 0 6 -9 
3 -10 8 -8 -8 1 2 2 -2 1 5 -1 -3 -3 -9 -4 -1 -2 -1 7 -5 -83 87 -5 0 2 1 -3 -1 15 2 0 -3 -6 -10 0 0 0 25 10 12 -7 0 204 0 222 -216 4 6 3 -15 5 -1 1 -8 43 0 -3 7 -17 1 -1 0 0 1 3 0 -11 -110 92 2 -1 -2 -9 2 0 -2 1 4 -4 -1 -17 0 55 -4 -94 5 2 1 -4 1 105 3 4 6 23 -3 -1 2 2 4 -6 -4 -4 -13 -12 0 8 16 -8 2 0 -1 -1 -1 4 0 2 4 4 6 1 7 -2 7 
19 -6 3 -111 0 15 1 0 -111 1 2 1 0 -10 2 -20 -4 -2 7 -1 -2 -4 0 90 -1 19 3 3 1 -6 -11 0 0 0 0 0 0 0 -17 16 -122 66 186 7 -3 7 1 86 0 0 0 -12 -92 163 0 0 156 -220 -228 20 4 1 -4 1 2 0 0 76 -1 -1 1 -6 0 -9 61 0 0 16 -7 -6 7 -8 -39 -4 2 0 -6 -7 0 -9 3 3 -2 -1 -5 6 -1 -2 1 -4 -4 -1 1 -1 4 -7 -1 -7 -16 -4 0 -3 -5 -1 -45 -13 -9 -1 -4 -97 -146 -4 11 17 -5 
21 14 1 -7 -1 -10 79 0 2 4 3 -2 -4 -5 3 -2 0 -8 2 56 1 1 3 -4 -1 13 -11 -11 -221 0 0 0 0 0 0 0 -238 0 0 0 0 -2 0 2 -1 -2 0 0 6 1 0 0 0 0 0 0 0 3 10 -13 -1 0 -2 1 2 2 1 1 1 5 -2 -6 5 -10 7 -11 -6 80 -1 -6 10 196 -2 -1 3 -3 -7 9 1 1 -9 10 22 -21 -80 -33 1 11 -3 -3 7 -3 0 0 0 42 -4 3 7 12 -1 6 2 1 -84 2 5 31 -2 96 6 -8 -6 -22 -2 
11 -7 9 -9 2 -1 2 -1 -3 -1 2 4 0 -1 -5 -97 -2 0 -2 3 -3 -2 3 -3 -13 -67 -2 5 10 14 0 -102 0 0 0 0 0 0 0 0 0 0 4 0 -2 0 -3 33 -5 0 0 0 0 6 0 1 5 -1 28 -7 -21 0 1 -1 -1 1 4 0 -3 -3 97 0 16 -4 0 24 -62 1 -4 0 3 -2 21 1 12 5 1 -1 -30 54 -16 -1 -3 -3 0 -10 1 -64 -2 2 2 129 3 2 -1 2 5 -10 -6 -6 1 -1 -5 -3 -16 62 -17 8 2 0 3 2 -1 1 13 
-14 -4 5 -6 -3 -61 0 4 0 1 1 2 64 5 -3 2 4 5 -7 -3 0 -18 14 8 -4 0 -8 1 11 -13 0 0 0 0 0 0 0 0 0 0 0 0 0 -1 -4 -3 0 0 2 3 211 -176 -12 -19 3 5 0 -9 -11 0 2 2 4 -1 -1 -1 0 0 -3 -1 -96 -1 -8 2 9 3 3 144 -1 12 5 -111 48 7 51 -15 2 0 -1 0 2 2 4 1 1 44 6 -7 7 5 84 -1 10 -1 1 -2 13 3 5 -108 5 -3 0 -1 1 -2 6 2 -16 6 3 3 3 -9 15 
-16 1 -38 2 0 -3 1 -133 -2 1 -6 63 -2 -31 5 -1 15 3 -8 9 -3 4 1 -3 1 7 -8 -11 0 201 0 0 0 0 0 0 0 -251 54 0 224 0 -2 -85 0 -40 2 -3 -4 -9 -2 -1 -191 -5 -1 -12 54 3 -62 2 3 -3 -2 0 -1 -4 4 1 -70 0 6 -1 -2 0 -33 -105 -6 6 84 -16 -23 -4 -3 -3 -1 1 1 -3 0 4 33 0 13 -1 5 25 -3 33 -14 4 0 12 25 6 -5 1 -20 -2 -2 -1 13 3 -4 -3 -5 3 10 11 -3 93 -13 -8 -2 -8 -9 
-1 6 -103 -28 3 3 48 3 2 96 -2 0 4 12 11 173 0 -5 1 14 4 -4 24 -5 -1 12 26 0 0 0 0 0 0 0 0 0 0 0 0 0 0 0 2 3 7 0 1 -15 4 105 4 99 -3 102 1 -129 3 4 -1 1 1 1 -1 0 -1 -3 7 -1 0 2 -7 -6 -2 -10 -62 80 -2 -2 1 -3 1 -2 -86 12 -35 -19 13 1 1 -5 -36 17 52 -57 2 52 23 -25 19 -2 1 -14 -16 -7 -8 6 -10 1 5 3 -7 0 -1 -45 82 4 6 13 125 -5 4 -2 0 17 36 
5 -45 -75 122 2 1 -2 2 4 1 0 -18 10 68 -7 6 -188 -1 1 -17 229 -5 0 0 0 -3 3 0 0 0 0 0 0 0 0 0 0 0 0 0 0 0 -2 -4 -6 -70 11 0 21 2 -109 1 -1 -4 2 6 3 0 6 -33 6 0 4 -2 -25 -7 -1 81 115 0 -4 4 2 0 -1 3 -82 6 11 10 12 14 -1 -12 -4 -16 -19 -4 6 8 -30 11 12 1 0 1 2 2 -11 1 -1 -3 10 0 -5 -7 5 2 -25 14 1 -1 1 -2 2 2 -8 21 -3 4 -3 -6 2 16 -18 
5 1 -6 2 96 3 -1 2 -9 1 2 2 -3 6 -11 1 3 0 5 2 -4 3 -229 0 0 0 -136 0 0 0 0 0 0 0 0 0 0 0 0 -6 7 -13 -28 -174 -10 9 -4 -19 2 -7 1 5 3 1 -1 -13 -8 -1 9 -24 -17 -4 1 0 8 0 6 16 -8 99 -7 3 -5 18 -1 150 -8 -6 13 10 -26 -52 -8 5 3 76 25 -1 3 4 29 1 -9 2 -4 12 -28 -5 -1 6 1 6 -3 -5 -50 -124 0 4 0 1 10 0 1 0 -1 0 -8 120 -74 -10 -3 -7 7 -11 -26 
-2 -4 -3 5 3 0 2 -3 11 -7 -8 -4 -7 -7 -11 -3 0 -5 3 10 3 -7 -1 0 0 0 -6 -2 0 0 0 0 -244 0 0 86 0 181 0 -7 3 4 -202 -8 -13 2 3 1 12 -1 0 -146 1 2 -4 1 -5 4 5 11 35 -4 -2 4 -3 11 31 -102 -4 -2 7 -90 11 -4 -5 70 -19 60 0 0 -3 14 -13 -101 -17 -70 -10 -3 15 21 89 0 -21 2 9 -8 -29 -22 5 -2 5 -8 7 -6 -10 1 23 -10 -10 89 -27 4 3 65 22 4 7 0 2 0 0 -5 -17 -52 8 
-2 26 2 -92 8 -4 9 0 2 60 2 -17 -1 3 2 4 -3 -3 0 -1 -2 -2 2 0 0 136 0 -2 -5 0 160 0 64 10 14 -1 1 5 -2 1 0 13 -16 2 -7 4 0 0 16 29 -8 9 -131 0 3 6 -8 -5 11 -18 -10 5 62 -43 19 0 -2 2 -1 1 5 0 -4 -20 4 -66 39 14 -1 18 12 11 3 1 -7 19 1 0 4 -5 -38 -2 -53 1 12 5 -3 -23 3 1 -9 -10 32 -40 2 -2 1 7 0 -97 6 -3 37 -11 -10 24 3 -3 5 2 -50 -3 2 -1 -4 
4 8 3 -2 -2 5 -6 1 0 2 -3 83 6 66 -1 0 164 2 0 81 -100 0 0 0 0 0 0 6 -1 -1 0 3 53 -100 -11 1 8 3 -5 -5 -2 56 -4 -1 5 70 0 0 -5 -6 -4 4 1 -4 -7 10 5 -3 -14 -3 -67 -8 5 3 -2 -5 13 13 31 1 1 0 -8 -17 7 -41 8 -15 2 1 -2 20 16 -8 102 -66 4 -1 3 8 -8 1 2 -4 10 62 4 -17 -3 -4 3 -8 1 -2 -7 0 3 14 6 -7 12 -5 13 123 4 -14 3 -4 3 5 8 3 27 0 8 
146 -12 8 -34 -4 -1 62 -4 1 -1 10 8 -6 0 0 0 53 -4 0 0 0 2 0 0 -126 0 0 -2 17 7 -2 2 1 -3 8 10 -1 40 -2 -2 6 2 6 0 0 -1 2 -3 -5 87 5 -7 11 0 8 -9 -12 1 9 -19 -3 -5 -5 0 5 21 -86 -2 -5 5 82 -127 0 -3 -3 -2 -2 -7 -8 1 1 1 -6 -25 2 6 -2 -1 -9 23 9 3 3 0 -2 -12 -1 32 1 0 0 0 12 -81 -1 -2 -116 -13 -7 -2 12 -5 -2 10 -4 10 11 -2 -41 -12 -4 6 -11 -4 -4 
4 -143 9 3 0 2 -2 0 3 1 -8 30 9 6 0 0 0 0 0 0 2 -5 0 0 249 0 -43 0 -10 -2 21 3 -3 -10 -22 1 -1 -1 16 3 1 2 2 1 14 -6 8 2 -15 -6 3 4 -4 4 3 7 -17 1 -5 -1 2 0 -9 -3 -1 -5 -7 9 -7 -20 -12 0 6 13 4 5 2 0 -3 3 0 1 46 -24 -12 -5 5 -13 62 12 -146 11 -2 -3 5 -14 14 133 -2 -1 17 12 2 3 -2 0 -3 -38 -182 3 5 -2 -3 -16 -194 -4 -2 -34 4 -2 177 -1 -2 -3 0 
-10 1 -4 0 -206 2 0 0 0 0 -2 -7 -7 -8 0 168 -70 1 0 7 1 1 0 3 1 0 13 -133 7 12 9 -6 3 2 4 1 2 1 4 -4 8 -1 -40 -1 -1 -8 2 -10 2 39 -5 29 1 57 2 -3 6 3 -104 2 3 -1 1 7 19 -7 -2 6 0 151 -13 0 6 -1 24 12 2 13 -2 3 -26 16 87 14 -92 -2 7 -5 -42 -72 5 0 -4 2 -7 -102 13 12 1 1 1 89 13 -13 40 1 9 -12 -41 -23 4 -94 3 -12 -13 1 -17 -2 0 2 4 5 2 7 0 
1 0 0 0 0 0 0 0 0 0 0 0 0 0 0 0 -1 3 -9 -2 18 0 3 -7 1 -1 -2 9 -6 60 -4 5 -1 1 -16 -2 -94 -3 2 -17 -9 12 8 -67 -3 11 65 48 4 4 -15 -5 -1 4 -4 -12 4 15 -3 42 -1 -77 22 8 -10 -2 -7 20 -9 -27 -19 -8 4 1 -3 -19 6 119 -3 13 -1 -24 -6 -84 -4 10 1 3 -1 2 -1 -1 -83 4 -15 92 -11 -7 -3 2 5 -9 -16 -3 5 3 2 7 2 -57 -52 -5 -3 50 15 6 6 0 -26 5 -3 5 7 -2 1 
0 0 0 0 0 0 0 0 0 0 0 0 -26 5 -1 28 -15 -1 9 -65 -2 5 -7 2 -5 15 -1 -17 -2 -5 -9 1 1 4 0 -172 -76 4 -10 6 3 -161 -2 0 -2 -149 14 -25 -5 -18 7 10 -5 1 -11 -23 -13 -7 4 0 -3 -1 -41 -6 18 0 2 -34 36 -5 28 26 4 -3 0 34 -4 -3 -4 1 2 3 0 1 94 -41 -10 0 -18 -1 12 -55 29 12 -1 0 1 1 6 -4 -4 5 -6 15 -2 1 20 -2 -33 -63 27 -4 13 20 68 -6 141 12 13 -2 -3 0 -47 0 2 
0 0 0 0 0 0 0 45 0 2 11 21 4 -17 5 -83 3 -6 222 1 6 16 10 1 15 -12 4 -16 0 2 58 2 -41 -124 -144 -4 3 121 -4 -15 -1 0 0 -4 12 -2 11 -15 9 -8 -4 6 0 2 -1 7 0 9 2 1 0 1 -101 8 0 -179 1 23 0 -3 2 -1 2 -3 -3 -1 0 -6 -106 3 -10 2 2 -7 -32 -7 9 6 -1 -2 -6 7 5 -5 6 -1 -1 2 5 -1 -68 -10 -8 -10 3 2 -6 11 -5 48 -2 3 0 19 15 0 57 -1 32 -26 74 0 -4 0 -7 
61 59 0 0 0 0 0 8 6 -12 -18 -6 9 0 5 -1 0 4 4 2 74 -4 -16 16 -4 12 -2 -4 -97 -7 2 -29 10 -11 -79 -1 10 -100 -94 12 -4 -2 -94 -3 134 -1 -6 0 5 5 38 2 7 -12 -12 3 -7 1 -2 -60 -4 3 95 -111 45 1 3 -11 4 -45 51 3 15 -1 -13 4 13 11 -1 9 0 -4 -6 1 -14 -8 -1 -2 -26 -1 -7 -3 -4 8 -17 2 0 0 139 -24 121 0 -2 1 6 -4 -4 1 20 -5 6 3 8 -7 50 3 43 -54 -37 -14 -4 2 -2 1 0 
-1 9 5 -2 12 20 15 -9 0 5 -15 -5 8 2 5 1 34 -18 25 5 0 -3 -6 -12 2 -2 7 8 3 0 5 -8 -4 -11 7 4 -13 -13 -1 -4 1 1 -9 4 -101 44 -4 -3 69 -1 71 -1 -2 1 -9 0 9 -13 -5 5 0 14 27 4 -2 2 3 -2 58 -1 -1 36 -85 -14 -15 3 25 48 -27 -30 6 -6 -2 -6 -5 0 -1 7 3 14 6 -1 -13 2 -2 5 0 5 2 9 2 -13 2 5 -2 -3 -1 -4 2 -26 -2 -2 -2 15 -6 5 -1 -97 5 -18 -2 2 -2 2 -4 
5 -2 189 6 1 4 3 2 28 23 7 0 -17 4 0 -10 -2 -1 -1 -78 8 26 12 0 -6 8 9 2 2 6 -4 -8 0 -94 99 -19 -3 1 23 3 4 12 -1 -112 -8 0 12 1 -2 -9 4 -9 -4 15 -2 -1 -1 -2 2 -1 26 5 12 10 -3 3 14 -4 -3 -2 5 9 1 1 -16 2 -36 -31 -5 5 7 -6 -8 -11 -6 87 -8 17 -23 13 48 0 0 -3 -9 -5 0 -4 2 75 2 8 7 -3 -99 -3 -6 -44 -21 8 3 1 28 -14 2 25 21 -3 1 80 -2 -2 0 -6 -3 
-8 10 224 3 0 22 4 10 1 2 -8 9 3 2 0 1 -2 1 2 0 23 -10 -18 -10 -142 -6 2 6 2 7 -1 5 0 -4 -5 0 10 -22 -5 7 0 -1 134 -2 -2 3 -2 -1 -6 -4 30 -23 1 -19 -1 -1 -15 9 -3 1 -10 3 -11 10 -1 5 -51 0 -5 -141 7 -8 3 34 -3 2 24 5 -30 0 -149 -12 -28 -2 -6 -2 0 114 0 6 -5 1 1 0 5 1 -8 -1 6 2 -3 2 2 0 4 5 -88 -1 -6 7 1 6 3 13 -6 -2 9 0 12 -48 -38 -3 -1 160 -2 
-1 -8 4 -125 7 3 -6 1 -3 -7 0 13 -4 -104 1 1 5 -1 -11 10 -68 9 2 1 20 -5 2 -9 2 -15 5 -195 -29 -159 2 28 -3 -4 -4 -7 -15 7 -4 2 168 154 -8 -5 -60 2 -2 7 8 0 169 -1 -3 -7 -1 -4 -1 -4 4 13 -105 112 9 2 1 55 6 1 -1 7 -151 -3 -80 0 -7 -144 -18 17 6 -152 6 -3 64 -7 2 -9 -2 -2 62 4 -8 10 1 3 -2 3 4 -12 14 3 -127 -3 -26 9 3 2 0 -6 -13 -2 -2 -5 2 -11 -3 -9 1 0 -55 3 36 
2 -7 -1 -146 -9 12 -6 -1 -2 2 -20 -5 -169 -8 2 4 7 74 1 -5 -11 -4 -2 74 -3 0 -17 -6 7 -4 -12 0 -1 -12 25 -29 -11 8 0 -16 -119 21 3 84 -8 40 -31 -1 -6 5 1 8 13 -3 6 -5 2 -3 0 2 1 10 2 10 -2 -1 1 3 -1 -5 15 -10 -1 15 -13 6 -3 -13 -3 -7 -5 14 -11 -24 0 -2 5 -3 1 -3 -154 -4 67 19 7 7 4 -4 -3 1 18 -13 -9 1 0 33 6 26 12 3 0 3 -47 -34 -1 9 2 -7 3 14 2 1 -4 -8 -5 
-2 1 2 11 9 -18 5 -6 10 4 -8 1 2 1 -35 -1 5 1 1 -7 -46 0 4 -51 9 -3 33 6 3 -4 6 -17 -4 23 -14 -54 5 -24 -20 4 28 0 -8 -2 4 2 3 1 -5 -4 3 24 -4 -9 -5 13 -3 -1 63 -3 -1 -4 156 -11 -2 134 -4 0 7 -8 -52 96 1 27 122 -2 -2 -2 2 144 -8 -1 3 -1 -3 -2 1 -6 3 2 -3 -3 7 1 -4 6 14 -3 1 3 -61 -2 5 3 3 3 -133 3 -20 -6 -2 -22 17 4 56 -97 21 6 6 -105 1 -2 -92 -142 2 
0 -9 11 -24 0 4 -57 -7 7 -108 -3 3 2 -4 3 5 0 -31 -1 -2 7 -1 -9 7 -1 -2 -1 -4 2 0 0 -4 -2 -7 3 -3 0 -3 -18 6 -53 -3 -5 11 9 2 -2 10 -4 6 -8 14 -15 4 8 -1 0 40 -11 -100 6 11 -6 -8 -4 13 22 -8 1 0 5 0 1 -31 -6 -9 3 3 10 -1 -1 2 110 -3 -2 0 6 2 5 4 -3 -5 -21 -16 8 -78 4 -2 1 -1 -1 1 0 0 5 1 163 4 18 4 1 -8 7 0 95 2 1 -24 124 -120 0 2 -1 -161 -1 
0 -2 -10 15 -2 3 -3 -2 2 1 -10 5 -8 41 -4 -1 -5 -23 3 -55 5 -92 -3 9 1 -12 7 -1 -141 -2 3 6 11 5 175 -5 -1 -1 -1 -13 -2 -3 -1 9 14 -4 0 -6 -2 18 -1 -3 -10 -106 2 -63 3 -1 2 0 -1 11 10 -4 2 14 -5 10 -2 3 -5 3 4 23 4 1 -52 -208 14 -3 8 -3 87 -4 -1 -2 24 -3 18 -15 11 3 -90 1 -13 -3 -2 2 -2 -5 -5 -51 -80 -1 -1 -2 -2 -2 100 -2 39 -16 8 6 2 -3 -7 10 -7 -1 -2 -3 4 68 -30 
-5 -5 1 -16 -2 62 4 82 11 -10 -7 5 10 -75 -3 22 8 0 -2 -109 -4 0 41 -21 -2 -2 -14 6 227 0 -6 2 7 -6 -3 -1 2 -4 7 -12 -2 13 27 -8 -7 1 4 -3 2 3 113 1 -5 -75 -4 11 7 48 2 -7 -23 -64 -8 -22 2 -18 -4 -4 -2 0 -10 1 6 4 -2 3 29 -1 -16 -4 -9 3 9 2 0 -2 -3 0 39 22 -11 -1 0 7 3 0 44 -2 9 0 -6 -5 0 0 4 30 -1 -4 0 -107 14 28 -19 8 0 -25 -1 0 -3 139 -1 -3 7 -5 -1 
2 3 23 -2 -15 -12 1 -4 3 7 2 -5 -1 -45 1 1 -1 7 109 48 1 19 40 -226 53 4 -6 86 -3 0 0 -2 0 -6 -194 3 1 21 -2 -1 0 -3 -3 -4 -46 -3 7 0 0 -21 -6 1 2 6 12 -15 -6 5 0 -1 -155 -2 25 0 2 -31 -7 5 12 1 -2 -1 2 -11 -1 -2 -11 13 14 1 16 -159 -17 3 1 3 -11 -2 -7 -28 12 0 -1 3 -5 0 3 2 2 -4 10 -5 -3 2 -1 1 -1 -1 -2 -112 0 11 2 176 65 -1 3 -6 -1 -3 -2 0 135 -1 51 
9 -1 8 -1 -29 -10 15 9 -3 0 2 6 49 -3 -1 0 0 4 -3 -1 2 93 11 0 0 -14 4 0 0 0 0 0 0 -56 -6 -10 8 22 1 3 -7 -22 4 -3 4 1 -13 3 1 -13 -9 -4 -5 8 -1 2 9 -126 3 92 -6 3 -20 -221 1 -21 -11 0 5 12 -5 0 -48 -17 0 0 -1 0 -9 -11 -33 11 -19 2 2 0 -2 4 -2 -53 -3 6 9 3 -4 3 8 -2 -71 7 8 -3 0 -53 3 2 -2 6 -3 -1 -1 0 2 3 9 47 0 -12 -1 -1 -2 21 -9 -1 -6 
11 89 -1 27 -2 3 -1 -4 -6 2 -2 1 65 -115 -6 0 -4 4 1 2 -6 -5 0 0 0 0 27 0 0 0 0 0 0 0 4 0 1 -4 204 -4 0 9 0 -2 0 103 0 2 93 -1 -123 0 0 88 1 -2 -56 1 -1 0 -7 -1 -1 -11 -149 -7 5 -29 -1 0 -2 4 18 5 0 94 -12 1 0 -3 -3 2 1 0 -1 -5 5 1 -7 -1 83 -1 -13 9 10 -11 0 -1 31 -4 7 1 2 3 -7 5 0 7 0 -1 71 16 -6 -3 -4 -5 4 -4 131 -1 -1 2 2 -148 -28 
-7 2 -2 0 6 3 -5 2 1 -2 61 -2 4 -2 -4 2 -3 -1 9 0 6 0 0 0 0 0 -4 0 0 0 0 0 0 0 1 0 -2 4 -1 -35 8 -5 -14 2 7 1 4 0 -1 1 3 8 1 -8 -2 3 0 -2 0 1 -3 -3 -7 -4 -4 -6 3 -12 -2 0 2 -1 -47 3 1 95 -4 -2 2 2 -2 -6 1 64 2 -5 1 96 11 0 -3 2 -9 -14 0 7 0 -1 2 110 -7 5 0 1 54 0 -4 3 -1 4 3 2 -4 6 12 2 1 6 1 0 0 0 9 4 13 
0 3 2 -7 -2 -111 1 3 -2 -3 0 -140 4 1 3 -1 -3 -37 8 1 -10 0 0 0 0 0 0 0 0 0 0 0 0 112 0 6 -2 1 -8 -1 14 4 -8 -3 3 6 2 3 -2 2 -3 2 0 88 0 5 -89 2 69 -1 5 15 -1 -4 13 -3 -2 -8 1 3 0 45 0 -138 0 -13 -13 1 14 8 -1 5 103 4 5 23 -2 -101 0 3 -4 10 2 -6 2 131 -2 0 -5 4 44 -1 -3 2 -6 6 2 -2 0 -3 26 -4 -1 -1 1 -73 -5 -5 -1 1 -1 -3 -2 -1 -10 
1 0 -2 2 4 2 1 -15 4 1 1 -2 -3 2 1 -5 31 9 -2 -118 0 0 0 0 0 0 0 2 6 0 0 118 0 0 0 -6 0 4 -160 -153 -18 56 2 -43 32 -5 4 0 6 -1 -4 -2 1 -2 -1 2 -135 0 1 -1 -3 0 -1 0 7 1 3 -2 -5 -103 -70 5 5 120 3 1 2 0 -1 0 -4 -3 -5 -72 15 6 3 0 -9 0 0 8 -124 -3 34 -3 -8 3 2 -14 56 1 -1 -124 -1 3 0 1 5 2 -4 24 -22 -5 1 6 -153 49 -127 -4 1 0 -3 -1 67 
-3 4 -1 -82 -4 -6 3 38 0 0 -127 0 1 1 0 -5 5 -8 0 -147 125 -4 0 0 0 0 0 0 2 1 0 0 0 -223 0 0 0 1 8 0 4 -3 0 -10 -1 2 1 11 -2 1 6 6 0 3 4 5 14 18 -106 0 -9 -13 -4 3 44 -4 1 4 3 0 1 -1 1 -8 0 -8 103 -189 -191 2 2 -8 -4 -2 1 12 8 -6 -4 4 15 9 5 -7 -5 -3 1 -1 4 5 -108 7 3 12 2 -2 0 44 -80 7 -5 22 108 3 90 -8 -12 -3 0 129 1 -3 -1 3 0 
3 1 -4 0 -92 3 -1 -15 3 1 0 -43 -3 -11 68 -5 -12 0 4 -6 0 -213 4 0 0 -141 0 0 0 -4 5 8 4 0 0 190 0 1 0 0 3 -13 2 0 -1 -3 2 -6 -6 46 -4 180 -3 -3 202 -11 5 -2 1 4 3 -3 48 -84 0 6 5 -6 1 -1 -9 -6 -3 4 0 -2 1 -3 0 0 -140 -6 1 101 -8 -13 -5 -2 3 0 -14 -11 45 4 -7 1 6 -5 -10 7 -8 -21 -11 3 -9 5 4 2 5 11 1 -1 -4 -2 71 15 -113 1 0 -8 -22 -1 -3 -8 90 
-12 -5 1 6 3 1 1 -1 -17 -3 -3 4 0 -1 -1 6 -3 -1 -10 1 12 5 13 0 0 220 0 105 -229 -3 87 10 7 73 0 0 -5 2 -3 2 -5 -3 -182 -6 -1 1 -1 -6 -2 -224 2 -1 4 -179 -10 -12 1 8 -5 0 -4 2 1 5 6 -7 -40 -2 2 -2 -11 4 0 -5 24 0 16 -28 0 7 3 -4 0 0 0 0 2 0 -3 0 -3 3 -8 0 -3 2 -1 -5 -9 -9 -3 -4 -5 39 -3 6 4 1 -21 -6 -6 0 11 -9 -6 -11 1 2 126 -2 -2 -4 -5 3 2 
-4 1 -13 80 -3 108 1 2 -4 38 12 -3 2 -3 -2 0 -1 -85 129 -8 -13 2 5 0 0 0 0 0 0 -1 7 4 -3 4 -2 2 183 -3 0 -9 0 -1 -3 2 3 66 -2 -6 1 0 -2 -1 -9 0 0 -2 -5 12 -16 31 5 -7 2 -2 2 4 1 49 -104 -2 -4 -3 -3 -1 -3 22 -19 -42 3 -35 -5 1 -2 -11 -5 17 6 4 -2 1 -2 2 1 4 5 -1 73 -2 -3 3 -4 5 -1 1 -6 0 1 7 0 -17 6 -7 114 -10 3 90 3 13 4 -8 11 -2 -2 1 0 
3 -148 11 38 1 2 -4 1 -2 15 2 5 -16 6 -96 0 15 0 -8 -1 12 -8 100 2 0 0 0 -2 0 208 -29 -6 3 -6 -1 1 -6 3 1 3 3 0 1 0 9 157 -5 8 125 1 -1 0 0 228 0 0 0 -33 152 -5 13 -5 -5 -1 -2 2 1 0 -3 0 -2 -52 0 1 1 17 0 -6 -3 12 29 3 -9 -74 8 -14 0 -3 -8 0 4 8 4 0 0 1 7 0 -5 2 0 4 -70 3 -7 0 1 -3 0 3 -39 -5 10 4 -5 89 31 -3 -7 -2 -12 105 -9 2 -1 
-11 15 -8 -8 -1 -3 18 30 4 0 0 0 -13 52 118 -2 -2 1 1 -1 1 21 -7 4 0 0 0 0 0 0 7 0 2 -182 -2 -1 4 0 -1 -6 0 -2 -1 36 3 0 0 0 0 0 0 0 0 -55 0 0 0 -8 -190 -12 19 3 -1 -3 3 2 -3 0 0 -1 -2 3 0 2 2 -11 -6 65 0 4 2 1 1 -37 -4 -4 112 10 -62 -48 -1 -5 -5 -98 1 5 84 -11 -1 -1 1 0 1 1 7 7 83 -3 -1 3 2 0 101 177 3 -4 -21 2 -6 0 -4 -7 2 -5 33 
-3 -4 -12 -4 1 -2 3 8 0 -2 1 0 -5 -11 10 -2 4 -8 3 -3 -33 112 14 -7 0 0 0 0 0 48 4 91 -15 -27 0 0 1 -2 5 -3 0 -3 1 1 4 -2 3 1 7 2 0 0 0 0 0 0 0 4 -160 -2 -26 -54 1 0 6 -3 13 -2 0 -2 0 1 2 0 63 0 -1 3 -2 0 1 0 -1 2 0 -1 0 -3 5 81 -1 -6 2 5 1 -8 1 3 6 8 -3 -4 0 -102 -26 -6 -4 -3 63 108 6 -1 -3 -10 63 -23 101 -8 -11 0 -9 11 1 -2 -30 
-3 -9 84 4 46 -100 -1 -19 21 9 2 9 -2 1 -2 4 1 -4 -73 0 0 -1 -5 3 0 0 0 0 -214 227 -81 9 -8 3 -1 0 2 2 -1 1 0 0 -1 -3 2 -3 0 24 7 12 0 241 0 0 0 0 0 4 3 3 1 98 0 -1 1 4 -75 2 59 4 -1 14 -2 -93 0 1 0 -5 2 1 -2 -2 1 0 -3 -1 14 5 1 -1 -1 -2 3 -9 0 -3 -1 -2 3 0 -1 -5 0 0 -3 5 -1 -110 3 -7 -128 -7 156 9 1 14 13 173 8 -5 1 -3 -16 -6 -72 
-3 -2 2 -4 1 2 -1 42 -21 15 -2 0 -2 1 -1 -109 100 13 2 -62 -3 -56 -78 -3 16 0 0 0 0 -2 -4 -12 -202 0 1 -6 2 -2 0 -3 -5 1 5 -6 -6 -14 -2 2 -5 0 8 21 0 0 8 0 1 0 2 -10 -12 3 -1 2 -112 -4 -7 -15 2 53 0 6 7 2 -3 3 2 -3 65 -35 2 -98 -3 -4 -2 0 -2 -1 2 3 -1 38 -26 -3 -2 1 -1 -5 0 3 0 -3 1 -159 -19 6 36 4 -4 0 -13 6 7 -3 -3 -7 -1 3 1 -1 -6 -3 14 3 6 
119 -2 0 -114 0 0 49 37 137 -14 16 -84 -4 -2 -1 4 2 1 2 -1 1 -96 -3 13 8 11 0 105 0 209 0 3 0 0 -19 4 -1 0 0 4 -98 3 4 0 0 0 144 8 1 -7 70 252 0 0 0 -1 2 -13 1 -1 1 -4 -2 -145 -4 -3 4 -6 5 4 -4 0 -14 40 -1 -1 5 11 -1 -4 -1 34 9 1 5 0 4 -2 1 5 -3 1 -28 2 0 0 2 -1 -2 0 0 7 -2 3 98 9 -1 -2 -1 23 -85 -2 1 1 -18 9 -10 9 -10 8 -2 0 2 6 -11 
-1 2 7 1 1 54 51 42 9 -15 6 12 -26 4 -1 1 -2 -23 1 -3 0 111 0 -1 12 -3 14 0 0 0 0 0 -86 139 -3 2 0 0 143 3 216 4 2 -4 -208 2 5 2 223 -1 -4 2 7 -126 2 4 -11 -3 58 2 -1 5 2 91 0 -1 -1 8 0 132 -6 -2 -94 -5 -56 -2 -2 0 5 7 -7 -3 6 1 -1 -1 0 2 -3 -11 -60 3 -3 -97 -146 5 3 -4 2 -13 -91 -2 8 -4 -7 -4 0 5 -6 0 -4 -3 -24 -6 1 161 0 5 16 66 -4 7 -2 -3 -2 
-1 -2 0 74 30 0 -38 -5 3 43 -35 -88 14 -72 -4 4 2 0 13 6 9 0 -2 -1 0 5 -107 7 79 0 0 0 0 3 -4 0 0 0 0 0 0 -1 -1 -5 19 -1 1 -5 0 -1 0 -13 -7 -3 1 -3 -30 0 66 4 -5 1 -1 0 -1 1 -6 -3 -68 -3 2 4 4 12 1 0 1 -10 -15 -15 17 -37 -2 4 6 4 -3 66 9 17 21 21 1 -2 1 -1 0 0 -2 5 -1 0 2 -5 -3 3 -1 -1 7 41 1 -45 -2 -8 -1 45 2 -5 6 -15 12 2 8 6 -1 
-2 0 3 -19 -12 0 -33 -4 46 -30 0 0 -63 30 91 0 -2 -4 2 14 -3 1 -1 -1 -3 6 7 -19 -1 -4 4 0 0 177 -1 1 2 0 0 3 4 -217 6 1 -4 -4 0 -1 2 1 57 0 126 3 40 -2 4 50 3 83 1 2 -2 6 -2 -1 1 0 0 -1 -4 13 0 -3 57 -1 0 0 0 -195 -10 7 -19 9 -11 -9 10 32 4 -1 9 4 -1 71 3 -3 -7 2 5 7 -7 -5 5 4 1 1 -71 0 -2 13 6 68 5 -40 2 3 4 5 -2 6 -3 6 2 2 9 
1 0 6 -81 1 2 20 28 -253 0 94 0 0 -16 20 2 4 0 3 -11 13 -2 2 -2 3 2 -7 -24 -11 0 -12 0 0 3 10 1 3 -3 -1 5 -86 1 1 2 0 0 1 -3 -1 -3 0 3 0 4 156 1 4 2 -2 -162 0 -1 172 -2 0 -1 -1 -2 -1 12 17 -7 -210 27 1 -2 -8 -4 3 3 -2 -10 -1 -1 19 -9 8 71 4 4 -10 -3 6 2 -22 -6 -3 9 -6 3 -52 1 -1 1 0 4 2 3 0 -17 -2 2 0 -148 -4 -5 10 -5 10 -4 -1 -5 9 145 -1 
0 2 6 41 27 0 -7 35 -14 0 0 0 16 -19 26 6 -7 2 98 2 -9 -5 -5 1 -82 107 5 -3 11 -67 -3 0 -8 -1 0 4 1 2 -1 -2 -131 2 -30 6 2 -125 2 0 -3 2 0 2 4 -6 0 -1 2 -3 2 -2 -5 -1 -3 -183 -1 -1 -1 -5 -6 -37 -4 -8 -5 3 5 3 75 -88 -1 3 -174 -10 8 2 0 158 -3 0 3 -3 -2 1 13 -14 -9 29 -6 -5 4 -4 6 -6 -2 -3 3 2 4 3 -1 4 6 -45 2 -4 -103 -4 1 1 0 -7 -5 33 3 13 0 
-4 22 0 38 24 -1 -11 -68 0 0 -54 -75 -12 0 -14 56 3 7 77 -2 -1 -28 -2 0 112 1 0 0 -1 -8 91 -184 0 10 17 1 -5 0 -1 -2 17 0 -3 4 -183 3 1 -7 -4 4 -1 -4 -40 179 -2 2 5 -4 -3 -1 -1 9 1 179 0 -4 0 -4 85 0 5 3 -2 -3 0 -3 1 -2 210 2 2 3 -3 -2 -102 -4 3 8 -3 -1 0 -9 3 12 2 -3 -52 -21 -3 -5 -8 -5 7 3 -7 3 3 -3 2 -10 -9 -8 -2 1 -4 1 -1 6 5 1 2 0 -4 -25 -1 
21 -6 50 -132 16 -2 -7 3 2 0 35 11 12 24 0 0 68 -23 1 -2 71 -3 -16 1 59 2 -1 -2 -5 -1 -1 -7 6 1 -6 -1 -1 4 -1 1 -4 1 -1 4 0 1 4 17 -3 1 -3 0 -5 12 2 -2 -98 0 -2 -1 -3 0 -1 -3 3 7 -191 2 1 4 1 0 -1 2 0 -5 2 1 -3 0 2 -5 3 -3 -4 0 -8 28 -25 3 1 4 0 8 1 -6 -12 4 -1 -2 -5 -3 1 -37 -1 -5 33 5 2 -8 4 -7 -3 -4 1 -6 3 2 -1 95 3 1 4 3 -2 
72 22 -39 -85 2 -5 -1 -51 0 -75 -10 34 -30 -10 0 0 -8 38 -17 117 1 3 -1 -19 -1 -2 0 1 -3 -4 -15 -4 3 -2 -27 0 4 -1 6 -4 0 1 -2 -2 3 193 -2 -65 -1 -12 13 0 1 -1 -4 5 -5 -172 1 -1 -4 -3 3 0 5 4 -2 2 -3 3 8 2 0 -1 5 1 4 0 1 -3 2 2 1 2 1 -75 6 -19 31 -1 13 6 -3 15 6 -7 5 0 -4 15 -3 5 31 4 3 1 -4 -11 8 -6 3 -6 103 -1 2 -3 -62 5 -118 4 -5 6 6 4 3 
-14 -50 -6 -19 1 0 4 -11 3 15 -2 -27 0 0 5 0 0 -26 24 -17 -3 0 45 2 11 -1 0 3 0 -2 -4 -3 -3 4 -28 -2 104 0 42 -46 6 -2 -28 8 6 -2 1 -6 4 4 2 -5 2 -3 -1 3 -213 -9 1 -15 7 -1 4 -1 2 4 1 -2 2 3 0 1 0 3 0 -1 3 -3 2 -1 1 1 -2 1 -1 221 10 224 -14 19 -15 -8 4 -17 12 13 0 -4 -7 99 0 -6 21 -8 -9 -9 1 5 -5 1 2 3 -3 140 -2 1 0 -2 5 -5 -4 -64 14 -2 -6 
-2 -1 4 0 3 -1 0 -4 -2 -17 -35 -8 0 0 -4 10 -1 0 6 4 9 81 0 -5 -2 12 1 0 -58 -29 1 -3 3 -6 -29 0 10 -16 4 4 -9 2 -2 3 -4 -5 -4 8 0 -217 11 3 1 0 2 1 -1 3 0 1 0 -2 2 215 2 -2 -1 0 -228 0 4 -3 1 -2 -2 -10 4 -1 1 0 -2 -239 -2 -1 3 -1 0 0 1 -9 22 -2 98 10 -5 -11 -2 0 0 1 -7 -3 -2 13 -9 -5 1 -9 1 1 -2 -4 0 -1 -1 -2 3 1 60 4 3 -5 -50 -3 -2 
110 0 -88 5 -3 -4 2 -3 2 -16 -51 -6 -4 0 0 -12 -1 22 -29 -70 -6 -4 -35 2 -4 -2 1 37 -4 0 -1 1 -25 -14 10 2 -20 6 0 -5 -4 -148 0 1 2 -1 -7 1 5 -5 0 -7 6 -4 1 -4 -80 1 1 2 0 1 0 0 156 0 1 -2 3 0 -3 3 -2 -2 197 -2 -1 0 -4 -1 1 -4 1 -2 -77 0 3 1 0 6 -1 -17 -19 3 6 16 22 1 -3 -11 -3 -3 18 -14 2 16 3 -7 3 -3 3 -13 7 -6 1 3 1 -96 -1 -17 -1 5 1 1 1 
65 -4 0 2 1 2 -4 1 -55 -4 -2 59 15 -5 -30 -1 42 -18 -1 20 -63 2 2 -1 1 2 -20 -3 7 -3 -2 6 2 -4 0 -3 0 11 -4 8 -7 0 -1 57 0 1 -3 -2 3 16 -3 5 2 -1 8 0 -1 1 -45 -3 -208 -2 -1 8 122 0 0 0 4 0 98 0 -78 -2 144 4 6 2 5 2 -1 -3 1 -3 -72 -1 -2 4 2 -2 5 0 0 0 0 0 -2 -18 -56 12 9 49 -3 0 -2 -16 -1 111 -4 16 -54 0 3 -24 11 4 6 10 6 2 -5 -10 1 6 46 
55 1 -2 3 1 2 0 0 -1 0 1 12 47 -12 11 47 -30 0 7 -5 10 44 -83 1 1 -1 6 1 1 -59 4 1 0 0 3 1 -6 -2 7 3 6 10 7 7 0 -6 -9 -3 3 4 -11 0 0 13 -9 2 2 7 8 4 4 3 2 0 1 0 6 -80 -4 12 -4 2 -2 2 -1 -13 4 1 87 108 0 -9 0 -1 3 -3 3 -3 1 -1 -7 0 0 1 -197 0 0 0 0 -3 -4 -9 7 -15 -1 30 -4 -59 19 3 -30 -4 -5 -5 1 -4 5 -10 -11 -2 4 -3 1 -4 -1 
2 0 -1 0 1 -1 0 30 -1 97 -1 -3 -3 -1 27 19 32 -12 -2 62 13 -19 -1 -8 -3 0 13 1 -22 4 0 0 -1 89 -53 2 -89 2 2 0 -4 -19 -2 -10 -16 1 6 17 3 -11 14 -2 -15 -81 -5 2 -1 3 9 0 104 0 0 -7 -4 -1 -4 0 0 0 3 -2 -3 -2 5 14 -14 -3 1 -2 -4 139 51 0 0 0 -2 52 -71 0 0 -96 0 -2 -3 -235 0 0 223 0 20 6 -198 9 -2 112 -7 20 -12 -2 0 0 0 -8 1 14 -86 13 16 -12 1 2 9 -16 -9 
2 2 0 -2 0 1 -17 2 -2 2 2 0 -8 -56 4 8 -56 -3 -4 21 -4 47 -19 -4 3 -3 -3 3 -78 14 0 -1 -1 1 9 2 56 1 53 2 0 -8 -3 -5 -3 -1 -5 17 4 -10 49 142 1 -7 6 -5 2 7 -205 14 169 0 34 6 0 10 17 0 0 0 0 9 11 -114 4 -1 3 0 -6 3 0 -3 3 4 0 -3 1 -1 2 4 0 0 -136 0 0 0 0 20 0 0 -9 -1 18 -11 6 0 -1 -2 -14 0 0 0 0 0 -8 -7 6 -7 -6 -5 1 -2 -22 50 6 
2 -2 -2 -36 42 1 -4 -1 0 3 3 -3 2 2 -64 16 23 25 22 17 24 11 0 -52 12 -2 -1 1 3 -7 2 4 3 0 0 -7 1 0 4 -4 3 0 10 1 -5 0 -2 -17 -17 5 1 -79 -13 135 1 2 5 3 3 5 92 0 2 1 4 5 -9 241 38 0 0 -44 -15 -2 0 -5 0 -5 0 9 -4 -6 0 -3 -2 -3 -1 0 1 2 0 0 0 242 0 0 0 0 0 -44 20 5 0 9 1 -1 7 -2 2 15 0 0 0 0 0 1 0 -2 2 12 -4 -6 1 -1 3 
1 -6 1 -1 -6 -42 -5 1 -4 29 -3 53 -2 -1 3 -42 -9 8 7 19 149 -8 -36 108 -30 34 8 -3 0 2 -5 1 2 1 -2 -1 -1 0 -96 1 -4 3 -10 14 0 7 122 2 99 -13 -3 10 8 2 23 3 3 4 1 204 5 0 -18 2 -15 -22 0 0 0 0 0 0 -6 82 1 3 2 6 -2 8 0 -4 -6 -3 121 -1 -1 -2 86 10 18 0 0 102 0 0 0 198 0 0 0 -3 -2 -1 1 -36 -6 6 8 24 -66 0 0 0 4 8 -4 2 -6 -91 -1 26 1 15 7 
-3 3 1 0 2 -145 2 3 5 3 -59 0 1 2 -24 -2 -29 0 -9 -4 -4 -6 -48 10 -1 42 6 8 0 -51 0 -7 -1 -1 -80 -1 0 1 1 -1 0 2 15 3 35 -1 -13 40 0 2 7 1 -24 23 29 -1 -7 6 -7 1 -9 72 0 4 -5 8 1 -49 2 0 4 0 7 1 4 -2 -2 1 1 3 5 -3 18 -144 1 1 5 8 1 -113 5 1 -149 176 12 187 -13 0 0 -40 0 -14 -18 -1 26 1 2 -124 -9 -11 4 0 0 0 0 125 0 -6 14 16 6 -4 38 -8 -6 
-1 -1 2 0 -5 -2 -3 17 1 74 -2 0 0 53 0 2 -1 -6 -144 149 -9 54 -2 -155 0 -5 -7 5 -18 1 3 1 12 -1 118 0 -1 -5 -6 -8 -1 56 -12 12 -10 25 -37 3 2 1 -4 -1 3 1 -41 5 -8 -7 0 -7 -10 1 0 1 -5 67 -4 2 -4 -2 -4 2 -2 -1 4 0 -1 -4 2 -1 -13 -7 1 -9 -4 4 -1 -6 3 14 9 2 0 -6 -18 2 22 1 5 15 17 0 7 7 7 -5 7 9 6 -14 6 0 216 0 2 -2 69 0 -19 -15 -2 -9 5 5 0 
-1 1 4 -2 1 0 3 -3 -2 3 1 -89 2 0 -3 -77 0 0 11 2 7 -8 -15 4 -1 -11 -39 9 0 -3 -1 4 -1 12 1 0 -2 0 63 0 -71 -4 3 -19 -9 -13 12 23 17 6 2 -3 -3 -27 -5 0 2 3 7 -5 -4 -1 11 -3 -2 -9 -4 2 -3 12 2 1 -4 -1 -9 -2 -43 -3 -3 0 6 -1 0 -7 10 120 -4 -100 -7 2 -1 24 -2 -1 3 12 10 -3 6 -6 -8 -6 -10 -5 -11 -157 -10 2 1 11 9 0 0 -5 0 8 9 4 2 1 -100 -33 -15 112 -11 
4 18 0 1 -1 1 -1 -1 4 -1 -2 3 -3 1 -4 -1 1 -35 74 7 2 20 -2 -3 -28 -1 47 12 19 115 4 -7 -105 -1 -96 4 0 2 12 5 5 -3 -2 131 -99 10 -5 -2 17 21 9 2 4 -4 1 -79 8 165 -4 5 3 -114 2 0 -1 -1 -49 -3 0 0 -7 0 7 -1 -2 0 -16 0 3 -78 1 0 6 1 -8 -6 58 -38 3 7 1 -18 -1 46 -2 -24 26 7 1 7 3 3 -5 10 -4 -1 -2 10 -2 -8 11 130 0 4 -1 -11 -13 25 70 7 0 -8 -6 -12 20 
-3 -6 0 1 -2 106 -1 -3 -2 -2 -1 0 1 2 -3 2 -1 -2 1 -5 -3 1 81 3 11 1 8 -11 -9 5 7 0 -86 79 -12 -2 -1 0 -18 4 4 3 -11 2 -7 3 10 149 -39 5 -68 3 -10 68 -2 -2 3 -153 3 -6 5 6 3 10 5 1 1 4 15 0 6 15 -1 -1 -4 3 -4 -3 -41 16 -1 1 -4 -33 4 1 1 3 165 -5 0 -2 -2 0 -5 -1 -14 16 -1 1 2 -5 1 -1 -4 -1 3 9 -2 -24 0 0 0 -111 2 -5 -10 -2 12 5 -15 0 8 9 -29 
59 -3 0 1 -2 1 -2 2 2 1 1 -5 -2 1 2 -1 4 -2 1 -1 1 3 1 -1 9 3 4 16 1 12 32 18 4 -1 -3 1 1 -29 3 -3 87 1 5 17 13 0 12 9 0 60 1 -10 2 3 8 7 -25 2 -1 -1 -135 -2 3 0 3 0 -9 -14 -86 -10 -47 -23 -5 1 -1 -3 3 -1 -2 0 -12 -18 -1 11 -3 -2 1 6 4 2 154 -3 0 9 -3 12 -98 -20 3 0 -3 9 2 -49 10 0 -2 16 11 0 0 0 30 -1 1 -9 -2 -16 -11 11 0 2 10 -4 0 
6 -120 -1 -1 -10 4 5 -3 2 -1 0 -148 7 -7 0 -4 -130 -1 -63 4 0 3 -116 1 -35 3 1 -14 -5 -6 -2 -17 -1 6 -32 -4 1 -3 3 -1 8 2 13 6 6 7 -13 1 -6 -6 -2 -13 0 -5 -30 -14 3 3 -2 4 -8 -5 83 5 4 -111 -1 6 6 -12 100 7 -63 2 -2 2 -126 -1 0 3 0 1 0 -132 9 77 152 6 3 1 4 -4 -14 0 -3 96 -4 -8 -4 -4 -3 -12 -4 4 -5 -4 6 112 5 19 0 0 2 8 -2 28 -6 0 -14 -10 7 6 93 18 -1 
0 -2 4 0 0 20 0 -2 -108 1 -82 73 -5 0 4 -2 -77 1 0 0 2 2 -1 0 -5 -18 -1 51 0 19 -8 20 14 1 -1 1 -2 -85 -3 -17 -9 6 -26 8 2 12 -9 -2 -3 -3 0 -2 -3 -7 -1 -7 129 7 0 3 -1 -8 2 -2 -11 3 1 5 4 0 0 0 50 3 2 -1 0 0 4 -3 -3 -1 2 -7 -8 -14 -19 0 -3 8 10 18 -3 7 12 -8 4 1 4 1 -3 5 -4 -1 1 3 -79 -2 1 3 5 2 45 -3 -5 8 -4 10 6 55 -4 6 -49 -5 46 
-1 2 -2 2 -4 -106 -46 0 -6 121 -1 -2 1 2 -14 1 4 -1 99 -1 -3 0 -1 1 2 7 1 6 4 -114 -19 4 50 6 -73 30 86 13 -10 -6 6 -6 -6 -1 12 0 -8 -7 -14 -4 0 -5 2 5 3 1 -2 -3 0 -7 -50 3 -5 9 13 -3 -4 -2 6 -5 0 -14 -1 -2 0 -1 -3 41 -2 2 -106 1 -1 -45 -4 1 -7 20 -10 -9 -15 -8 -50 15 32 14 -4 3 21 12 -57 0 -2 0 2 5 -13 -4 139 -1 -8 236 2 -3 1 -63 7 14 -1 -52 85 -5 -1 4 -4 
1 2 -2 3 -1 4 -1 1 -1 0 0 1 5 1 -2 1 -4 1 3 -151 0 -94 -2 -2 3 51 32 25 0 -10 -2 -101 -15 -3 8 -2 -1 6 6 -1 3 -21 -7 -39 7 0 -90 -93 94 0 -66 74 0 -62 4 3 6 2 0 -1 -2 69 12 -12 -9 0 2 1 2 2 -1 4 0 -4 -1 1 0 1 -6 -139 -194 1 -1 3 1 8 40 -3 3 -1 4 3 -1 -63 -11 -1 -8 -1 -12 -12 -11 4 -1 20 0 5 -1 -1 0 -6 0 0 -1 -1 -5 -22 11 9 -3 1 3 -2 -5 -2 3 
-1 -1 -2 13 0 -2 4 4 0 -4 0 2 3 72 0 0 -3 1 2 4 -3 0 -2 1 5 -8 -2 -5 -7 -8 -75 32 -8 -44 -7 1 -3 5 0 27 8 2 -30 -4 -7 -5 7 0 -4 2 3 1 92 1 -5 -34 -4 0 13 5 4 -1 -9 -2 108 -6 -4 -13 -1 6 0 -136 2 -3 -4 86 1 0 -1 -8 1 12 1 7 160 -1 -4 -1 9 3 -6 0 6 -2 -185 10 13 3 4 2 18 7 -11 -23 5 -3 -5 -2 0 -2 -164 1 6 31 2 -9 -15 -31 7 -6 -1 -2 3 0 -3 
39 1 0 -6 0 -4 3 7 6 -3 0 80 -3 -1 1 -1 -5 1 -1 -81 5 -1 -2 93 -83 22 7 9 -4 0 -4 -6 -101 26 9 0 -5 -4 1 4 14 9 -2 -11 1 -28 -5 4 0 3 -3 4 -69 1 1 -4 8 8 -65 -8 7 20 3 1 6 21 7 6 2 0 -2 0 76 -1 -2 0 0 5 -68 -11 1 4 5 12 -5 -2 57 1 7 -1 6 -6 3 121 0 -16 -11 7 4 -10 -7 -1 -39 -7 -2 12 7 0 0 -145 7 -3 2 1 1 -2 2 -84 1 1 -1 -1 1 -18 0 
2 92 -2 23 1 -57 -25 14 3 0 0 1 3 -103 0 -4 87 -1 1 2 0 4 1 25 0 0 84 4 3 6 -1 52 -4 -93 -3 -1 8 2 -7 -9 -6 -15 9 1 -6 -2 1 0 -47 -1 -3 -1 0 0 -1 -1 6 3 -9 4 4 2 -2 12 -9 -19 6 -7 11 17 3 0 -1 1 0 105 98 2 -8 108 -6 5 1 -6 -7 8 0 144 -3 -2 -5 1 1 -5 -1 14 -3 -5 14 2 -4 -3 -17 -3 -4 10 -191 0 4 2 0 1 3 1 6 1 -1 -1 -2 2 -69 -3 -2 -2 3 
6 2 1 -18 -11 2 -1 4 -3 -2 -4 -1 0 0 -4 53 1 1 4 -3 -52 1 1 -6 -150 0 -4 -17 -134 -2 -38 2 -3 11 0 3 -54 0 -1 -2 3 0 -2 -3 8 102 -1 1 34 1 -1 125 9 -2 7 2 -6 -7 5 -6 4 2 -78 0 -14 -17 4 3 -6 -6 -4 0 1 1 3 -25 57 3 1 -3 2 -12 1 -17 1 0 -3 6 -9 0 -2 0 -1 6 49 40 0 5 0 1 8 1 0 1 2 -14 0 0 -4 4 -1 1 -7 -1 2 3 -1 -2 4 -1 4 6 0 -2 3 
-1 -3 32 -9 -4 -4 -1 2 -10 -1 2 0 1 0 2 -3 -4 4 54 7 -3 1 -1 0 -8 -22 16 -7 -5 0 3 -4 -4 8 8 -1 0 2 2 1 -3 -9 -3 2 -9 -3 -106 3 2 3 1 -5 -4 0 -7 -2 -1 7 0 4 -3 4 37 -4 -4 5 10 5 1 -5 12 -3 -84 -3 3 -5 -2 -2 1 -2 4 -1 3 -5 -47 10 -6 3 2 1 -8 0 -60 -1 2 -2 -5 8 -15 3 -2 7 -1 7 0 -11 175 0 -183 0 0 5 -11 -1 -3 0 1 20 24 11 2 -48 0 9 10 
0 -2 8 -9 38 -3 2 -6 1 0 1 0 3 18 2 4 -149 29 2 -1 0 -1 2 95 -5 0 -3 0 2 1 1 -3 -41 32 -1 -1 0 -3 97 -2 3 1 0 -4 2 0 6 2 0 -1 1 2 -2 1 1 -3 -3 0 5 3 5 0 3 7 8 -2 -12 -4 5 2 -4 -18 -1 4 1 1 3 -2 6 4 -11 165 -13 -5 1 -26 12 3 24 1 7 62 -2 2 58 -1 2 5 -3 4 0 -14 3 -1 -16 -20 2 0 2 -230 0 -1 -31 108 -2 -64 0 2 2 -8 -160 7 -30 -17 14 
0 -38 1 3 2 -4 4 9 -8 -11 1 2 13 2 -101 -1 0 -1 -7 -1 -2 -1 -2 1 -4 8 5 2 1 -2 -2 1 -6 -5 2 -4 -3 -2 -5 -2 6 3 3 0 0 -2 0 0 1 -3 -2 1 1 8 6 -2 0 -16 -6 -1 -2 0 0 -4 -3 -105 1 17 4 -2 6 -1 -4 0 0 -19 15 22 202 12 28 157 5 -1 10 3 11 -8 5 -2 -3 -2 37 16 3 1 -111 -1 -6 2 -1 2 -1 0 1 3 3 -2 -2 0 0 0 -171 -7 3 13 1 -4 2 -6 2 -7 -4 7 0 
0 0 -2 -15 -1 -2 -5 1 -4 -1 1 3 7 -5 -1 0 -1 0 4 -4 0 5 3 -3 8 1 0 4 5 -1 -24 1 115 0 2 129 0 59 -1 0 2 4 -6 1 154 1 -3 -1 5 -4 1 -1 1 -1 -2 4 -2 0 -2 -3 -7 67 0 -2 3 -5 1 6 3 -1 -207 1 -3 10 -2 -10 -43 1 -1 -6 4 3 -8 2 21 -3 5 17 2 17 1 1 3 6 -8 -102 -5 152 -15 1 -2 0 -4 -37 1 57 0 15 7 7 -2 -6 -1 -4 0 1 0 1 28 0 -4 -3 -133 -11 -1 
0 1 3 -2 0 118 59 -8 -3 1 5 10 -8 -2 2 -1 0 0 16 7 129 -2 2 0 0 1 1 -7 1 9 -48 4 -2 -12 7 0 1 -1 1 0 2 6 10 3 -1 -2 0 -80 3 -1 5 0 -1 2 -2 0 0 4 2 5 -1 1 2 1 -2 -1 -1 4 1 0 -2 -2 1 -7 6 -1 1 1 5 20 -1 4 -10 -2 -25 -13 -11 -7 -1 15 7 24 0 5 -6 -2 56 -5 0 -4 -1 0 -4 -1 40 -3 -10 58 -80 1 93 -7 -5 0 5 4 0 -152 -11 -1 -1 12 85 -1 1 
3 143 0 1 55 6 6 -1 6 0 -1 -2 3 2 -2 -4 1 4 -6 -3 -1 -1 0 0 1 0 78 0 -1 0 4 -2 6 8 -8 3 -1 2 -1 3 3 -3 18 -2 1 0 167 -2 -4 13 54 2 -1 -3 0 0 -1 1 0 -6 93 -4 1 130 -12 0 -2 0 -2 10 12 -2 0 -3 -2 -21 3 -1 0 -2 0 5 11 -1 50 -3 18 2 1 -34 -34 -3 -8 2 4 2 47 18 29 169 -3 1 -12 13 5 1 -25 6 -1 68 11 -5 1 -9 -3 1 -12 96 7 1 -43 1 2 -5 145 
1 75 2 1 59 -11 2 2 -4 4 -4 -132 4 2 11 -1 22 17 -7 -2 2 0 1 -1 4 -1 0 -5 1 0 1 -2 13 -3 -5 7 -2 0 -3 7 2 89 25 0 -1 0 0 1 2 -2 1 -3 -153 0 5 -1 1 -25 3 1 -5 1 -5 -3 11 0 -3 -1 3 -4 -1 0 117 2 79 1 -8 2 1 -7 8 -20 -2 -4 -6 0 -9 11 3 5 1 -6 0 6 -6 0 -24 -4 2 1 -11 5 -3 -13 0 -1 -1 2 1 -3 -4 -10 38 126 0 1 -12 -1 0 10 -4 -2 4 -2 79 
-1 0 1 1 1 -3 -1 -5 3 3 -2 0 -1 -2 -4 -6 -8 -11 2 -2 -2 1 111 -51 1 1 2 17 2 -1 0 90 11 -3 -8 -9 -2 1 5 -1 -60 -40 57 0 2 -2 -1 0 0 0 0 0 1 -1 1 5 0 -3 0 2 0 -4 4 -21 5 1 0 1 5 -21 -3 2 -1 -8 3 0 16 -1 5 -8 -1 21 -6 11 -7 2 19 -4 7 -9 -3 21 -3 -76 -1 -5 -1 17 4 -8 6 -2 7 0 0 -2 -4 1 12 0 2 3 -4 -1 4 31 -4 -9 -8 13 5 4 -38 -2 0 
1 -3 -3 0 0 -1 4 0 -1 1 4 0 1 7 4 -1 0 1 1 -4 1 -1 6 1 102 -1 1 -1 -1 -7 0 -70 -1 4 6 108 0 -2 3 15 -1 0 39 2 -2 -2 -1 -1 1 1 -2 1 2 0 0 2 54 -2 2 64 1 120 84 3 -4 0 -140 -109 -1 -5 4 0 -2 -17 -9 13 -21 -81 3 1 -3 5 -6 -23 127 7 -1 4 2 -17 13 -3 40 52 -1 14 13 -20 33 1 9 -78 -7 -3 -2 -2 0 4 -6 4 1 -95 1 -5 6 -16 -7 -41 2 75 5 1 -14 71 0 
7 -3 2 -2 1 5 1 -5 1 -105 -5 1 -49 -3 1 1 1 30 63 -2 -2 -103 -4 2 -2 68 0 2 1 -11 0 6 0 1 -2 -1 -3 1 2 4 -88 -2 85 2 0 -3 24 -1 2 1 -3 2 -3 129 0 -2 -1 0 -147 -15 0 0 74 2 -3 -1 0 8 -3 -2 -1 3 -3 7 24 -22 -16 -71 4 0 15 -4 -3 -62 12 1 -12 2 -9 7 24 -4 -10 1 -3 -8 -1 0 10 -1 -17 -9 3 -3 -3 3 -156 -17 -1 9 -2 0 40 1 -1 44 -3 3 -1 -5 17 11 74 2 1 
0 1 0 1 2 0 0 2 -1 -33 1 56 0 -6 -51 3 -5 109 -1 4 0 2 -2 -1 -2 1 -39 7 0 -7 -1 -2 -1 -51 -2 7 39 -1 100 -8 -4 26 -8 3 32 1 1 71 -1 -2 -79 2 2 2 0 1 0 2 5 1 0 2 0 3 5 1 -1 -1 2 3 0 21 -6 -77 -14 -5 14 -15 -4 8 0 -20 -2 -8 -4 -129 95 -1 3 -161 -3 -2 -3 73 18 6 0 8 -5 42 -6 24 8 -6 0 9 1 1 0 -1 -177 0 1 35 3 1 -4 5 1 -4 -4 -3 2 -1 2 
2 -5 0 1 2 -1 1 2 -1 32 4 -2 0 2 0 2 -8 4 3 -101 11 6 134 -1 1 -3 -10 58 4 6 1 2 2 34 1 80 1 2 0 6 -1 -7 0 -1 -106 0 0 1 2 -4 2 -3 2 2 1 -3 0 -8 -9 -2 0 1 -7 34 2 8 0 -4 -7 -5 200 -17 8 -13 1 201 -9 -3 161 16 -5 8 0 2 -10 8 -5 3 20 3 7 -41 6 5 -7 9 5 -126 4 2 -4 -3 0 -1 -2 2 9 1 2 29 1 -1 -3 3 -5 2 -91 8 -3 6 0 4 2 -1 -1 
118 -17 1 -2 5 -1 2 0 -19 9 -114 3 -1 -2 1 -1 1 -1 -2 -2 1 -3 -2 -3 -8 -3 3 12 -1 -1 -2 -54 2 -123 1 77 1 1 -22 -12 -1 -3 -1 -11 -1 0 -4 0 -1 3 2 4 -3 1 0 1 70 2 -123 -39 1 2 -1 6 -1 0 108 5 0 153 5 -9 18 14 -1 -1 -2 -3 9 -119 -9 100 5 -9 -16 151 5 5 10 5 1 -60 0 -2 -4 0 -19 -8 -9 -7 -2 0 -2 -5 0 -12 -2 -2 0 -3 2 -1 0 5 -1 6 27 7 1 1 0 4 3 1 3 
0 -2 4 -1 -2 0 0 1 3 2 1 -2 -2 -2 1 1 0 -1 -1 4 0 3 0 -1 1 -5 -4 1 78 -3 -1 -2 -2 6 3 5 -93 -12 -6 -1 1 0 -4 2 -2 -5 -1 0 -4 5 -6 -2 -2 3 15 5 1 52 1 -5 1 -7 0 1 -1 2 0 0 -1 2 -2 119 -11 -5 0 0 -96 -1 -10 -3 9 5 10 40 98 5 4 -2 -2 -5 -26 5 -8 5 18 -2 -1 2 2 -8 5 10 -105 -2 4 -7 -137 -5 2 -1 1 0 0 -4 1 46 -1 3 -1 -2 1 -2 -2 1 1 
-2 -2 -5 -72 2 -1 -2 -89 5 1 0 2 93 -2 0 -49 -54 -4 -4 121 -3 1 -1 -1 0 1 -3 2 -6 -4 2 1 -2 3 -1 0 -4 0 0 3 1 1 1 1 -3 3 3 3 2 0 -1 5 2 1 -1 2 2 0 0 0 122 -4 -5 0 3 1 -3 -3 1 27 -123 -1 -3 11 1 -1 0 -2 -3 -2 -9 2 -2 -2 32 -5 1 0 1 -189 3 20 -5 0 2 3 -8 1 0 -20 -17 13 -3 1 3 -9 11 -109 0 -5 -41 0 -2 -3 -1 -4 -157 2 2 0 -3 0 -6 96 3 
-2 1 -42 0 3 3 2 1 -2 0 -1 3 1 -1 1 -77 1 -1 3 4 -4 0 1 -3 4 -3 -6 2 4 -117 7 -2 4 -1 -1 -4 0 4 2 -1 -1 -2 -3 -4 -2 0 91 0 -1 77 1 -4 -2 -10 -82 -1 3 100 12 -1 0 2 1 -73 -1 -3 3 1 -1 0 6 1 -2 -1 1 2 -4 139 5 14 -3 -2 0 -90 -4 6 4 2 -1 2 199 -5 -7 -41 -2 -84 9 3 10 0 15 -6 11 1 -5 -105 -4 -4 3 0 -3 0 1 -4 2 -2 -30 -8 0 -122 -2 -1 156 0 -7 
11 0 104 -4 12 72 1 5 1 1 -1 -1 -2 4 -3 4 -4 0 -3 -8 0 -1 -1 -3 123 -2 -3 0 0 -3 6 -1 1 -1 1 68 2 0 -36 -1 2 2 3 0 -2 -5 -2 84 3 -5 2 -1 -2 -1 -2 -85 -3 1 2 -1 -15 1 -71 6 42 1 1 1 2 1 2 0 70 -2 80 2 -2 -2 -81 128 -1 -2 1 88 1 73 -2 44 3 0 2 7 -3 4 0 62 21 1 -167 -2 1 -64 -3 4 0 3 -3 173 -4 14 0 0 1 -6 -4 -5 4 -66 3 -3 0 2 2 -1 -61 
-117 -1 0 79 -14 -7 -6 4 27 6 0 43 4 7 0 10 -1 -3 -3 1 13 -1 2 -1 -2 -1 3 3 81 -7 4 3 74 -13 -4 -7 -2 38 -1 -5 -3 2 0 4 -7 2 2 6 -4 -1 4 -107 73 103 3 1 -1 -2 77 -1 5 -9 -58 -1 1 0 1 -2 -1 3 0 0 -2 1 0 -1 4 -2 2 -4 0 -2 -1 4 0 -6 3 4 35 45 33 24 -9 6 -2 -35 15 -16 -1 -12 4 -1 -4 0 -89 6 -5 0 -6 -66 -2 -2 -1 -1 -2 0 0 1 -1 0 -4 0 -1 3 82 
3 -82 1 -76 -3 -2 0 20 -4 -1 -3 -39 -1 -176 6 -20 -2 -3 -61 -11 -14 -1 -2 -4 -95 1 -67 2 1 3 7 -8 -4 -15 -2 88 118 1 0 2 -1 1 -1 -2 5 0 3 5 -7 5 -16 3 3 3 -5 -3 1 -1 -2 1 3 -2 0 1 -2 2 -2 -1 -1 73 -1 0 2 0 -3 -3 2 -1 -2 143 2 4 -1 2 -12 -20 -15 -10 -4 -21 -22 -40 0 -2 2 3 -2 -1 -3 -5 0 -2 -128 -116 65 5 0 0 -2 1 -29 -1 -51 -5 1 1 64 1 -1 -1 1 -2 6 31 -72 
-72 0 -28 -38 15 -1 6 1 0 4 1 4 1 -1 8 2 -3 -3 -8 183 -40 -8 -16 5 3 2 1 1 -5 -4 102 18 -15 4 7 3 5 71 0 -3 -2 -3 -51 0 0 2 1 2 -61 2 106 0 2 0 -2 -1 -1 3 0 -1 2 92 -3 45 1 -83 1 0 0 1 -110 0 -1 -4 61 -3 -1 -36 4 0 5 -4 3 -1 46 -1 -1 -7 143 -3 -1 -3 1 -3 -1 1 -5 -73 -99 6 0 -1 0 1 3 -19 3 1 0 -37 -1 -1 7 -1 0 2 -4 -4 0 5 -1 -1 3 -146 5 
