2 -1 -3 -1 -3 -5 1 -4 -1 0 -4 108 -4 -22 0 -1 -6 0 10 6 -3 -1 2 0 9 1 0 9 -2 78 -3 -2 97 4 0 -1 0 -73 -9 32 -60 -19 1 1 27 -1 -15 3 -5 0 -2 5 3 3 12 0 -50 17 -29 1 21 -22 1 -11 1 -2 52 -1 -1 1 7 -7 18 -35 -30 0 7 -2 2 2 1 7 61 -3 1 1 38 -7 -11 7 171 -2 -159 9 -2 -2 4 2 0 -3 -2 3 -1 1 -10 -75 -107 -109 2 3 6 -107 -6 2 0 2 3 65 7 -3 1 13 -2 -11 1 
3 9 3 2 -7 -22 -13 69 -125 -3 1 3 -4 20 -6 -10 29 1 0 -11 -50 4 -3 -1 9 -6 -2 6 116 -5 -5 0 -1 6 -4 2 5 -1 11 -4 1 -13 3 2 24 -5 -17 0 -2 1 0 15 21 0 128 -15 136 3 -56 0 4 -5 -10 4 3 41 17 0 102 -16 -14 -27 18 2 -9 -10 0 -1 0 -4 23 4 1 -100 17 1 -23 -3 46 -9 -6 -14 0 -123 1 4 -1 4 0 -1 -14 3 -3 1 7 0 2 0 13 -22 -5 -78 -5 9 3 11 5 -1 -1 -27 -22 6 4 5 -2 
-1 4 -3 -10 -15 -1 29 -32 2 5 -5 0 5 -28 -2 -7 -1 6 6 10 2 3 0 0 -1 -1 -5 6 5 -5 12 -14 8 0 5 -8 -5 -84 2 2 9 -105 -3 -7 28 -21 -9 0 -6 -1 1 15 3 24 -12 1 3 7 -57 -39 0 -70 2 11 17 2 0 -7 -16 1 -4 1 -6 148 -8 3 -1 -6 -39 -2 -4 -1 2 0 -4 -1 -18 8 -52 -15 23 -12 139 -4 176 32 -7 0 -2 4 3 2 -11 -1 15 1 -6 -11 5 8 64 -9 2 -3 -3 2 -2 6 -16 20 -2 1 -4 -1 -1 
-8 -2 -37 -5 -12 43 -4 3 -43 0 0 71 4 14 -4 -14 0 3 -5 100 -21 -2 -2 0 10 3 -21 -3 3 -13 6 0 39 -1 -4 -1 76 0 -1 141 55 -12 -8 -1 -14 -19 -1 -1 -4 0 -1 81 -3 -95 11 10 185 -1 -67 -64 31 44 0 19 4 16 -9 5 2 6 -10 1 1 -7 8 10 -4 4 3 4 -3 0 135 -42 2 7 7 -34 63 1 -16 5 174 -1 -2 -170 -2 0 2 3 1 0 7 2 -30 -4 0 1 -135 -3 -64 9 -1 1 -11 0 -3 54 -75 83 0 1 2 1 0 
-1 -5 2 15 21 87 -21 -3 7 20 -15 2 4 -20 -53 6 -14 7 -3 -2 5 -3 7 27 -9 -1 -16 5 1 0 -3 -5 -13 -27 -1 1 -2 -2 -1 6 1 -32 0 2 22 42 2 -12 -15 -12 3 62 5 -10 0 37 -4 38 16 44 20 16 0 25 3 0 -24 -1 4 -1 -3 -1 6 0 -24 -4 1 161 -3 3 -3 -2 2 0 -2 35 28 43 -15 -11 1 10 -2 2 0 3 -11 -27 1 1 -6 -1 13 -8 -3 -3 0 1 -3 7 -10 6 1 -7 5 -4 18 -4 -2 -5 -4 -1 10 -7 -4 
5 8 -12 -8 -5 -2 0 -83 -80 5 97 -2 -8 -8 -5 4 -26 -3 7 17 -1 5 0 -2 1 115 7 -2 -7 -5 6 46 134 8 2 -72 -5 4 1 1 -102 -19 2 3 32 6 1 22 -6 0 -2 7 2 6 7 40 -6 13 103 29 6 28 7 -10 5 1 190 37 10 -3 10 2 6 17 -11 -3 -13 8 0 10 1 17 34 6 -170 0 -4 -12 1 -58 -10 14 -1 -1 177 -1 -4 0 1 -1 3 2 -2 55 3 -2 -3 -4 0 -3 18 8 -12 16 -65 4 0 88 -2 -5 -71 16 0 182 -3 
-4 -2 2 -4 161 1 -111 0 4 -15 -4 -4 -7 0 0 5 -3 58 1 -3 12 1 -88 -9 -3 1 -56 19 -3 -2 -66 -28 10 -23 -2 3 2 -3 -4 -5 -20 61 -94 -4 9 -19 10 -3 4 -73 9 4 -56 8 -113 30 -12 3 -2 -20 11 15 -82 14 -1 23 48 9 18 4 3 -9 -26 -26 -6 -28 -4 1 11 0 -50 4 -3 -82 -1 4 -2 -6 -11 -69 -3 1 -8 -1 -1 2 -1 0 4 -2 60 1 2 5 51 0 184 -9 5 0 20 2 -13 69 5 -1 -1 2 -2 2 3 63 -52 13 30 
-2 2 -3 4 5 2 -3 -1 1 3 -37 2 -6 16 -104 11 -1 -24 2 1 17 -22 -5 -3 -3 -2 15 6 1 -1 0 -1 17 2 4 3 45 -1 1 -6 -3 -1 -3 40 4 -5 1 -6 0 -5 -7 5 -10 0 4 4 -34 -127 -12 43 1 -16 25 11 45 31 -4 -9 -7 -10 -5 3 -116 -4 -7 8 44 -38 -6 5 -3 101 6 -8 -24 -16 -2 6 -23 6 -21 5 -8 -4 0 3 1 -1 1 0 3 -6 -5 -2 3 4 1 -3 -3 -3 -3 -1 -13 -4 1 1 -4 -1 30 -2 -79 24 -24 16 24 
-2 3 71 -6 124 -4 0 -180 1 137 -2 2 -1 46 32 -12 -28 23 5 -7 75 -6 4 26 -8 1 3 6 0 0 8 0 -2 1 -70 2 3 -3 0 0 31 0 2 155 2 1 1 0 -2 5 74 -3 -5 -4 -4 4 9 -83 -45 68 20 -31 79 -138 -91 -25 -1 0 -1 18 0 -4 29 12 -4 12 0 2 -16 -17 -16 -26 -19 -2 54 -7 21 9 -9 28 -29 1 40 0 -2 -1 1 6 7 -8 -3 -9 1 53 9 0 -20 29 -5 3 -6 -21 0 2 -5 -8 5 -22 12 25 25 2 -24 29 -4 
217 0 -4 -4 -1 1 83 -5 4 0 2 3 -2 167 -1 -6 -75 -106 -38 29 -12 5 -20 -6 1 -15 5 -23 -1 2 48 -1 4 11 -24 2 5 4 3 2 -6 76 14 -10 -2 -3 -1 0 7 3 -2 -1 1 -142 -4 7 -2 -1 -1 29 27 13 -11 1 2 -17 -4 47 16 -11 -2 1 -3 16 7 -4 -2 -17 -17 -36 -4 -2 38 17 -20 -76 -4 18 9 5 -55 0 -4 -2 3 1 5 0 3 2 -5 15 176 -5 5 5 0 -9 -1 -96 -8 0 0 3 31 12 -3 2 36 19 26 4 18 -17 9 
4 -1 -4 1 0 -1 -2 -3 0 1 -2 -6 -7 6 5 5 11 -10 -55 2 -1 -3 -2 0 118 6 1 -2 -3 -11 2 17 -5 -1 -1 -2 14 21 5 3 -7 10 -4 1 -5 -1 155 -6 -1 1 2 7 2 15 -3 -19 15 93 187 31 1 15 -17 -20 20 -77 -5 3 7 4 -13 2 7 -12 -6 -16 8 102 101 -1 -7 22 35 10 0 -4 -73 -1 2 1 -2 -5 3 -23 7 2 -3 -166 3 -3 22 -1 6 -51 -6 52 -6 1 12 28 -5 -6 -18 -3 -13 -2 -125 -4 4 20 36 -93 1 7 4 
-3 -8 156 -1 2 -106 0 1 -1 -6 67 -6 -4 1 1 3 201 -80 8 -5 -16 0 8 -12 16 0 17 22 13 -70 -1 7 -9 0 6 18 2 3 -6 -23 118 15 -6 11 -7 1 -1 -1 -3 1 0 -2 -3 8 -4 -5 -146 -5 8 30 -12 -7 35 -1 15 -43 -7 10 4 -12 1 -9 4 1 -3 93 -5 2 3 15 -20 -2 -11 -1 -3 11 -8 21 -2 42 0 1 -1 6 2 -1 2 -3 4 39 -82 -13 -14 91 -4 1 13 58 5 2 1 2 1 25 20 -5 -18 -17 165 -124 -52 -34 -6 10 10 
4 0 1 0 5 3 -2 1 -12 170 28 -1 2 180 1 -1 100 45 -1 -84 -30 8 9 10 4 -2 -55 43 0 -7 -47 -15 -14 6 -6 74 35 -3 -4 -17 12 -8 139 6 3 -4 0 -2 -2 -1 -3 1 -1 18 98 6 4 -33 -1 32 -43 -40 8 -3 -14 -6 -2 -1 1 1 -1 5 4 -3 -2 -1 -2 -4 -2 1 0 -5 -5 -3 -3 4 0 26 5 0 5 0 -6 4 -1 2 3 7 14 4 89 -2 6 -8 -1 -2 8 7 15 -63 -14 47 3 5 -12 18 -1 -12 -4 107 -13 -36 -10 30 -4 
2 2 -3 -5 -149 4 1 0 4 1 4 -1 3 -2 -6 1 -4 10 -47 4 0 -2 4 3 2 1 10 7 -4 2 -1 -2 2 -1 -2 3 -1 -1 -2 6 9 2 -1 1 4 1 -37 -7 -10 -1 2 5 1 19 2 -5 -5 12 -5 20 4 -24 36 -2 0 -3 0 -4 4 1 4 -36 -1 -3 -11 2 86 6 203 5 -3 3 -3 -5 2 -2 5 4 1 3 2 3 -115 0 -4 1 1 4 8 -10 10 3 -56 -20 -1 -1 -8 -1 5 -8 -26 4 37 -6 -181 -2 4 -16 -19 -39 -10 6 3 4 -6 
-3 -2 -4 -2 1 3 -2 73 179 1 1 70 2 4 -2 -5 0 1 13 -10 -7 5 -118 -1 110 -1 4 -10 9 7 1 1 -2 0 -1 2 -3 5 3 -134 2 -2 -114 -1 12 -5 -13 0 5 -2 2 10 14 10 -18 11 -4 3 10 6 -17 21 0 -27 6 45 -3 13 -3 16 4 -6 -6 9 1 -5 -41 3 -2 0 0 5 -4 4 -1 -3 -54 1 0 -2 -2 160 2 -1 -2 1 -14 -20 -3 173 -153 0 5 -4 -3 6 2 18 69 17 6 9 -59 -6 0 0 2 12 17 5 -5 -1 4 -19 28 
-4 5 -2 -6 -5 5 -2 131 3 46 -5 4 -9 -5 -211 -4 0 -2 2 3 2 -1 -5 5 1 -4 0 3 -4 1 -1 0 -3 -3 0 -2 -2 -1 2 -2 -82 66 1 -31 10 -159 7 -7 10 21 18 10 -5 1 0 -168 -115 -2 12 9 10 -88 -13 -10 14 -4 -1 48 -6 0 -4 -96 16 2 85 -5 7 7 9 178 -4 -1 1 3 -2 5 -2 -2 -4 1 2 -2 -56 6 0 6 113 3 -4 2 1 -6 -7 -1 23 -4 24 -5 4 2 58 22 -4 -4 45 -15 -2 87 8 185 -81 2 -16 -3 0 
-4 -7 110 -4 1 0 1 0 -127 4 0 3 -8 -91 2 -6 3 3 -4 3 -2 -1 1 0 0 -2 0 1 -105 -3 4 -2 -1 4 -3 8 -5 1 -1 -7 -1 -14 0 -109 15 -12 -16 17 -26 -2 7 4 -78 14 22 2 22 -13 -84 0 -4 6 7 -8 -3 -1 -4 160 4 -3 4 -1 -9 15 3 -6 -6 8 197 1 0 1 0 4 -1 -27 6 0 1 1 1 -2 -4 81 -37 71 -82 0 -1 15 -25 9 -31 -6 11 -110 5 36 6 29 17 2 3 -24 76 76 0 -2 -2 4 -27 30 -9 6 -1 
4 3 -1 1 1 8 2 -2 4 0 -12 5 -147 127 -1 -2 -3 -2 0 -1 0 -6 -1 -5 88 -11 -10 -2 2 -2 6 98 7 -1 -1 -11 0 -13 -2 -8 2 4 5 4 9 -1 -15 -5 0 3 -5 1 -2 -4 3 3 2 30 1 -3 0 4 -3 8 14 -171 1 -1 -1 1 9 -22 -18 -4 0 2 -3 -1 4 -2 0 0 1 -28 1 0 -4 -29 -54 0 -2 2 1 0 2 2 -1 6 -11 8 2 0 -3 -14 8 -6 75 -156 -14 -56 -29 53 -15 72 -6 -15 132 0 0 0 0 4 0 4 -1 
0 -2 0 4 0 1 7 -1 0 0 -3 1 6 4 0 4 83 -18 -1 29 15 -32 -5 -11 -8 -126 -21 -4 -2 1 36 -2 4 3 3 0 3 11 -3 -5 1 -1 -1 -14 5 1 1 1 -4 -6 3 -1 -2 3 2 12 7 -2 157 1 -15 -4 -85 -6 0 6 12 0 1 -67 0 -1 2 2 8 6 0 11 4 -34 2 26 4 0 163 5 103 2 -2 1 -4 22 -3 1 1 -1 0 43 -1 -25 -7 -16 -6 -1 -121 -21 -1 -2 -2 1 -4 1 -3 3 -1 4 3 1 -5 -2 -4 4 0 -1 2 
0 -1 -2 1 -10 4 120 2 -30 6 3 -2 7 4 -3 -60 -3 1 4 -5 47 6 67 -8 3 4 -41 3 3 -3 2 -1 4 -53 -3 7 12 -3 5 11 3 1 134 63 -6 -7 -1 1 -1 -2 6 -4 -3 -136 3 2 -3 2 0 10 -2 -159 0 -6 -46 -3 116 0 1 5 -4 -10 60 -3 -1 10 -159 -16 4 -32 -1 1 -56 4 29 4 -8 -2 5 1 0 8 -1 0 -100 0 -121 2 1 2 0 4 1 3 0 -3 -3 1 8 2 18 -36 1 -78 0 4 0 59 1 3 0 -61 -9 -3 -2 
-9 1 117 81 0 -3 4 12 -3 -6 22 -21 -7 86 74 -30 -5 -7 -2 57 -77 2 -3 0 2 -164 -9 -2 9 11 6 -1 -6 8 -5 -161 7 -31 -20 -45 -4 3 -7 11 3 0 -5 8 5 -3 -3 1 2 -5 -2 7 -8 -5 16 -143 0 1 4 8 -7 -1 5 -4 4 0 0 -22 -3 2 5 7 1 -16 2 -10 -91 0 1 4 1 -3 -1 1 -9 -4 -20 -1 -1 0 0 -2 3 1 3 136 121 -43 0 1 -3 9 -13 -3 -3 3 4 -3 -21 -3 3 -1 13 -7 16 1 40 106 127 -7 -9 
-3 -26 -1 -5 -89 -1 3 1 -4 23 -26 13 -2 -78 6 7 -1 9 5 -2 2 -7 -181 -137 -11 1 0 1 2 -4 -4 -119 0 1 7 3 0 94 4 2 3 4 -123 0 -119 1 4 0 -2 -3 2 8 1 -1 -6 5 -2 9 -22 -3 -2 0 37 1 0 3 -3 -18 -135 -5 0 11 7 -8 4 0 -12 6 2 13 7 -2 13 2 -18 -1 3 -86 -4 -42 0 -2 0 -71 1 0 -4 -81 3 0 -50 8 -3 4 5 -154 -3 8 11 -18 -3 -1 19 -16 -5 1 -1 5 2 0 -1 0 -6 6 40 
-5 32 -5 2 -73 -9 9 0 -8 2 -5 0 4 -3 -10 -7 0 8 -2 4 -57 -21 -5 160 22 2 1 -4 11 -5 -17 -1 2 0 8 -6 -1 -104 -2 -1 4 -1 2 3 -11 -4 9 -2 19 -2 -1 -1 25 9 7 -9 -3 -6 -5 -2 -1 -2 3 1 -4 3 2 39 98 10 -4 30 -6 -56 2 -3 -120 -4 -53 42 7 -98 13 -4 -9 -8 -11 3 -5 1 -4 -1 -28 -2 -54 0 -3 3 -1 2 -15 -1 3 -6 -1 -12 -4 18 4 -6 -5 11 15 4 -1 -3 -1 1 0 2 -1 1 -2 0 -1 
-4 75 -4 91 141 6 11 -4 -56 -3 -2 0 36 -2 5 64 -6 17 -135 2 4 -3 11 3 -23 1 12 6 0 -21 11 13 28 15 94 -22 -10 1 -36 -37 5 -29 16 -6 5 -81 -2 29 3 -1 2 50 4 0 92 -1 1 1 1 -1 1 -2 3 -2 -2 0 1 -1 2 31 -2 18 -14 -4 -2 11 22 14 -2 35 -7 -34 1 -17 59 -3 2 -8 -8 7 -4 1 1 6 -24 0 -5 -3 -2 7 -8 0 0 -4 6 55 4 -1 2 1 -5 -3 5 -20 18 -1 -1 -2 0 1 1 115 -1 -3 0 
1 12 -7 8 -4 -2 -10 -1 20 3 10 1 -5 -1 -2 10 -8 11 -5 4 -127 -69 8 15 7 0 7 39 -9 27 -15 13 -3 0 0 -10 -8 0 -2 1 0 -3 20 0 11 -4 0 1 -2 0 -2 2 -1 1 0 -4 1 2 1 -20 2 1 -6 3 1 1 -2 -1 -2 14 1 10 -19 7 -2 122 3 -6 -1 28 -5 -127 -3 -3 16 1 1 0 -1 -2 -3 0 -2 2 -55 19 -22 0 17 12 34 -22 -48 23 -8 -11 0 -2 5 -1 3 1 -89 1 -2 1 0 93 7 -7 -1 -167 0 1 -98 
-6 6 8 -2 94 0 1 9 12 -2 23 10 0 -4 4 8 -31 4 -9 1 -3 -7 11 2 -89 72 29 -4 0 1 -2 -20 -87 0 -57 2 -1 2 0 0 -16 -45 -9 2 -8 -5 -7 12 0 -1 1 9 -8 -34 1 0 2 1 -26 0 0 0 2 -60 -1 0 0 2 25 18 -12 5 -25 -4 0 2 -3 -5 -3 -9 0 0 80 -1 9 -16 2 -10 1 -142 0 -5 0 0 2 47 0 146 -1 0 1 1 -105 -1 1 -2 1 -2 -2 -3 1 -1 0 4 2 0 -1 0 -4 1 2 12 2 -3 1 
0 -1 -56 20 7 -156 -1 4 -1 3 2 22 -28 -1 -4 14 9 -26 -10 1 81 5 25 12 -11 5 134 1 10 65 -13 -57 132 -4 -1 0 -3 -2 -1 -102 -26 -32 -2 0 -5 22 -5 80 -1 127 4 -34 -5 0 0 -116 -221 -3 0 2 3 4 -4 2 1 0 -4 1 0 21 -24 -1 13 -5 1 -4 2 -1 -2 -1 -4 -8 -3 1 -3 -26 39 -3 0 4 -1 -1 92 3 5 -2 -3 5 -4 1 -8 -6 -24 -1 1 0 1 -93 25 5 0 -1 -1 19 9 -4 -2 0 21 -2 95 -1 1 17 -76 
0 -1 -11 33 41 -4 0 1 3 -6 6 2 -13 -9 -8 -3 22 50 21 9 -13 -1 16 -6 -10 -3 17 -5 3 -2 -3 0 4 3 -1 -2 2 0 1 2 7 9 -13 -2 -2 0 2 -2 -1 2 -1 1 1 1 1 14 0 3 -1 -137 93 -2 1 32 0 0 0 3 -3 -2 -156 -3 51 -11 1 4 1 -3 5 5 9 7 4 6 -55 -19 -4 2 -8 -2 -1 124 -12 1 1 2 -1 3 -18 32 -2 4 -7 -57 64 -10 0 2 1 1 1 -68 -36 1 -3 0 0 -2 1 -3 -10 0 6 -96 -20 
-4 -5 4 10 -48 -38 -2 -5 7 2 0 7 -4 -2 -10 1 5 -3 -1 1 -5 4 -1 -3 22 -19 1 -4 -2 5 1 -59 3 -2 -4 2 5 0 -3 -6 0 -6 -6 -5 0 -5 -1 3 6 -1 -4 -1 -1 2 2 -97 1 4 50 -1 0 1 0 0 -3 1 1 2 0 1 13 -3 29 -14 68 6 13 1 -1 1 1 -2 3 -1 -2 -97 -121 11 9 0 -1 0 -1 -98 2 -4 2 1 -19 13 0 -1 2 4 1 48 14 -6 37 74 -3 -2 -5 -5 -1 6 -7 -18 89 -6 2 -2 6 -3 -9 
-9 0 -94 2 6 -6 2 5 -10 -2 -4 3 0 16 2 -13 29 14 -8 -126 -3 -102 1 -1 -5 -6 3 -1 7 1 0 2 3 -3 -10 2 -124 6 0 1 5 0 -8 0 0 0 0 0 -6 3 2 4 -6 3 71 8 2 5 11 -4 0 -48 -3 -2 3 1 1 -1 0 0 17 -10 7 -40 -3 -106 -3 2 2 -13 -5 20 24 -3 -2 18 -11 4 4 -9 0 3 3 -15 131 -2 4 -5 -2 19 -9 47 4 -2 0 2 -1 3 4 -9 1 -5 2 1 -65 -45 -1 -20 17 3 4 0 19 4 -7 
18 -13 2 -9 -6 7 -4 2 -1 -2 2 -1 0 -1 5 12 9 23 15 31 4 -86 107 -4 3 1 4 -3 -1 3 110 -4 1 3 -7 0 0 40 9 16 -1 2 0 -32 0 0 -213 0 5 -2 3 9 13 10 -6 0 0 0 9 -21 0 2 -2 39 89 2 -1 -11 -110 0 4 -23 2 -35 2 1 -5 1 7 -17 8 -48 62 -39 -11 -83 -9 0 -4 -8 1 1 -1 2 41 71 -3 1 2 -1 7 -1 -7 -1 -11 -11 -7 1 6 -3 0 1 1 1 -1 5 16 3 0 -2 -5 1 6 11 1 
4 9 31 -125 16 0 -1 -1 -109 3 2 0 1 -9 -2 -23 6 -8 0 0 3 84 0 -2 0 0 0 18 -4 5 -11 0 0 0 0 0 0 0 -11 183 -121 -6 0 -4 -4 0 0 0 6 0 148 -12 -88 0 0 0 0 -220 -196 11 -1 4 -5 -3 0 0 2 3 -2 1 4 -6 -2 9 -3 -7 38 -1 -17 17 1 12 -41 -5 -1 1 -14 -10 66 20 1 103 90 17 0 -1 -4 -4 0 -2 -3 -1 80 3 0 -6 4 27 -11 -2 2 -2 -6 3 -44 0 -32 -1 -6 -98 -145 -1 -2 30 -9 
9 -13 3 -18 0 -15 -1 0 4 2 0 -2 -4 -4 -2 4 1 39 4 4 2 1 2 -3 2 -5 5 -11 -221 0 0 0 0 0 0 0 -238 0 0 0 2 -3 6 6 -3 -2 1 3 -1 0 0 0 0 205 0 0 0 7 16 -13 -4 0 -2 -1 2 -1 0 1 1 -3 0 15 -2 40 -4 -6 1 -8 -5 10 -6 46 -11 1 1 -1 -18 6 15 3 -6 1 18 -14 -81 -27 -4 -1 43 -2 -3 -2 -2 2 -1 -1 -2 -1 97 -7 -1 4 5 5 -84 63 -13 3 -8 36 -6 -6 10 -36 -3 
116 -14 0 12 -4 23 -2 1 -2 1 4 4 0 3 -7 -96 0 110 0 -1 -4 2 -32 6 -6 -63 -2 1 4 0 0 -102 0 0 0 0 0 0 0 0 0 0 222 2 -1 0 -3 2 -5 -2 0 0 0 7 0 0 5 12 -3 65 -22 -1 1 1 0 1 -1 -1 -2 1 -1 8 -16 30 -19 -1 -63 2 7 8 -28 24 -4 -2 2 -1 -1 10 -62 11 9 3 1 -5 0 8 -3 -71 0 -1 -2 30 0 0 -2 -1 3 36 0 -4 8 -1 -4 -2 -19 -7 -18 3 -28 -2 2 0 0 5 27 
-27 9 -2 8 -8 -57 1 11 1 2 -1 3 0 0 -3 0 -1 4 83 31 135 -13 16 1 -4 0 12 -1 5 164 0 0 0 0 0 0 0 0 117 0 0 0 156 3 -1 -1 0 -3 100 1 2 -172 -3 -23 2 -4 -11 9 -10 3 1 -1 75 1 -1 -2 1 1 -2 0 -95 5 -31 190 -20 2 0 -1 13 3 -2 -113 -6 19 -22 -5 1 -3 2 0 1 67 1 0 1 -5 -9 -2 -21 1 -2 37 0 -2 -1 -2 3 -2 0 -112 1 -4 -1 0 -12 -9 -3 -1 -17 -1 -1 -2 2 60 28 
-11 1 -38 6 -1 -4 1 -132 -4 1 -5 -5 -2 -30 2 -3 15 -1 5 12 1 1 -4 6 -2 -6 -5 -10 4 0 0 0 0 0 0 0 0 -251 0 0 22 167 -2 56 3 -39 3 5 1 -11 0 -2 -189 5 -3 -20 -6 2 -64 0 1 -1 -3 1 -2 -7 1 -1 -68 -1 2 5 4 5 -46 -111 2 -2 51 84 -23 -1 -2 -2 3 84 0 1 109 1 0 4 -6 69 4 -5 0 5 67 102 5 2 4 0 -4 2 5 7 -6 -4 -4 -4 3 -2 -12 2 -22 8 2 -17 2 21 -2 -2 -13 
3 -2 -104 -28 0 0 0 11 5 18 -1 -2 112 0 3 3 11 2 0 1 17 -1 -4 -2 2 5 0 0 0 0 0 0 0 0 0 0 0 0 0 0 0 41 6 1 -2 -8 146 -91 -1 -1 9 -5 -3 3 -1 -126 -1 2 0 1 -2 1 -1 0 4 -2 3 4 5 -3 -4 -96 17 34 -47 -3 -2 -3 3 25 -1 -3 -85 0 -35 -14 -15 2 20 -1 -31 22 5 -62 3 3 45 -18 -11 -4 7 -1 -24 67 10 69 3 22 4 101 -13 -3 8 -129 21 10 -6 31 18 -6 3 9 1 22 15 
1 -42 -73 -1 2 -1 -2 59 0 4 -6 -14 22 3 -22 161 -191 -4 5 -22 1 11 0 0 0 22 209 0 0 0 0 0 0 0 0 0 111 0 0 0 110 0 1 14 -8 -76 0 170 8 -2 -111 5 2 -1 1 4 -1 1 7 -12 -7 -3 2 -5 -29 -10 66 4 -14 14 -4 4 0 -1 -2 2 -86 2 -4 4 91 29 39 -3 14 109 -23 -5 27 9 -22 5 1 1 27 2 11 16 -12 -2 4 14 3 11 -4 81 11 6 -16 36 4 3 -1 0 -1 20 0 12 11 -6 -3 -5 12 71 32 
-1 -1 -53 3 1 4 1 2 -10 -2 0 0 1 -4 17 -1 1 2 1 137 1 2 -229 0 0 0 -136 0 0 0 0 0 0 0 0 0 0 0 7 -15 6 -13 -30 -170 -4 -1 0 -11 -1 -7 -3 0 1 0 -3 -15 -10 0 37 -24 -7 2 -2 -2 9 84 8 8 -1 0 57 -2 -1 -8 1 -8 8 -4 14 20 -19 -15 4 2 25 18 -33 -2 21 -2 5 11 -16 4 14 11 -26 -1 0 0 41 10 186 51 -42 -126 1 5 2 0 8 0 5 -4 3 10 11 -7 -87 -7 -2 8 1 28 13 
-1 -3 27 3 3 2 0 6 22 -3 -4 -2 -7 -5 -5 -17 -2 -2 3 1 1 -9 -1 0 0 0 -6 1 0 0 0 0 -244 0 0 0 0 0 4 -7 -7 2 -204 9 -5 3 -3 2 -1 0 -1 -146 2 4 -1 9 2 -7 -8 0 -8 0 8 -4 7 1 24 -103 -2 -4 2 -98 2 -8 3 10 -23 10 2 15 2 1 3 -90 -15 -51 -9 -2 16 -2 -8 11 -27 1 1 71 -19 -16 -3 -4 -2 4 27 -21 7 -1 3 -2 -11 -4 -38 2 2 2 0 2 -2 2 5 5 4 79 -14 13 8 
-2 1 1 -91 0 -4 8 -1 10 -4 0 -15 1 -1 1 6 -1 3 -2 -3 -1 -5 0 0 3 103 240 4 -6 0 0 0 0 3 3 0 1 -1 -1 -5 -3 4 -22 11 14 1 3 -1 5 28 -8 1 -128 0 -1 20 -9 -7 6 -1 -5 0 -4 -44 2 17 -3 0 0 1 8 3 -3 -33 1 -82 3 -6 7 1 9 8 -2 -9 -10 -2 -1 2 -1 12 -44 17 -53 -1 21 -6 -5 -26 -2 0 -7 -5 10 -41 25 0 2 7 16 -85 125 -3 1 0 -11 0 0 -2 5 -2 -50 -5 0 150 76 
27 -1 -5 3 -8 162 -8 3 -1 2 2 1 5 3 -1 0 0 0 -1 -5 -97 0 36 0 0 0 0 2 -3 -1 0 4 4 -109 -17 0 0 -3 13 -6 0 -5 -4 88 2 -5 0 2 3 -4 -4 -4 -6 -2 -6 -1 3 94 2 0 38 -4 1 3 -12 -27 3 -1 -2 1 15 -1 -5 45 17 -11 -18 -28 16 -5 91 5 -3 -3 -10 -2 2 0 -5 16 -33 -4 0 -2 -4 16 -20 -12 -7 -2 10 -7 -13 16 75 2 9 -6 -1 -4 4 -1 5 -11 3 -13 13 -5 0 3 9 -5 -11 2 3 
9 -11 -4 -30 6 0 -4 1 2 -3 8 5 149 0 0 4 -1 -3 1 0 52 0 0 0 -126 0 0 10 8 -3 3 11 -2 0 4 9 7 4 0 -3 2 -1 -1 0 97 0 -4 -1 -3 2 -7 -2 -2 1 3 -9 -4 8 -3 -24 -2 -3 -6 15 13 24 -89 -5 -16 -5 0 -127 -1 -4 -1 -3 26 28 16 7 -8 3 7 -29 6 -1 -4 6 -36 16 2 4 -1 1 -19 -12 1 -1 106 1 14 0 -11 -78 -15 -3 -106 -23 -11 5 13 -2 6 8 -4 22 1 10 -11 -10 2 -1 -5 0 0 
12 -142 2 -3 0 1 -2 0 3 2 -6 0 7 -8 47 0 0 0 0 0 244 -5 2 0 0 0 -43 0 -14 -4 -7 126 -6 -11 -37 24 86 2 2 0 4 105 1 -1 2 0 1 -6 -12 -4 -20 3 -4 8 -18 9 -18 14 -22 0 -2 1 -6 9 31 123 -5 5 -8 -22 -28 -8 3 0 -21 -5 1 -3 -3 7 -1 4 11 -6 66 -4 10 -12 75 7 -154 2 -3 13 33 -4 -1 4 0 0 4 2 1 1 -10 2 22 -7 -172 13 -8 2 0 -20 -186 5 4 -157 3 -1 13 2 -2 -3 52 
-10 -4 3 0 -206 5 0 87 0 0 6 53 217 -8 0 0 -70 0 5 126 0 0 0 0 4 0 41 -149 30 1 9 0 3 -2 -2 1 0 3 0 -4 9 15 -39 -1 0 11 170 -14 3 -17 -8 -24 0 -2 0 99 -2 6 -98 -2 -1 -1 1 -17 13 -7 26 7 5 79 -25 10 -1 1 2 -6 -2 59 -1 -2 -27 -2 -6 2 -103 0 34 -17 -45 -77 -1 -2 -2 1 1 -111 -4 2 0 0 3 3 2 -3 -2 -4 18 -19 -49 5 -32 -98 9 9 22 3 19 -4 -4 1 4 -1 4 4 -1 
7 0 0 0 0 0 0 0 0 0 0 0 0 0 0 5 161 0 -10 185 -2 -2 1 -9 0 -1 1 -8 1 33 1 1 -3 -2 -16 3 -89 -4 6 -12 -3 4 -2 -59 3 3 -5 6 39 1 -15 38 7 8 0 -21 -5 9 1 -1 2 -78 1 -16 -19 -7 -2 -8 -9 -22 -16 10 -2 20 10 -4 3 -20 -2 1 8 -17 -2 -75 -6 80 0 1 -1 4 1 -2 -82 4 -17 -5 -4 -5 -1 2 -1 -4 -17 -9 0 3 129 -30 -64 -62 -74 0 24 30 44 1 0 3 -25 10 -8 1 -1 -3 -4 
0 0 0 0 0 0 0 0 0 0 0 0 -34 3 4 -4 -10 -8 1 -54 16 -7 -16 1 -4 -1 2 11 28 -4 -5 0 3 0 9 -149 -64 4 -1 3 0 -161 14 32 -8 -151 9 -23 -6 -11 5 6 6 6 -7 -25 -16 -10 -3 0 -5 0 12 10 2 -2 22 -27 -93 -4 -41 22 26 -3 2 2 59 14 -1 -3 51 88 6 0 -65 -38 -5 -8 34 2 3 -67 -2 3 16 -3 0 1 111 -13 -1 -1 -5 13 -6 4 -5 34 -34 33 -19 -2 8 5 1 -16 -4 -4 -1 1 -7 -3 -47 6 3 
0 0 39 0 0 0 0 0 206 0 13 8 9 -1 2 -79 0 3 -11 5 9 13 9 -3 10 -23 5 -19 97 -2 2 -2 100 -123 -146 1 10 -1 -10 -17 -3 -5 -1 -5 0 -2 2 -24 1 -2 69 9 38 130 -2 -6 12 4 -12 2 -2 26 -134 6 -27 -179 35 7 -4 -3 11 4 6 2 -5 1 13 -3 -92 6 -17 5 -1 32 -31 -2 0 -7 -14 1 -7 5 5 -12 3 1 8 -1 1 -15 -60 -17 -2 -13 0 -1 0 6 -12 7 -7 4 16 -1 -13 8 79 -8 6 -27 2 3 -3 67 5 
0 0 0 0 0 0 2 28 -4 -3 -23 -1 8 -2 10 -1 -2 2 8 -1 -14 0 -23 2 -22 10 -1 -2 -102 1 40 -50 54 -4 -78 1 20 -87 -102 5 -4 2 -104 -5 -14 0 -5 1 -5 1 -3 -3 0 -7 -5 5 -19 3 -13 23 -4 0 -7 -99 -28 2 37 -15 2 -39 0 -20 3 1 45 1 0 3 0 114 3 -4 -8 6 -7 -4 1 -2 -25 2 -2 -1 -6 5 -20 -6 0 3 4 -23 42 -9 2 -1 122 -4 -6 -5 112 -12 -6 -1 -13 16 7 8 -55 -43 -39 -12 -5 3 -1 -5 55 
-3 0 1 217 2 10 5 -11 -9 -4 0 -3 4 -1 7 6 -5 -16 -49 -3 -2 -3 -2 9 11 4 0 5 0 1 10 2 -1 -12 6 0 -3 4 106 -2 -1 5 -6 3 -97 -6 2 63 -34 2 53 -28 117 2 -5 15 -7 -9 -8 0 2 2 -3 -3 -12 0 23 0 -4 5 16 7 -91 -12 -28 0 11 16 -27 -12 3 -7 4 15 -5 -4 -3 2 134 34 10 8 -4 -7 -3 -12 7 0 4 -2 6 2 2 3 -1 0 4 2 -1 -15 -4 -4 10 34 -2 2 -2 -96 46 -49 -9 0 -2 -2 5 
-2 -5 2 7 7 22 0 3 1 -3 0 0 -4 4 8 -12 0 5 -1 -122 -7 -8 7 4 43 2 6 5 9 -1 0 -5 0 -99 49 -29 -10 16 -3 -5 0 -10 -10 -110 2 -2 8 -1 -4 1 -18 7 -1 -16 -4 8 63 13 -9 -2 -13 -1 -3 27 -4 3 -31 -9 1 -1 14 -11 -1 20 185 14 -65 25 -5 31 38 -1 -4 23 -6 -8 22 -9 -27 5 -25 -2 -2 -9 -22 -18 15 1 7 -5 8 6 -4 -11 -98 11 14 2 -32 2 -2 9 14 5 7 -2 6 0 6 2 0 -2 1 -2 -8 
-14 2 -1 3 18 -16 12 0 0 9 15 2 4 10 -3 6 0 0 -7 -1 6 0 -12 -9 -137 3 4 3 5 0 1 7 0 -3 4 -3 -13 25 0 -22 -9 7 9 5 128 -2 -4 0 -3 -7 -3 -22 15 -1 -1 -1 -16 3 -4 7 -9 9 -15 7 -2 8 -41 -2 -7 -134 10 134 0 5 -8 30 7 68 -33 -6 -135 -12 -26 3 100 -3 0 -34 5 -13 -6 3 8 30 -2 -4 1 -3 1 10 5 -16 29 4 4 120 -79 0 9 122 -2 34 -2 6 -4 3 -2 -2 150 -73 -59 1 1 -3 -8 
-9 -2 0 -123 -5 88 -12 8 0 -9 4 56 -3 -118 10 7 93 -6 -13 17 -71 9 4 7 7 -3 2 0 0 -14 8 -195 -24 -100 17 -2 -3 19 3 -25 -15 9 -6 12 12 -2 -1 -10 -58 1 -3 2 13 9 13 9 -2 7 -1 0 5 -9 0 16 -104 1 3 2 -2 -8 114 -30 222 -2 -161 7 -66 19 4 -132 -20 -11 5 -160 0 -3 2 -19 11 28 5 -15 -2 12 -3 11 10 -6 -1 1 -2 -9 -7 3 -127 -4 -17 32 1 0 54 39 -5 -23 -8 -6 3 -8 -7 -17 5 0 -53 9 -2 
6 -22 4 -133 -11 -5 -2 -4 -5 -2 -14 -3 -87 -5 3 118 2 8 6 3 -4 -1 6 -1 -4 0 -16 -10 13 1 -5 1 -16 -4 12 -12 4 34 -2 12 -138 -5 -3 -3 -6 3 -28 15 -3 1 -7 -17 105 -2 6 13 1 -11 0 0 5 19 -2 -9 -1 18 11 -4 1 -40 4 -30 -1 -13 -18 0 10 -19 -13 -5 -3 -21 -3 -24 0 -1 2 -10 21 -4 -160 -7 0 9 19 -3 55 -3 -4 5 -1 -12 -14 -1 2 -5 -2 -17 11 5 1 33 46 -47 -2 -3 8 -1 6 8 2 3 -3 -15 -50 
-4 11 8 10 13 9 -1 2 7 6 -8 4 83 5 -35 -1 8 5 8 1 -43 6 -94 -52 5 -4 8 5 6 -2 0 -12 -8 17 32 -33 13 -50 -18 -2 0 1 1 2 17 -1 3 12 -4 -4 2 -37 -14 -3 -11 23 1 -1 5 0 1 37 5 -35 -2 18 1 -1 2 -30 -31 -7 6 -11 -3 0 -2 -2 1 3 3 -11 3 0 -2 0 28 -6 58 -10 2 5 10 -3 12 8 7 -2 5 1 -70 8 -5 -2 13 52 -122 15 7 -7 -2 -29 -1 -1 -113 -92 -1 -1 23 -120 0 0 -85 -139 4 
5 5 1 -21 22 2 -64 -9 4 -111 -1 -6 -2 -2 -1 2 -1 -30 -4 127 8 3 -7 3 23 2 115 -1 4 -2 7 -6 -10 24 8 2 15 -8 -19 -2 -67 2 -4 2 3 -21 -9 5 -4 100 2 4 -12 11 2 -11 12 -1 -15 -101 46 51 -7 -13 -2 28 31 -4 11 27 15 64 15 -54 -5 -6 9 3 0 -1 -3 2 49 -2 -2 2 24 0 37 -24 -4 9 -19 -13 0 -64 1 -3 -2 1 4 -1 -3 1 26 3 28 18 4 -1 -3 -9 18 6 -3 6 0 -23 17 -124 5 4 -1 -59 0 
-1 -3 -8 89 2 44 -5 6 2 3 -10 6 -7 3 1 -3 -5 -27 8 -55 27 -96 3 4 -13 -1 -4 -1 -144 -2 220 8 -1 6 -6 4 -2 -5 12 13 1 -14 12 -1 1 -4 17 -17 2 10 -3 -4 -9 -114 -1 -72 4 0 1 0 8 -7 8 -8 5 -1 -18 -6 -8 21 -5 0 35 -7 0 4 -36 -203 16 11 -7 5 -8 -4 2 1 15 18 -17 29 2 0 -84 -1 -16 9 -4 2 -4 10 1 -28 -92 3 -1 2 0 -3 2 -6 2 -6 27 1 -8 -3 -6 7 -5 -2 -1 -3 10 0 -31 
-4 -6 75 -5 12 18 -4 -6 3 -13 3 87 14 -72 0 0 33 1 -4 -125 -4 -2 28 -29 2 5 -12 6 42 0 -9 6 2 -7 -5 4 167 -15 -9 -2 -10 2 18 -15 -10 4 21 -1 5 -29 -2 -1 -10 -72 6 -4 23 -2 147 -3 22 -70 2 -22 13 -38 5 -3 16 26 -26 1 54 -26 0 0 44 -2 1 105 -5 18 -31 2 1 1 -33 3 -44 21 -22 2 7 5 -5 11 -5 2 1 4 -1 0 1 3 0 8 -1 1 2 -105 23 7 -33 -5 -5 -25 3 -5 0 2 22 -5 -1 36 3 
-6 0 -1 -3 -13 -7 34 -5 23 -2 -1 -6 3 -52 1 5 70 13 119 -21 111 23 -16 -231 -2 0 -8 -7 -6 0 0 -2 -2 5 -201 -8 32 18 6 1 0 8 -18 0 -42 -5 8 0 16 -37 2 8 -4 -1 3 -6 -8 1 1 3 -149 2 139 0 109 -58 0 5 18 46 -25 0 51 -18 -1 3 -31 3 15 10 15 -151 -55 -1 0 2 -17 7 -9 -18 11 -1 24 7 -16 18 -2 0 0 -2 2 3 -4 0 -5 2 -3 83 0 -111 5 17 65 2 4 -2 6 -7 -3 -1 -2 1 15 0 9 
0 -1 1 1 -29 -3 13 4 -6 39 1 1 8 -1 -1 1 0 -5 0 3 11 -24 8 0 136 -13 -4 0 0 0 0 0 6 -235 -5 -7 4 170 0 -2 -5 -13 -3 -3 -1 1 -21 3 6 -8 1 -2 -7 -2 2 32 12 -130 3 -2 4 -6 -30 -224 11 -11 116 -11 2 51 -18 4 -130 -17 1 4 113 -1 -2 -7 -27 8 -114 -3 60 3 -7 25 22 93 0 12 -19 26 6 0 94 3 25 9 -1 -6 3 -48 -4 -3 0 6 -3 2 -5 27 3 3 -2 0 16 -13 1 0 24 13 -15 -1 8 
-1 -6 6 -1 3 -2 8 11 55 4 -2 -1 1 -113 -5 -4 0 1 0 -1 13 -2 0 91 153 13 -8 0 0 0 0 0 0 3 6 9 1 1 0 -2 2 -6 -1 -10 49 -3 -1 -2 11 7 -125 -2 3 2 7 7 -56 1 -1 4 2 32 4 -3 -155 -1 -2 -51 0 0 -3 2 -16 3 0 7 8 1 1 -3 2 1 0 2 1 34 -1 35 -1 -5 3 -2 8 16 2 -10 -3 -3 -1 7 -8 -10 -1 0 -4 49 4 0 0 5 1 112 6 8 -1 -4 0 -2 -1 0 2 2 -1 -151 -30 
1 12 -11 4 2 0 1 1 33 -2 0 0 2 -4 -2 4 -3 -3 5 -4 2 0 9 103 0 1 -4 0 0 0 0 157 0 0 5 8 -1 3 1 -26 -8 3 19 -7 -2 143 0 1 5 18 22 -1 6 -8 -4 -1 2 -2 1 3 -6 23 6 -16 -2 -5 3 -28 219 2 0 14 -58 -3 -2 0 -1 -2 -2 1 2 -2 -1 -2 4 98 -1 23 67 1 2 3 -27 -37 5 -2 -2 0 2 1 2 -8 -2 8 0 0 -1 -1 0 1 98 4 -5 3 -2 4 -3 4 1 -2 -2 2 8 0 -1 
2 -1 3 -9 4 -106 -5 -1 -3 -3 -3 -142 0 0 2 -7 -2 -34 21 -8 -10 0 0 0 0 0 0 0 208 0 0 0 0 0 -2 1 6 10 -4 29 31 -7 46 145 -6 4 1 1 1 0 -2 0 -3 -3 38 -1 -89 3 1 -1 -12 6 34 45 0 0 21 -9 0 0 -1 0 1 -139 7 -12 11 5 11 0 -2 0 -2 1 1 5 -1 -133 48 1 37 19 -11 -35 6 -2 0 -2 -4 -3 -36 -7 -1 3 -3 3 1 -6 1 -3 -11 0 0 6 3 -64 -6 -6 2 -1 0 1 -11 -10 17 
-1 18 1 3 6 10 -6 -14 2 1 0 -2 -2 -1 4 5 -2 15 2 -119 0 0 0 0 0 0 3 3 0 0 0 0 0 0 9 -2 0 9 -165 -152 5 4 131 -26 -3 -2 1 108 54 -1 -2 -3 4 2 -2 -1 -132 -1 1 4 -19 -35 1 0 1 5 1 5 1 -104 -69 0 36 -2 2 -1 0 -1 -3 0 184 9 -5 -76 19 -30 -1 10 -1 0 -2 8 -91 60 5 -3 -8 -2 4 111 -6 -1 10 -123 1 2 0 -1 0 8 -4 5 12 -7 -1 0 -161 -17 42 -4 -2 -1 -3 0 -6 
-2 0 90 -82 -4 5 5 6 -4 1 -132 10 2 0 0 -10 93 0 -5 -161 -10 146 0 0 0 0 0 0 8 -1 0 0 6 -230 0 0 6 -4 -1 6 -2 -4 -4 -11 7 -5 2 -1 -4 1 1 58 -1 0 1 2 4 1 -116 11 -10 -21 -5 2 0 0 -3 2 -5 1 1 2 -3 -6 3 -2 -3 -192 -194 4 1 -3 -2 0 11 -15 83 -8 -4 1 0 16 -1 -7 7 -5 15 -3 2 3 -112 4 -1 2 4 -4 0 97 -79 27 -14 -21 -12 -1 -9 8 14 -4 -1 -2 -10 -8 -4 -1 7 
-6 0 -4 2 -93 0 6 -4 -1 0 -1 -44 10 -16 -3 2 -11 6 -4 44 -5 -210 -10 219 0 -141 0 0 3 75 7 0 0 0 0 0 3 -1 2 1 16 19 202 3 -5 -4 -1 7 12 -12 -2 3 0 -3 -3 14 -10 -3 -9 21 9 -2 -3 -91 2 5 1 -2 -3 4 -5 9 -2 -1 -3 -1 -1 0 1 -2 -129 -4 0 -1 -3 -7 6 -1 7 2 -9 -7 -5 0 -6 0 30 14 -6 33 0 -25 -11 -8 -4 6 -1 -1 -4 4 124 8 9 -13 0 1 -14 128 101 26 16 150 -3 -7 0 
-6 -3 5 1 3 0 -1 -4 3 0 -4 4 4 -5 3 16 57 5 -4 12 10 18 -12 0 1 0 0 0 -229 4 7 4 -6 0 0 2 -8 0 -4 4 -3 -3 -181 -6 -3 5 -1 -7 -3 -221 -1 3 2 -171 3 -15 -4 9 -14 23 34 6 3 2 118 -12 -41 -3 1 -2 7 -2 4 3 -2 8 33 -21 -1 0 0 -4 0 -2 3 -1 1 0 -2 3 121 0 -4 0 2 3 5 2 -6 -6 0 116 9 -7 -3 -8 -4 7 79 -1 23 9 6 -9 3 -16 -2 -2 -32 45 20 -5 -1 2 -7 
0 7 -9 1 -2 2 1 1 -1 -2 2 2 2 -1 -3 -4 0 -89 6 -3 -16 20 201 0 0 0 0 0 0 153 4 4 -15 1 -2 -2 -5 -4 -3 -6 0 4 -3 -2 0 8 -4 128 1 -3 0 0 175 0 5 2 4 0 2 -3 28 18 1 2 9 0 0 -7 -104 -3 2 96 64 1 -3 10 -4 -45 1 -34 -5 3 41 -7 -5 0 0 1 -3 4 1 3 0 2 5 0 3 4 -4 4 107 4 6 6 -14 -2 4 0 12 -8 31 1 2 -14 8 -1 4 -1 -31 41 4 -7 -1 0 -4 
4 -148 -2 13 3 -2 -2 -3 -3 9 29 0 -17 7 -92 5 130 -1 -5 15 102 -4 -21 0 0 0 0 -4 3 -1 -35 -6 0 -18 4 -1 -6 5 -4 1 0 107 0 5 -2 -2 -9 1 -1 4 -1 0 0 0 0 0 59 -34 -3 -55 14 0 7 0 -2 2 2 3 -3 1 -1 -49 3 1 22 -13 -4 2 0 0 1 2 -14 -75 4 -11 -1 4 -2 1 0 0 -10 -5 4 1 1 -1 -5 0 0 0 -71 -1 -3 -3 5 -6 1 6 50 -1 3 -1 0 1 4 -9 23 19 -16 -8 8 10 1 
-9 18 11 -3 1 1 5 -6 86 -4 0 9 -4 -5 9 5 -5 3 5 9 8 1 -7 0 0 0 0 199 2 94 6 1 9 -14 -1 -2 3 3 1 -6 -2 0 -3 1 240 2 0 0 0 0 0 0 0 -55 0 0 0 120 -174 -12 -34 2 0 -5 -2 -1 -1 0 3 0 -1 1 2 4 5 -13 -5 -2 -1 -23 -32 1 -1 -30 -6 -3 -1 12 -48 -49 5 -2 -9 -87 -8 0 93 -7 -6 1 -1 -1 0 1 3 2 -3 0 -1 7 -29 -2 6 -3 1 -71 -41 1 19 3 -11 -7 0 5 2 
11 -12 -16 151 2 0 5 -4 110 70 1 -1 -1 1 -2 -3 2 -8 2 -1 -31 63 0 -9 0 0 0 0 0 6 -2 2 -4 -30 -3 0 1 0 114 93 1 77 -1 4 179 -3 0 0 0 -2 0 0 0 0 0 0 0 9 -140 22 -10 -61 0 -1 -2 -3 2 1 0 8 -2 2 4 -2 2 -2 -1 -1 -4 1 0 39 0 7 0 0 3 -1 5 4 11 -6 6 8 0 -6 0 0 4 -1 -9 -7 2 -104 -68 8 4 -7 80 5 -12 0 3 10 3 4 -14 31 4 -16 6 -5 3 38 -27 
83 -6 4 0 0 -101 0 -16 9 -4 3 71 7 90 -10 -1 1 -5 -72 -2 4 1 8 -2 0 0 0 0 -214 16 -79 55 -7 1 0 -4 0 62 -1 0 0 2 -1 -1 2 -2 1 5 2 0 0 65 0 0 0 0 0 1 37 1 24 -3 -16 -1 -3 1 -82 80 53 1 -3 81 -3 -93 2 4 10 3 1 -3 1 -1 1 2 -2 -3 -1 1 2 0 -3 11 1 -10 -2 -6 -2 -7 12 2 2 3 -4 5 -21 12 11 -106 1 -1 -156 -1 9 -6 65 53 0 24 1 24 -3 -21 -3 -7 -70 
18 0 0 -4 2 0 7 37 6 14 -1 1 1 2 2 -120 -1 2 -1 -62 1 -53 -85 8 -8 0 0 0 0 0 -2 -12 -197 -1 -2 -6 2 4 0 -4 2 1 3 -5 -3 -11 25 -4 -8 223 -1 0 0 0 0 0 2 -9 5 -1 -11 -1 0 -5 -119 3 -12 -20 0 -5 1 2 -7 0 -3 0 0 -4 -4 -40 1 -100 -3 -4 1 2 3 0 1 1 0 0 -25 -4 26 -2 5 -4 1 2 3 5 -1 -136 -10 -4 -5 -4 -4 9 -17 1 15 -3 27 -13 7 5 -1 16 -17 2 0 85 -1 
1 -5 -1 -114 4 3 46 34 -44 -10 -2 -84 -1 -1 0 9 -4 -4 3 0 86 -98 9 2 24 -5 0 0 0 0 55 0 8 1 -23 33 1 0 119 221 -99 0 0 0 0 2 236 -3 3 0 -169 0 0 0 0 9 10 6 -5 -1 5 -3 -1 -149 -1 14 1 -2 0 -9 -6 -1 -8 2 1 -1 9 -3 1 -7 5 5 2 16 2 -4 -1 19 2 11 -1 0 -26 1 1 95 -1 -1 -3 0 3 3 4 40 1 -18 -8 -4 -7 18 -83 17 -9 2 -25 -1 3 -13 -1 8 -2 13 101 2 -10 
-1 0 2 3 4 45 42 11 -8 -6 10 -3 -27 6 1 0 20 -24 -1 -3 0 0 0 10 8 8 3 0 0 0 0 0 -39 3 -3 5 0 199 0 4 -5 0 -6 2 -216 0 3 -1 1 31 -2 -2 -1 -123 3 0 -11 3 1 2 1 86 3 0 -1 8 3 -3 0 137 4 8 -85 -11 -64 -5 20 15 0 3 -8 -9 -3 -4 -5 -1 82 85 -2 -11 -65 4 3 -96 -146 3 3 83 2 -10 -90 0 -1 10 -7 1 10 0 0 7 97 20 -23 1 5 4 4 -4 5 -13 0 -4 -6 7 -4 
0 3 0 8 75 53 -42 21 0 35 -35 -74 5 -75 1 2 -1 118 -3 1 1 3 -4 -1 19 -3 -98 126 0 0 0 0 6 0 -4 3 27 0 0 0 7 118 -4 -4 0 0 1 1 107 6 -3 -7 -1 4 3 -6 -33 2 1 -1 -2 -1 2 2 0 153 3 0 -72 -3 -1 0 5 3 2 -2 -3 -6 -13 -7 102 -38 16 1 12 -6 -1 -3 3 -1 -2 10 1 4 7 -1 -1 1 -2 3 3 -1 5 -3 -3 0 3 0 4 1 0 -45 1 -5 3 5 3 -1 4 -13 11 -9 2 15 -3 
3 1 6 3 -12 0 -54 21 72 -30 0 0 -36 5 -1 -1 2 -3 2 4 -3 -2 67 -3 -3 18 9 -1 1 0 0 0 0 -1 -2 4 4 5 -2 0 1 -215 0 3 -4 36 -1 6 4 0 -1 2 -7 5 1 1 0 2 4 -11 1 -4 25 3 -2 2 3 4 1 11 -1 -5 210 -3 1 0 2 0 0 -194 -10 6 -14 -16 -5 -11 19 9 16 -18 3 2 27 15 15 146 -9 9 0 -3 -1 -5 0 1 2 -1 -72 1 8 -8 -10 4 1 -40 5 0 1 1 9 2 -4 4 13 2 2 
13 -2 14 -81 0 1 -1 74 -188 0 0 0 0 -7 8 0 3 2 60 0 -1 -1 -1 0 0 -2 9 -37 -13 -1 223 0 6 1 0 2 -1 -3 5 3 -89 2 -2 145 0 9 1 -4 -2 -2 2 56 -4 0 3 33 2 -2 -4 -157 0 0 1 -4 0 -1 -1 4 7 44 -2 0 -209 5 -1 -2 -8 0 3 0 168 -9 -2 32 2 4 152 9 11 5 18 2 -21 10 -15 58 -2 0 -10 -4 -52 -10 1 3 0 142 -5 0 13 -30 3 -12 4 -148 -3 -1 0 -6 2 -1 -3 -4 9 -10 0 
4 -1 -9 4 0 -5 45 -4 -14 1 0 0 17 24 4 9 -9 115 -1 0 1 -4 -6 0 -78 -1 -2 11 5 -68 -18 0 -10 -3 1 5 -1 0 -2 1 -136 -2 -26 0 0 -118 5 -1 0 2 0 -1 9 20 -1 0 1 -5 0 -2 -4 -1 -1 -183 4 2 -6 -2 -4 -36 103 -8 -3 147 -1 -1 -2 -88 2 0 -78 -6 -1 4 17 -22 31 -6 5 1 8 8 60 16 88 -1 1 -30 2 -14 -5 -4 -6 -3 35 -6 -4 1 16 -11 -9 -35 -2 3 -107 103 4 4 3 -5 2 83 -3 -3 -5 
-6 22 0 89 -11 1 69 -71 0 0 -48 -91 -13 -4 2 141 -3 1 -1 -2 1 -3 2 -2 -4 7 1 0 10 -6 0 -38 1 17 -10 -1 -8 1 2 1 -1 8 -2 1 -186 5 -2 -6 0 7 -1 -3 -40 0 0 2 1 -2 2 2 -2 -1 2 0 1 -3 255 -5 4 -2 0 2 -4 3 0 -2 1 -1 1 3 65 202 9 -2 -103 13 -21 15 13 0 3 30 -10 -5 0 -6 -59 -24 5 0 -21 -3 -1 -16 -8 1 6 -2 26 0 -16 -22 -2 1 -7 0 4 -1 -1 7 93 9 -16 49 -9 
13 -6 26 -136 0 1 40 -11 0 0 56 10 14 50 0 72 -6 -21 3 1 -53 1 -2 -2 56 1 1 -3 1 0 2 6 0 -1 -3 -1 0 3 73 3 -5 -2 2 0 1 2 4 1 -3 6 -2 1 -5 1 1 -1 -96 4 4 0 -3 2 -1 -1 4 4 -195 -3 -1 0 0 2 -1 0 2 -4 -2 5 214 218 0 -3 5 -1 5 4 27 19 -37 -5 6 34 1 82 -8 -5 -10 1 -3 0 1 -2 -2 -30 -11 5 7 9 7 -8 12 1 1 0 1 -6 5 111 -1 -4 1 61 -1 5 9 
-18 25 -27 -89 1 -8 9 -80 -1 -78 -16 1 -8 -17 0 0 50 -3 -12 3 1 0 -2 1 -2 0 -3 -1 -1 0 -20 -4 1 -4 -18 2 -1 2 1 -4 0 -1 1 -2 2 0 14 10 2 -8 1 101 -1 5 -4 0 -3 -17 -1 0 -3 -3 0 0 0 62 -3 2 -3 7 4 0 1 0 2 4 2 -1 5 0 233 8 -3 0 2 -75 9 15 44 4 1 3 6 0 -3 3 1 -1 -5 -2 8 72 2 -1 3 0 -4 10 2 -7 4 -1 -4 -2 3 -3 -64 2 -116 2 -3 18 4 15 0 
29 -28 3 -17 1 1 0 16 -29 6 13 -44 0 11 -6 0 0 -32 2 -18 1 1 2 7 0 -2 1 -1 2 3 0 3 2 0 -29 33 2 0 92 -45 27 3 -31 0 -3 1 2 -6 1 4 4 -3 1 0 1 1 -213 -4 1 -16 3 1 5 2 -2 223 -4 3 2 2 4 1 -1 236 2 1 1 1 2 -3 30 0 -2 -2 -2 17 -1 2 8 -9 -8 12 0 -9 2 2 0 -6 -10 5 -6 -3 6 -5 -4 0 -2 24 -10 9 95 4 -4 -5 -1 0 0 66 3 -7 -5 -53 13 12 -4 
-3 -2 5 1 3 -1 4 0 36 -2 131 -10 0 0 227 0 10 0 -2 1 -15 -3 -1 12 6 -20 3 2 -59 -30 1 -2 2 -6 -32 2 4 -18 1 2 -17 0 -3 5 2 -8 0 -2 -3 -221 -3 0 0 0 -3 5 0 0 -2 6 -2 -3 2 -2 2 -2 -3 0 -227 -1 4 -1 7 -1 -2 -12 0 0 3 1 -3 -233 -2 0 2 11 0 0 0 20 8 -2 9 7 -1 -4 3 1 0 4 -7 -5 3 -2 -2 -5 12 -12 4 5 -6 -9 3 6 0 -2 1 5 -1 -1 9 -16 -54 12 82 
2 2 -91 -1 0 -3 1 -1 -3 14 -121 -5 -8 0 17 -18 -4 15 -40 -62 4 -9 -35 -1 -1 3 16 2 0 2 0 0 -23 -11 6 5 -4 4 -2 -1 -6 -92 -2 1 3 -1 -3 4 1 -2 3 -10 1 -4 4 -1 -83 2 -2 2 0 0 201 2 -3 0 246 -2 1 0 -3 190 2 -2 4 210 -2 0 84 0 5 -4 2 39 -80 15 0 0 9 4 9 -3 -5 -1 10 0 -2 0 1 2 -2 -3 104 -11 9 -1 13 17 10 -8 -9 -9 130 -6 -1 -1 -1 45 -2 -21 -1 47 1 3 0 
70 -4 1 -4 4 1 -3 0 -27 6 144 -19 3 -20 -25 1 26 -15 -3 0 -64 2 -2 1 -1 -1 6 -8 0 -1 -2 4 -1 -3 15 6 30 12 0 0 -5 3 0 0 3 3 -2 -5 3 0 -6 -3 -1 -1 7 2 -6 -2 -44 1 -211 0 0 1 2 0 0 0 4 0 0 2 -79 0 -3 0 0 0 1 4 -2 1 2 -1 -68 -1 0 2 5 44 0 0 0 0 0 8 35 -13 -55 -2 1 9 0 3 11 -12 1 36 23 -12 -55 5 36 -25 -10 -1 6 1 -2 -2 -14 -5 4 1 2 
0 2 0 1 1 0 -2 -1 -1 0 9 74 36 -13 1 36 -34 5 172 11 14 -9 -83 109 3 0 2 -1 1 -58 0 0 0 -2 4 -3 4 3 5 3 4 -11 -1 -4 0 -3 -2 1 0 6 -7 4 0 -2 -6 0 2 9 1 5 -2 0 2 0 -2 0 1 -78 -4 -40 -4 7 158 2 4 -15 -2 6 -2 0 -2 -5 1 3 0 0 112 0 0 0 -13 237 223 0 -197 228 0 0 3 2 71 0 14 -2 68 1 0 -68 19 -15 26 2 -5 8 -1 -13 2 -6 -9 1 1 -4 -3 8 3 
1 -1 -2 0 1 0 -1 3 1 -38 0 -6 -1 9 61 0 -18 -8 -2 1 191 9 -24 -6 -6 4 -73 33 -21 4 0 2 2 0 -55 0 -87 1 97 0 -3 -16 29 -16 -3 -1 84 7 4 -5 12 8 -10 -83 -4 -3 -5 5 110 0 0 0 0 0 -3 -3 -13 0 0 2 1 -1 -2 -4 48 5 4 8 24 -2 -4 -1 -1 -3 2 -2 1 -1 -68 3 3 -96 0 208 -3 -235 0 0 0 104 0 3 -199 0 1 -14 10 -11 -2 -6 0 0 0 3 -2 0 -81 -6 -2 -9 -2 1 11 -12 -1 
2 1 0 0 1 2 -14 1 -2 0 25 -2 -4 14 0 46 -75 1 -6 15 10 109 19 -18 1 1 -3 2 -70 49 -2 -2 0 3 -1 1 -2 1 3 16 0 -10 2 30 -2 6 -5 4 0 4 2 -6 -7 -3 1 145 1 10 -201 -4 0 0 11 -6 6 -5 -9 0 0 0 206 -12 3 -120 7 -9 2 1 1 -10 0 -3 2 -1 0 -5 1 1 2 3 0 0 -136 0 0 0 0 0 0 0 -11 -2 7 -10 -4 1 11 26 -14 -8 0 0 0 0 -7 -14 1 -17 -7 -5 -3 6 -16 -17 13 
2 -1 -2 -36 3 -1 3 0 5 109 25 1 0 10 -64 26 20 0 7 6 27 0 0 -43 2 -9 14 0 2 -2 -11 2 3 8 -6 -10 0 1 0 0 7 13 -4 4 0 6 4 -13 -24 -5 5 -78 -30 0 6 1 -2 -3 15 -12 0 208 -17 -9 30 0 -13 0 0 56 0 -43 -17 -2 1 3 -3 -9 5 1 -2 -6 1 0 2 -4 0 -1 0 0 0 0 6 0 0 0 0 0 0 -42 -2 0 10 20 -1 16 -6 -4 -3 -6 0 0 0 0 0 12 55 -16 3 -1 -10 -18 5 0 7 
-1 -6 3 2 -5 -47 0 2 -3 0 2 10 1 1 -3 -19 1 1 8 11 -6 5 -108 10 -29 29 -9 -3 -4 10 -2 2 0 2 1 -1 -3 -1 -99 2 0 5 7 -1 1 5 0 1 11 -8 0 6 2 4 5 2 -1 -4 17 2 196 0 -18 11 -12 -26 235 0 0 0 0 0 1 -7 0 2 2 -7 8 -1 3 -1 -3 3 3 -5 3 -4 0 0 0 0 0 0 0 0 135 0 0 1 5 -2 -5 14 8 -31 -9 45 -3 169 -66 0 0 0 -11 -7 4 1 -5 -81 -4 -6 -5 -6 2 
-4 -2 3 1 2 -143 3 4 -1 -1 -58 -1 0 -2 -26 -4 -12 -1 0 -8 -7 0 -45 0 14 13 3 -2 1 -49 16 -1 -1 0 -77 2 50 0 -1 0 -4 -3 2 32 -1 8 -8 -2 0 0 12 91 -14 0 11 6 156 1 -1 -2 2 -3 176 5 139 0 0 -49 0 0 0 2 -1 3 1 170 2 -6 1 3 0 -5 -2 -146 7 1 93 -1 0 -88 3 6 -147 0 0 0 -13 0 0 -40 41 -10 -1 28 15 15 40 -98 -5 -14 0 142 0 0 2 -18 -5 -3 0 19 -9 9 2 0 -8 
3 2 1 1 -2 -1 -2 -2 2 99 1 2 0 2 0 4 -1 -17 -143 3 -6 -5 2 -152 0 -4 -15 2 78 0 0 6 -1 -1 0 1 -1 -4 -9 -1 -5 7 -18 0 -3 0 -46 11 -5 3 -1 0 6 -1 -41 8 0 -2 -1 -2 -8 2 2 1 -3 4 -1 -2 4 -3 -1 184 0 1 1 1 4 -2 1 -1 -8 -3 5 -6 -8 -2 0 -2 2 5 2 4 -2 -4 -15 3 -9 -8 -2 9 202 0 26 -8 9 -3 -3 4 15 1 0 0 0 0 12 -11 -3 -2 -20 -22 48 -9 -4 2 1 
66 1 -1 4 1 13 30 55 -1 -1 -2 -87 1 41 2 -79 2 21 -5 1 -1 -7 -15 0 -2 -8 37 -1 -7 -4 73 4 -3 0 5 4 0 0 -5 13 -77 -7 13 -3 -12 -2 46 2 -10 -7 8 -3 9 -26 5 -1 25 19 -5 -5 -4 -3 2 -3 -1 -12 10 -3 0 1 2 2 -2 1 0 -4 -44 3 33 1 0 -2 -1 -4 -4 134 -3 -92 -1 10 -3 -10 -2 0 0 18 152 29 4 3 -12 -4 -10 9 -5 -143 -18 17 3 11 48 0 0 -5 11 59 3 7 9 7 -118 -18 14 -16 -10 
1 2 -1 -2 -2 -2 2 -2 1 -4 3 1 -3 0 -4 2 0 -36 12 3 3 -5 95 -6 -30 -2 -6 15 8 18 1 -4 -106 -5 -102 -2 -2 1 -1 -13 22 -2 3 18 -91 -1 21 35 69 0 6 2 -1 -2 3 -82 13 9 -8 0 0 -119 0 1 0 3 -43 -3 2 0 74 0 5 1 -3 164 -22 62 3 -81 -1 -2 0 0 -7 -7 1 -33 2 6 -5 -8 1 7 3 42 -11 19 -3 4 15 39 -8 1 -7 0 96 2 4 4 -22 0 0 -5 3 -3 -1 11 12 6 -4 -9 17 -4 -6 
114 58 0 2 -2 42 -1 -2 -1 1 97 -1 -1 2 -3 4 -2 -1 102 -1 -5 -2 -5 -1 0 8 138 3 -17 1 0 0 -85 10 -10 -1 89 86 -23 4 8 12 -8 2 -4 10 34 -5 -29 17 -57 -4 15 -6 1 -1 -8 -157 17 15 -2 3 -2 -2 -6 1 1 1 4 2 3 0 2 3 -2 -6 -6 -2 -39 13 4 0 -2 -42 3 1 3 -1 1 -2 6 51 -2 1 2 -4 -23 2 2 2 3 -9 2 -13 4 -2 31 -3 1 -9 17 0 2 -112 5 21 -19 -37 -26 8 1 -2 -2 7 -19 
3 -2 3 -1 4 -1 -2 51 0 -2 88 -5 0 2 4 1 4 -2 0 -3 2 1 7 86 -3 5 1 11 89 -2 1 0 3 44 0 6 4 -16 -7 -2 -7 4 -10 10 2 -2 -7 8 9 5 31 -1 -2 5 6 12 -23 -4 18 2 -89 -15 -2 25 9 0 9 -3 -70 0 -29 -25 -3 2 6 -1 2 3 -3 72 -10 -16 1 5 -1 -2 180 5 -3 1 138 -2 -1 0 -2 19 -95 -19 1 -1 8 -4 11 -53 9 -5 7 39 -3 0 0 6 3 -11 -3 41 -1 43 -34 33 0 1 -9 -5 -12 
69 -125 0 -1 -48 4 1 -4 0 -2 4 -145 2 -6 2 -5 -99 9 -63 4 -3 2 -118 0 -21 4 -3 -7 -9 3 67 21 114 5 -54 1 -2 2 -9 1 1 9 2 -1 18 -3 -16 5 -5 2 21 -3 0 -3 -16 30 -2 2 -2 2 -3 -12 -7 0 -9 -110 73 6 8 -13 4 11 -52 5 0 3 -125 3 2 -1 -1 8 1 -154 -2 0 0 7 -8 43 1 -4 -14 -1 1 19 -4 -5 -7 -4 -6 74 5 32 2 -6 5 0 -5 0 0 221 2 -3 -1 -14 4 11 -7 -28 5 4 -3 4 1 
0 1 0 2 0 -3 0 -1 -109 -1 -81 52 -5 -1 96 14 -76 2 2 80 -1 4 3 1 -3 -18 -6 -3 9 17 -11 33 2 7 -1 1 2 -86 -3 -9 0 20 -15 -6 13 5 -19 -2 88 -1 141 0 -3 14 5 22 -6 -1 15 1 11 -8 -12 28 -15 -1 8 -2 -7 150 1 -8 0 0 5 -1 -1 4 1 -1 -4 -1 6 -2 -6 -24 -35 0 -2 21 -5 -1 -2 -10 5 -4 1 2 -1 4 0 0 -4 -1 -3 3 -81 4 0 0 0 4 9 -3 -3 -3 4 -1 3 15 -14 3 -47 41 3 
-2 0 -2 0 -5 -104 -82 0 -6 0 -1 -1 0 3 140 0 3 1 3 -1 0 -2 1 0 0 2 -9 6 7 -99 -14 37 11 -6 -73 3 2 -2 -6 -4 -6 -1 -5 -15 0 -85 -7 127 -8 1 2 1 6 2 1 13 1 5 20 -8 -39 -1 -12 -8 10 -3 6 -4 1 -7 7 -20 1 0 1 1 -1 -62 4 2 -107 2 -15 -37 -2 3 -23 2 21 -5 -2 -18 -29 -19 -3 12 -20 15 -1 -9 -66 -1 2 -1 51 0 -22 0 6 0 -6 2 9 0 8 -90 31 42 13 -39 -3 -2 -1 -1 -5 
-1 27 -3 -1 1 0 3 2 1 1 -1 1 5 0 -1 -2 1 3 2 -146 -5 -94 -2 -1 4 -14 3 13 11 1 7 -86 -12 6 1 -1 0 16 -11 -7 -3 -9 -13 -34 -6 6 8 47 5 0 -64 3 1 -60 2 5 2 1 -8 1 10 3 -9 -7 -20 6 0 -1 3 0 2 -19 1 -1 -1 -3 3 19 -7 -158 -199 18 0 19 -2 10 3 -3 20 -3 19 -13 -8 -81 -5 -7 -17 8 -26 31 -21 2 20 0 12 8 -7 0 98 28 0 0 -9 -1 5 -2 121 6 19 -2 89 -4 -4 -1 64 
0 0 5 70 12 -5 2 0 -1 29 0 2 3 -1 27 0 0 0 96 1 -6 -2 1 -2 13 1 6 -11 -6 -6 -81 0 -9 -47 -12 0 0 9 -3 3 -9 20 -15 5 5 -6 -2 2 4 0 6 4 7 -3 -2 -71 1 -6 75 17 -57 -2 -7 45 -5 8 -3 0 15 2 8 -137 1 2 -5 0 -2 10 -5 -14 20 11 92 1 -12 9 -6 59 17 2 15 -2 5 -32 -183 5 22 7 -2 3 1 3 -3 -26 6 27 -11 -1 2 -3 -163 -1 -11 1 96 -4 -16 -25 36 -10 97 0 0 71 -3 
-1 0 6 -15 -1 -5 0 7 1 -2 -3 -1 1 0 3 -1 0 3 3 -79 1 6 -1 2 -121 0 2 0 -21 5 7 -2 -96 -4 0 -1 3 3 -2 13 6 3 7 -10 -7 -12 -7 0 -2 -1 -5 2 31 -1 -3 4 8 8 -68 -22 1 3 0 0 4 1 2 -6 -1 47 -3 -2 -5 4 -1 -1 0 7 -66 -15 25 -8 6 -30 -18 20 10 7 -5 0 17 -11 8 -31 0 -9 -17 11 -7 -1 -12 5 -39 -3 -12 18 221 201 0 -145 5 4 -16 5 1 3 3 -88 3 1 -1 0 0 59 97 
1 -1 7 -27 3 -66 -19 7 7 -3 -1 -2 0 -124 2 -3 1 -2 0 5 -1 1 -2 65 0 16 -9 -7 4 3 2 48 16 -93 0 3 7 0 -7 9 52 -10 3 23 -7 -1 -1 1 -46 0 -4 2 1 0 4 16 9 5 -2 -6 10 15 1 6 96 -22 9 -13 11 0 1 0 3 1 134 -1 2 -4 8 0 18 -17 3 -38 -8 19 -6 4 -26 -3 15 1 -20 13 1 20 -15 -6 -12 13 -4 4 -22 59 -4 -18 -188 2 0 -2 3 2 -13 7 3 -1 -4 4 134 -1 -73 -3 -1 3 2 
1 4 3 70 -11 0 10 -25 6 -1 0 -1 8 -3 -4 -1 -1 1 7 -5 -54 1 7 10 -181 78 4 -22 -135 0 -43 -1 17 -1 3 -1 -57 1 5 -1 7 -19 -1 -1 -3 2 0 38 0 -1 -1 3 1 1 0 4 6 -2 6 -4 -7 0 -78 -18 -5 -16 -7 -1 -9 -15 -4 -1 1 -3 -1 -24 1 3 21 -2 4 115 4 -36 122 3 -8 7 -9 0 15 -4 14 11 7 -24 -7 -5 -2 84 -4 10 3 -7 4 -48 0 0 -9 0 1 4 -17 1 0 3 1 -2 3 1 -2 3 0 -1 -1 
5 12 17 -23 2 -4 1 -13 1 -2 0 -1 2 1 -1 -2 8 37 1 7 -4 0 1 0 -5 1 23 112 -1 95 0 -6 4 56 16 88 1 1 3 35 1 -6 -5 2 -10 -3 -108 1 4 117 1 -5 -3 -1 -1 -8 20 22 -7 2 -9 -4 5 -8 -6 2 123 6 12 -6 7 -7 -84 0 0 -3 20 -9 19 -2 -14 -15 5 -14 -39 14 -5 -6 5 -2 -6 3 -32 -7 17 -24 -6 15 -7 7 -15 -7 1 -2 15 -45 0 0 -183 0 2 15 -9 5 -1 1 1 -5 22 14 124 -50 -2 1 5 
2 91 26 -8 -2 -4 2 -2 -19 2 0 0 1 3 0 -3 -149 -1 4 0 -1 -1 -2 0 -4 1 -3 1 3 0 -1 -2 -44 0 11 0 -1 -2 -2 3 3 29 -9 -4 -1 5 0 0 3 0 -1 0 -2 -2 2 18 -9 -20 8 4 -8 -15 13 -1 1 -16 -5 -3 5 9 -10 -31 -2 72 7 1 6 1 8 3 1 4 -13 14 18 -13 8 -7 1 16 -5 6 19 -11 8 131 1 8 5 90 16 -8 12 6 1 -37 0 52 3 -47 0 98 -41 0 13 -62 13 -22 -7 5 -160 22 13 -14 5 
0 -38 45 -1 156 -5 4 3 -29 -5 -2 3 -4 0 -102 -2 2 1 -2 3 -2 -3 -2 0 -4 -1 7 0 1 -2 25 -2 19 -38 28 -6 -3 -4 -4 -2 9 4 4 -3 -1 -2 3 4 -1 -3 -1 0 1 -2 82 0 -1 -12 -5 7 -18 -1 2 1 -8 -105 6 166 11 9 11 -6 13 6 1 2 2 9 0 -8 2 -9 0 71 1 5 -1 4 162 14 8 9 19 -4 20 34 -98 7 -7 23 -5 0 0 2 36 -5 5 -1 -7 0 0 10 -182 -6 2 0 22 -11 6 0 6 4 5 3 -5 
44 2 -3 -15 3 5 -2 0 -15 2 3 0 -19 -3 35 1 -3 -1 1 -2 -2 63 0 -5 3 0 1 0 4 0 -24 34 4 -32 13 1 -1 6 0 11 10 6 -9 -2 0 0 -2 2 1 -6 0 1 8 -5 -3 -2 -1 -5 0 -1 -4 -6 19 4 4 -2 12 20 15 6 -207 -1 2 4 41 -7 29 4 20 -47 -6 7 -22 15 -21 6 0 -1 0 -5 2 -5 -1 0 2 -104 10 -53 -4 9 -5 -1 0 -40 30 0 0 -3 -7 -5 -2 0 -20 -2 -1 20 -5 16 191 0 -5 -1 -128 -10 6 
0 -1 93 2 5 0 -2 -5 -3 -1 -1 3 -12 -4 2 75 1 2 -3 0 2 0 0 -1 1 2 1 21 4 -46 -47 1 18 -5 -19 -1 23 0 45 -2 0 11 16 1 0 85 -1 -77 0 0 0 -1 -4 -1 2 4 2 8 2 0 0 7 2 5 42 132 -4 5 12 3 -2 -2 1 -7 21 -1 13 -21 -2 -12 1 10 -14 13 -31 0 19 -13 17 -29 1 7 -10 1 -5 71 -7 1 0 -8 5 2 1 -1 -6 1 -7 8 -75 14 62 -1 -2 0 1 10 -3 -145 -16 -1 -3 4 -2 114 5 
3 -1 2 4 -8 2 0 1 -2 -1 0 0 -5 3 -2 -2 -1 -1 -11 -3 4 -1 2 -1 -1 2 3 -3 3 3 1 -1 31 27 -19 5 0 1 0 3 -5 9 -4 -4 -1 144 3 -3 -2 -1 -2 0 2 3 17 -3 -2 4 -1 -7 -2 -8 2 21 -12 -1 2 -1 47 -3 -9 0 13 -5 12 -20 21 -3 18 -39 4 -33 14 3 -14 -2 6 -1 7 -18 22 20 157 0 14 -23 11 21 1 6 -8 3 -13 -1 3 -2 -84 -1 2 -4 58 1 7 -10 -2 17 -9 -17 4 -2 -40 0 0 2 -2 
-2 110 4 17 -25 -9 32 -8 -11 5 -3 -131 -29 2 2 7 -2 2 -1 6 -2 -2 1 0 1 3 1 -4 -2 2 6 30 14 -2 -11 -2 -1 -3 -1 -1 11 17 8 0 -1 2 2 3 1 0 0 -2 -152 2 0 -2 -2 -24 4 3 -4 1 -3 2 0 4 -2 -4 27 -14 25 15 30 1 12 0 12 4 11 -30 7 -9 -15 74 -8 8 -4 -2 14 -2 -3 3 1 6 7 -3 18 9 0 10 -17 22 -34 53 -1 -2 -1 4 -1 -2 -5 -6 0 -2 3 13 -4 1 4 -2 -2 3 3 1 -3 
-1 1 -3 0 3 -3 0 -3 2 -1 0 3 -1 16 -5 -1 -10 6 1 37 -7 1 -1 -51 4 3 3 0 56 -5 0 2 -25 7 6 -8 1 5 1 6 -59 -21 -16 0 -1 -2 1 -1 0 -2 0 -1 -1 3 1 94 2 -2 1 0 1 -2 0 -21 4 2 -4 1 0 -17 -4 19 -6 -1 -23 0 13 -2 -6 77 -2 18 -10 2 0 6 6 -13 -6 -14 13 17 94 -87 101 -8 14 11 -1 2 2 -2 17 4 -4 -2 -3 3 -7 7 2 1 -3 -3 13 -18 5 5 -11 1 -1 2 -42 2 -1 
0 -2 -3 1 -1 0 2 1 1 -1 3 -1 4 45 3 0 -1 0 -2 52 13 -4 0 2 0 -2 25 0 27 -5 2 -136 5 5 0 -4 0 2 1 2 -10 0 139 3 -3 0 -1 1 129 4 66 1 1 0 -2 -1 2 130 2 1 -3 66 1 -1 1 2 -145 -108 -2 14 1 12 22 -23 -25 -7 -15 10 11 7 9 -28 134 -1 6 7 -27 -3 12 -12 22 -8 -3 -1 25 -3 22 -17 11 11 -13 -85 -11 -3 1 4 2 16 84 -10 1 -39 0 -4 4 -40 -3 -37 1 22 -7 0 -18 2 3 
0 1 9 -1 -1 0 1 -7 2 -104 -4 1 -49 50 2 0 5 -1 0 -2 1 -99 -1 1 0 -1 1 -2 52 5 2 8 -5 13 2 5 -2 2 2 2 -81 18 -7 0 -4 82 -6 44 2 0 -4 -1 -4 -3 0 -2 0 66 -144 -20 0 -2 3 -3 -3 -4 5 7 -12 17 0 -6 -11 2 135 -23 -9 -70 29 -8 22 -24 -1 -35 -3 10 -20 -2 7 11 -10 -9 -5 -7 18 -4 18 -13 2 6 -19 49 5 -3 -3 4 -154 -5 0 -12 1 2 52 1 21 -13 -4 2 16 5 -38 3 -3 89 10 
1 2 1 0 2 4 0 4 3 -35 -1 -1 55 -4 -54 0 -5 1 0 3 2 -2 -1 0 -1 -4 -58 -2 6 -7 7 2 0 -44 8 0 1 -1 -5 22 -4 8 -7 0 -1 -1 2 -1 164 -3 -77 135 1 1 1 -1 54 -1 1 2 1 7 -6 1 81 3 2 16 0 7 1 2 -6 -90 -14 -2 -9 -14 21 -10 14 -27 3 10 -14 -121 -9 4 26 -164 -21 8 14 0 19 24 -6 -11 -19 -7 -7 -2 3 -6 2 -1 9 -1 2 -13 -176 0 1 1 38 2 0 10 35 2 -5 1 -1 3 -2 
1 -3 5 1 2 104 1 1 1 -2 1 2 3 1 -2 1 -6 4 2 -104 0 6 4 -3 1 19 -21 -12 1 56 0 4 4 93 3 -1 -1 2 -2 15 5 -5 -1 0 -105 -2 1 -1 1 -1 7 -8 0 -3 0 -1 1 -7 108 -5 -1 2 -9 0 1 -2 0 2 3 -2 6 -19 2 18 14 18 6 3 -9 3 -10 0 103 3 40 8 0 13 2 106 -16 -19 -4 3 -24 74 3 -135 -5 4 7 10 -5 -4 2 -24 1 -7 11 -3 -1 1 -1 13 -7 2 -87 9 -3 15 -6 0 1 1 24 
1 -18 2 3 0 5 3 -2 -19 2 -116 1 -2 -3 117 1 0 -2 -4 -3 -1 2 8 8 -7 -1 -1 0 -1 -2 3 -57 3 -121 34 -1 1 -2 -25 -7 -3 -3 6 -13 0 3 -3 2 2 4 3 4 -2 2 2 -1 120 3 -123 -39 1 3 1 -3 -2 3 1 7 12 147 -2 -14 -2 -2 0 168 -3 -2 2 -117 -7 -5 17 18 4 2 3 16 -22 5 -4 -48 -21 1 -22 -17 -20 -14 5 4 2 2 -2 -4 6 -21 -11 -1 16 -4 1 2 -2 6 -4 2 6 -5 -2 42 -10 -2 2 2 1 
1 -1 2 1 -3 1 1 6 3 -1 2 -2 -1 1 -1 -4 -1 1 3 2 2 0 1 -2 0 64 -3 2 3 -1 8 0 -4 0 -1 43 -84 -10 16 0 2 -1 -4 0 -1 -1 0 0 -5 3 -3 1 0 0 2 -1 96 83 0 0 0 -11 2 6 0 91 5 -2 -2 0 2 27 2 1 0 1 -94 117 -9 2 20 1 2 13 3 -1 -2 3 -2 0 -28 2 8 6 -11 -17 16 3 20 -16 -4 -16 -116 -1 30 -7 -132 -3 20 -1 -1 2 -3 -4 1 3 3 -12 191 19 -1 3 -2 -1 -1 
-2 -2 -6 -71 2 -3 41 -88 -2 1 0 0 2 -4 -2 -48 -54 -3 -5 -3 -2 0 2 -1 2 2 -5 2 -4 -4 2 -1 -2 -1 -1 2 -6 -4 -1 1 -1 -1 85 2 -2 8 1 -1 1 -1 149 2 1 6 -2 6 1 0 3 1 -1 -1 -6 116 2 1 -2 1 0 -3 -121 0 16 8 0 0 4 3 1 -3 -12 -1 3 -1 -1 -11 -1 5 173 -187 -1 2 -5 152 1 6 4 2 23 -25 -5 -17 1 0 19 -8 74 -110 2 -1 -43 1 2 -15 -2 -4 -154 132 -1 13 -3 67 -9 2 -11 
0 0 -42 1 28 -1 -1 0 -3 0 -1 0 -2 2 1 -79 0 -1 31 -2 -3 0 3 -1 2 -2 -5 0 117 -111 5 1 -1 1 28 -6 0 1 2 -5 -1 0 -4 3 3 99 -4 5 2 -5 4 -2 -4 -10 -86 2 0 -2 -1 1 0 -2 0 -69 71 -6 5 5 1 5 10 2 16 -4 -1 1 76 4 8 17 -2 -1 1 -88 0 -1 2 3 0 3 0 -7 -5 -50 -5 -135 2 0 5 4 -2 2 3 2 -1 -91 150 -3 -9 3 1 0 0 -19 4 -5 -32 -21 79 -135 -2 -1 2 4 -10 
-10 2 -1 -2 -1 0 -1 44 0 -1 -1 -1 -2 1 -5 -1 -1 1 -1 -6 0 -4 0 -2 -6 -3 -2 70 1 3 -1 3 4 105 1 1 8 -3 -33 -1 4 118 -2 8 0 -2 6 -1 -4 -4 1 -3 -5 6 0 -84 -3 0 -3 0 -15 7 -76 2 0 10 10 -1 3 13 -6 -1 0 -2 -1 3 0 3 -78 -2 0 0 0 76 0 -3 8 31 0 -1 1 0 -2 -1 -4 85 0 94 -177 0 -2 -72 -2 1 1 15 -8 -30 -15 0 4 0 8 -7 -5 -7 21 -77 4 -21 0 -1 71 0 -64 
-117 0 0 18 10 -10 -8 6 13 0 4 -4 2 6 5 -18 -3 -2 -3 3 -2 25 4 0 37 -3 0 1 9 -10 5 1 -3 -27 -5 -5 -1 0 1 -4 -4 1 3 2 -5 0 2 5 -4 3 1 -103 -5 3 -1 1 -1 -1 2 -1 2 -1 -58 -4 0 5 0 -2 0 0 2 -1 49 -1 -1 3 77 -3 1 115 -1 -1 1 -2 50 -74 3 61 81 -1 -1 -4 -8 -1 -1 -34 -3 -15 2 -6 0 -1 -4 -2 -90 17 -9 11 -7 -66 -2 -1 6 -1 -2 -2 24 -6 5 -20 -3 0 0 3 -6 
-1 -81 0 -77 -3 -2 6 -1 -1 1 6 -37 6 -167 11 -35 4 -2 -60 -11 -15 2 -21 -3 -97 3 -126 2 -3 0 -15 -7 2 121 -2 -43 8 1 3 1 -3 6 -1 26 2 71 0 -1 -6 1 -14 2 2 76 -2 -4 -1 1 55 -1 2 -3 4 -2 -2 5 -1 0 0 -2 -1 0 1 1 -3 -2 -2 0 53 1 16 1 -1 0 -11 9 -13 40 7 -9 13 -26 3 4 -1 0 -1 0 -2 -5 4 5 -129 -116 3 -4 -6 14 -4 1 -27 1 -46 128 23 8 26 0 3 -14 0 -2 1 12 -71 
-72 -3 -38 -43 1 -1 1 3 -2 -1 -2 1 1 0 1 8 -3 -5 0 26 -53 18 11 -1 -1 2 18 -3 -15 -13 -25 0 -13 102 0 94 2 -1 -1 69 58 0 -49 1 67 2 107 134 -63 1 6 17 0 -3 -2 91 97 1 0 0 6 -6 -1 1 -1 -80 2 136 0 0 -111 0 -3 -5 0 -4 0 -36 -1 -1 2 2 -3 2 -6 -1 14 -3 -1 0 6 -1 0 1 -2 1 -5 77 -98 -1 3 -2 0 0 1 -13 2 4 2 -40 2 3 -2 2 -1 4 19 -5 8 -7 2 1 2 -19 4 
