6.25 3.25 3 31.75 1.75 2.75 2 5.25 1.25 2.5 24.5 29.5 15 9.25 47.5 4.25 8.25 5 9.25 15 3.25 1.25 4.5 3.5 11.5 1.75 16.75 4 2.5 21.5 4.25 2.5 27.5 2.25 1.75 25.75 2.5 23.75 27 36.25 38.25 13.5 4 7.5 21.75 3.75 47.25 1.75 3.5 1.75 1.5 40.5 6.75 3.75 7.75 11.25 15.75 10.75 37.75 10.5 31 31.75 3.25 46.75 3.75 6.75 24.5 4.5 4.25 5.75 7.75 12 21.25 18.5 24.75 5.75 10 6.5 3 3.75 1.75 3.75 18.75 1.75 1.5 2.75 20 10.75 19.25 9.75 71.25 4.75 41.75 91 2 7 4.25 3 2 1.75 9.75 2 2 5.75 6 21.75 29.5 36.25 4 9.75 6 37.25 3.25 11.25 4 4.5 2.25 26.75 5.75 9.5 22.25 35.5 28.25 5.25 7.5 
5.75 14.75 15.5 5.75 15.5 15.75 5.75 24.25 32.25 3.25 1.75 2 5 19.5 18.5 6.5 11 24.5 4.5 14.75 15 33 6.75 0.25 4 5 13.25 6 52.75 2 3.25 1.5 2.75 4.75 3.5 6 5.25 10.5 5.5 36.5 42 11 2.5 4.25 29.5 3.5 16 2.75 3.25 20.5 0.5 9.25 10.75 9 38 18.75 36.25 8.25 55 0 1 13.25 11.75 4.75 9.5 21.5 54.25 9.5 35 45.25 10.75 13.5 16.25 4.25 11.5 7.25 8 2.5 1.5 1.75 7.5 3 0.75 75 15 3.5 40.75 21.5 40.75 17.25 5.75 51.25 1.75 33 2 6.75 1.25 2.75 1.75 1.25 4 27 4.75 5.5 9 1.5 1 4.5 7.25 10.75 3 24 14.5 7.75 3.25 7 2.75 3.5 3.5 29.75 21.75 35 2.5 1.75 2 
13.5 4 8.75 5.5 28.5 13.75 18.5 11.5 9.25 4.25 3.75 5.25 3 20.75 2.5 7.75 2.75 5 61.25 10.75 6.25 3.25 4 2 2.25 2.75 10.25 4.25 2.5 4 22.75 36.5 5.25 1.5 18 4.25 3 22.25 2.25 5.75 8 42.75 4.75 4.5 21 11.5 17.5 0.75 20.5 1.25 1.75 5 22.5 12.25 8 36.25 1.5 61.75 66.75 20.5 0 52.75 34.75 8.5 13.25 22.5 12.5 16 7.75 15.25 6.75 0.75 7.25 40.75 6 4.5 4.5 9.25 28.75 3.25 2 1.5 2.25 3.25 3.25 5.75 21 8.75 29.25 11.75 45.25 10 37 2.5 44.75 12.25 4.25 2 2.5 3 2.5 2.5 6.25 3.5 12 3 7.25 5.25 6.5 6.25 19 8.5 3.75 24 3.25 9 2.75 19 28 50 6 4.25 27.5 51.25 0.5 
5.5 20 33.5 5.5 5.75 27.75 6 3 12.5 1.75 2 21.5 14 24 22 6.75 12.75 2.5 5 27.75 7.75 2.5 4.25 6.5 5 5.25 14 14.25 3.75 9.75 3.75 2.25 20.5 1.5 2 2 22.5 3.5 5 39.5 20.25 29.75 25.5 3.75 13.5 10.25 13.5 3.25 3 4.25 3 25 13.75 26 7.25 27 51.75 21 50.75 16 17.25 31.5 0 7.25 8 9.25 12.25 77.25 11.5 7.75 6 4.5 8 1.75 13.5 14.25 8.25 5.75 4 2 4.5 0.75 36.75 15 15.5 12 33.25 25.75 20.25 6 18.75 9.25 47 1.5 2.5 45.5 7.5 2.25 3.25 1.25 8.25 2.5 8.75 2.25 14.5 4.25 3.25 3.75 40.75 3.5 25.75 4.75 5.25 48.75 32.75 5.75 39.5 36.25 36.25 33 30 2.75 2.25 4 3 
4.75 10.5 6.5 32.5 24.5 40.75 6 1.5 3 27 16.25 3.75 13.75 16.5 19.75 6 13.75 7 10.5 8 2.75 21 3.5 12.75 8.5 4.25 9 3.5 7.25 20 4 36.5 6 15.25 1.75 2 3 36.75 7.25 5 4.75 30.5 3.25 3.25 56.5 31 9 18.75 19 29.75 10.25 32.75 2.5 18.5 3.25 25.75 5.5 16.25 40.75 48.5 14.75 19.25 0 11.5 2.75 1.75 15 20 6.75 10.75 57.5 4.25 4.5 0.75 26.25 11.75 11.5 41.25 46.75 7.25 18.25 8.25 41.5 16 45.5 14 16.5 43 15.5 21.5 8.25 10 42 2 2.25 2.75 8.25 8.75 2 1.25 4.5 4 10.25 4.75 7 1.5 5.5 1.5 3.5 5.75 7.75 12.5 9.5 3.75 7.5 27.5 19 3.5 46.75 1.5 3.75 3.75 7.5 3.5 12.5 
13.5 4.5 44.25 3 6.5 1.5 45.25 23 25.5 34 72.25 3.75 4 6.75 8 3 17 21.25 2.25 8.5 8.25 4 5.5 2 7 33.75 3.25 24.5 3.5 5.5 3.75 36.75 35.75 4.25 2.75 38.25 3.75 3.5 4 4.5 38 10.75 3.25 1.75 25.25 3.25 2.75 31.25 6.25 2.25 2.25 7.25 2.25 10 6.25 19.25 10 7.25 50.5 20 6.5 13.75 27.5 10.25 22.75 10.5 72.25 13.75 8.5 2.25 6 3.75 6.25 10.25 20.5 21 22.25 7.75 40.5 12.5 27 11 10.75 3.75 50.25 5 12.75 33.25 16.75 35.75 40.5 7.75 2.75 1 45.25 44.75 7.75 1 1.5 46 4.25 3.5 3 15.5 1.5 5.25 3 4.5 3.75 5.25 17.25 9.75 18.25 12.75 23.75 3.25 3.5 24 32.5 5.5 21 27.25 6.75 48.25 4.5 
3.25 5.25 3.5 3.25 42.75 3.5 32 4 4.25 7.75 2 5 19 6.5 8.75 30.5 9.25 33 8.75 13.5 9.75 8.75 23.75 4.25 11.25 3.75 34.25 8.5 22.25 7.25 22 18.75 8.5 11.5 1 5.25 12.75 3 2.25 12 9 17.5 24.5 2 11.25 12.25 10 16.75 1.75 25.75 7 4 18 29.5 31 12.5 15.75 21.5 54.75 11 7.25 14.75 33 38.75 21.75 16.25 26 12.5 10.5 10.75 8.75 48.5 14 15.5 11.5 13.75 45.25 11.25 9 4.5 19.75 12 13.5 23 1.75 4.5 8.5 9.25 10.25 45.75 6.5 1.5 7.25 0.5 2.75 2.75 1.5 0 1.75 2.25 17.75 2 4.5 7.25 14.25 2.75 50 3.5 5.5 55.25 9.25 5.5 9 24.25 3.25 3.75 2.75 2.75 5 28.25 61.5 22.25 19.75 11.25 20 
2.25 1.25 3.5 9.5 30 3.25 2.5 2 41 2.5 11.5 2.75 6.25 9.75 33.5 45.75 7.25 20.25 10.75 4 9.25 7.25 5.75 9.75 6.5 2.5 6 8.25 1.5 1.75 1 0.5 9 0.75 21.75 1.5 21.5 3.75 4.5 11.75 6.25 2 2.25 15.5 7 11.5 1.75 2.75 26.75 4.25 2.75 2.75 5.25 22.75 9 5.25 32.5 35 11 28.5 10.25 12.5 17.75 16.75 25.5 18.75 8 18.5 10.75 20.25 7.25 11.25 34.25 7.5 8.5 10.25 21.25 21 12.5 4 5.75 30 7.75 16.5 30.75 11.5 15.25 7.25 12.75 30.75 13 3.25 5.5 5 2.25 2.5 0.75 1.5 2.75 1.75 3.75 4.5 6.5 2.75 2.75 38.75 4 2.5 7.25 6 5.75 2.5 5.25 4.5 1.75 4.75 22 4.25 15.25 28.25 35.75 20.75 12.5 10.25 22.25 
1.25 41.5 24.25 3 34.5 2 2.5 47.25 1.5 61 2.25 2.75 3 13.25 12.75 19.5 12.5 25.25 28 16 28.25 6 4 18.5 4.75 4.25 3.75 3.75 1 11 5.5 44 1.25 0.75 21 1.5 2 4.5 2.5 3.25 8.75 4.5 2.25 41 3 1.25 4.25 2.25 1 4.75 54.25 10.5 3.25 5.5 7.75 6 16 24 31.5 32.5 18.25 22.5 27.75 50 40.5 9.75 5.25 10 10.5 62.75 1.5 1.5 9.75 8.75 5.5 8.25 7 8.25 48.75 12.5 19.5 15.5 19.25 7.5 26.5 6.75 8 39.25 19.75 14.5 23.25 17 11 3.5 1.5 30 1.75 4.5 6.75 4.5 3.25 5 3 17.75 9.25 8.75 9.75 16.75 2.75 2.25 3.5 53 1.75 2.25 6.5 12 37.5 17.75 8.75 19.75 45.25 15 46.25 21.25 8.75 
57.25 1.75 72.25 2.75 3.5 2 22 2.75 2.75 12 2 8 8.25 59.5 6 12 28 37.75 29 39 6.75 2.75 14.75 2.75 2.75 17.25 34.75 9.5 1.75 2 25.75 4 2.75 4.75 8.25 1.75 2.75 3.5 1.75 2 3 21.75 4.5 6.5 2.5 3.25 3.5 1.75 3.25 3.25 1.75 1.25 2.5 40.5 17.5 11.25 8.25 9.5 1 17 16.25 25.75 21 11.25 7 11.25 1.5 20 8 7.5 2.5 5.25 7.5 11.5 9 9.75 16 14.25 17.25 10.25 9.75 8.25 54 10 12 26.75 7.5 14.25 15.25 14.75 19.75 1.25 3.5 7.75 2 5 2 5.25 4.25 3.25 11.75 8.5 46.25 12.75 28.25 11.25 4.5 9 1.5 46 26.75 2 5.5 49.75 74.75 7.5 22.5 11.75 18 13.75 18.5 5.75 8 12.25 5 
45 3 3 2.5 3.5 2.5 3 1.75 2 1 2.5 4.5 6.5 4.5 2.75 7.5 11.25 20.75 33.25 5.25 4 3.75 2.75 6.25 34.25 6.25 5.75 4.25 10.5 11.25 4.25 15.75 5.75 14 7 8 10.5 16.5 8.5 18.25 12.25 17.75 8.75 2.25 4.75 3.25 41.75 4.75 2 3.75 1.75 3.5 2.5 14 8.75 29.25 10.75 56.75 49.5 34.5 11.5 11.75 20.5 10 6.5 47.5 8.25 11.25 5.5 7.5 9.25 7.25 10.25 12.75 8.25 6.5 3 28.75 61.25 6.75 9.25 10.75 22.5 24 8.25 5.25 21 5.75 4.75 3 4.5 4.75 4 16.5 5.5 7 4 48.75 2.25 16.75 10.25 4 10.5 38.25 4 23.5 2.75 1.75 4.5 13.5 3.75 19.25 18.5 10.5 42.75 17.25 38 4.5 12.5 13.5 24.5 34.5 3.25 6.75 3.75 
3.25 4.25 47.25 2.5 22.5 29.75 0.25 3.25 2.75 3 17.5 4.25 4.25 4 2.25 5.5 59.5 33 4.75 32.75 21 7 7.75 10 9 2 5 36.25 9.5 22.75 4.75 16.5 16.75 19.75 19.5 13.5 22 48 12.75 26.75 44.25 18.5 3.25 5.25 4.75 23 21.75 5 1.75 2.5 3.5 2 1.5 9.5 7.5 8.75 46 7.75 2.75 47.5 14.25 18.25 10 9.5 13.5 25.25 20.25 10.25 5.75 12.5 3 14.5 13.5 2.25 3.75 25.5 5.25 1.75 17 9 8.25 10.25 6 1.5 2.5 7.75 3.5 16 1.5 12.75 3 2.5 0.5 32.75 3.5 2.75 41.25 5.25 5 17.5 29.75 12 17.5 27 5 1.5 4.5 60 7 11 2 22.25 12 15.5 12 28.75 7.75 11 46.75 43.75 20 19.5 4.5 9.75 19 
4.75 3 1.75 1.5 4 3.75 2.75 2.25 3.75 48.75 91.25 1.75 14 48.5 2.5 5.75 29 18.25 19 32.5 16.25 8 11.75 9.5 11.25 3.25 18 20 13.25 20.5 19.25 26.5 7.75 19 13 23.25 16 9.75 20.5 18.5 11.25 14.75 40 6.75 2 3.25 6.75 1.5 3.5 3 4.5 0.75 2.25 10 37.75 23.25 15.75 17.75 3.5 33.75 25.25 34.5 31.5 4.25 9 37 3 1.25 1.5 2.75 1.25 2.25 3.5 4.75 4 4.25 16.5 7.75 3 3 4.75 3.25 10.5 20.75 6.25 6.25 43.25 11 5 2.5 2.75 1.25 6 7.5 10 4 14.25 5.5 5.5 17.25 25.75 23.25 25 26.25 1.75 41.5 5.75 8 50.25 19.25 11 27.25 9.5 10.25 10.5 9.75 3.5 13.75 10.5 42 8.25 20.75 8 13.25 9 
4.75 2 2 2.25 41.5 4.75 2.75 1.5 1.5 2 3 1.75 2.75 5.25 3.25 2 5 7.25 26.75 4.75 7 16 4.75 3.5 4.25 3.25 4 20.25 3.75 4.75 4.25 3.25 7.25 1.5 2 3 4.5 2.25 3.25 5 2.5 4 2 10.5 2.75 4.5 24.75 10.5 42 20.75 3.5 5.5 7.75 17.5 11.25 4.75 5 6.75 6.5 10.25 86.25 25.5 11.5 15.5 3.75 2.5 1.75 13.75 5.75 6.5 5.5 16.75 10.25 5.25 4.25 3 23.5 21 57.5 8 3 2 2 30 2.25 2 2.5 4.25 14.75 2 3 2.25 32.5 2 3.25 10.75 3.5 2.25 3.5 20 36.5 33.25 35.5 31 2.75 3 5 13.5 17.25 12.5 22 21 48.75 25.75 59.75 16 6.25 31.25 12.5 20.75 8 10.75 26.5 5 3.5 
5 3 4 1.75 57.5 3 29.25 21.5 134.75 5.25 3.75 22 2.75 3 22.25 4.5 2 19 5.5 45.25 20.75 7.75 31 2 33 1.75 1.5 8.75 7.25 3.75 25.5 1.25 3.25 2 1.75 1.5 3 2.75 2.5 34.25 12.75 2.5 31.75 38.5 13.75 5.25 42.5 11 16 17 7.5 12.5 13.5 14 6 6.75 2.75 14 8 31.75 65.75 9 28.5 22.5 7.5 33.5 8 5 3.75 7.5 5.75 5.5 4.25 5 3 3 12.75 4.25 8.5 40.25 6.5 3.25 3.5 2.25 0.5 2.5 15.25 2.25 2.25 4.5 7.25 45 2 2.25 3.25 2.5 9.75 12.25 5 45 39.75 2.5 2.5 16.25 5.75 10.25 24.5 16.25 25.75 4.75 37.75 6.5 20.25 4.25 3.5 6 2 12.25 11.25 7.5 29 19.75 8 9.5 38 
1.75 3.25 3.25 2.75 4.25 3 1.75 37.75 104.25 12.75 4.75 3.25 3 2 56.5 2.5 4 2.5 3 5.5 5 3.5 2.25 1.75 14.75 2.5 0.25 4.25 6.25 1.25 3 12.25 4 3.5 1.25 2 3.25 1.25 8.5 8.75 22.75 23.5 28.25 24 7.75 50.25 13.5 10 13.75 11.75 13 46.75 11.5 7.25 10 46.75 36.5 43.5 9.25 7.75 17.5 28.5 11 29.75 8 8.75 3.5 15.75 10.25 13 21 31 6.75 3 38 12.25 10.25 7.75 8.25 45.75 8.75 4.25 2 2.25 4 2.75 4 1.75 3.75 2.25 3.5 3.5 17.25 7.75 9.75 8.75 39.75 5.25 4 2 2 35 8.25 24 19 10.5 15.25 5.5 4.5 3 28.25 23.25 6 6.25 27 29.25 6.25 65 5.75 50.25 37.75 13.5 5.5 4.5 10.75 
13 5.25 28.5 3.25 6.25 2.5 15 53.5 32.5 2.75 1 2.25 43.75 90.75 2.5 3.25 2.5 2 26 2 3 3.5 2 7 3.25 4 4 1.25 30.75 3.25 4.75 4.5 3.75 41.25 3.5 20.75 4.25 30.25 17.25 5.75 2.25 7.5 9.25 37.75 10 5.25 12 8.25 9.75 3.5 4.5 5.5 24 10 7.5 32.75 9.25 13.75 51 10.25 5 7.5 3.5 5 7.75 7.75 7.25 45.5 1.75 4.75 1.75 45 10 8.75 6 6.5 4.75 9 50 3.5 4.75 3 1.5 8.5 2.25 8.5 8 1 1.5 2 1.5 1.5 9.5 23.25 25.5 46 24.5 1 3 7.75 24.25 17.75 13 8 13.25 60.25 29 26 7 36.25 20.25 8.75 5.25 10.75 30.25 41.75 7.25 5.75 9.25 6.75 21.75 27 6.75 2.5 7.75 
48.5 2 3 3.25 2.5 6.75 46.75 21.75 3.25 3.75 6.75 5 56.5 33.75 2.75 3.5 4 6.75 4.5 4.5 22.75 4 7.5 5.75 32.5 12.25 11.25 1.75 3 2.5 2.75 27.75 4.75 2 4.75 6.25 5 6.5 14.75 6.5 17.75 4.5 4.25 4.25 3.25 2.5 8.75 1.75 2 3 3.75 2.25 17.5 7.25 31 11.25 16.25 19 9.75 3.75 7.25 10 2.75 6.5 8.75 57 1.25 2.5 3 3.75 3.75 10.25 8.5 3.5 2 7 15.75 5 4.25 8 3 1.25 2.75 14 4.75 3 1.75 8.75 15.5 1 2 3.25 3 7.5 2 1.75 0.75 4.75 12 12.75 5.25 3.75 9 6.25 11.75 16.25 28.25 40.25 6.75 19.5 13.75 16 8.75 21.75 10.75 7 59 21 13.5 1 34 1.5 26 1.5 1 
1.75 1 2.5 4.5 1.75 2.75 2.75 31.5 3.25 3.25 3.25 3 2.75 6 6 39.75 23.5 8 3.5 29.75 41.25 16.25 8 5 5.5 43.5 13.25 6.75 2.75 32 13.5 3 6.75 2 16.75 0.25 3.75 43.5 3.25 4.25 9.5 1.5 1.5 5.25 2.5 2.5 2.5 1.5 2.25 4.25 2.75 3 1.75 2.75 3.75 6.75 6.75 12.5 44 47.75 6.5 9 23.75 5 9.5 5.75 3.5 4 1.5 20.5 5 4.75 3.5 3.75 3 2.25 2.75 14.25 4.25 23.75 23.75 7 3.5 9.25 57.5 3.5 28 3.25 3.5 4.25 3.75 10 2.75 1.25 2 3 1.25 22.5 2.5 50.25 15.25 39 9 5.5 40.25 44.5 1.5 0.75 1.5 0.5 2.5 2.5 1.75 1.25 1 3.25 2.25 0.75 2.25 1.75 1.75 4 19 3.25 3.25 
1.5 2.5 39 4.75 6.5 4.5 33.5 3.5 11.75 33.75 7.75 3 4.75 4 4 26.75 9.5 3.25 15.75 10 27 10.25 24.25 5 3.25 53.25 14 2.5 2.75 4.5 5.5 4 4.5 19 2.5 7.5 10.5 6.5 10.25 16.5 3.5 5 35.75 18.25 11 5.75 28.5 6.5 2.5 2 6.75 3.75 2 34.25 15.25 6.75 15.75 5 3.25 8 3 47.25 3 2.75 12.5 2.25 29.75 5.75 0.25 10.5 4.25 14.5 19.25 57 24.75 9.5 44.5 13.5 2.75 20.5 1 1.75 17.75 7.5 27.25 3 26.25 3 1.75 3.5 4 25 1.75 0.75 56 1.75 32.5 2.25 39.75 10.25 2 1.75 2.75 1 2.75 2.25 1.75 35.5 7.25 5.75 15.5 50.25 4 21.25 0.75 6.75 3.5 21.5 3.25 6.25 3.75 30.5 10.25 6.75 7.5 
6.75 5.5 46.75 23.5 8.25 19.5 4.25 71.75 8.75 13.5 12.5 15.25 30.5 28.5 32.25 18.25 6.25 9.25 4.5 16.75 25.75 2 16 5.5 6.75 44.5 5 5.25 5.25 4 6.75 9.25 8.5 5.75 6.75 63.5 25.75 11.25 11 19.5 5.25 2 3.75 4.75 4 6.75 5.75 7.25 5.5 3.5 14.25 4.25 4.75 4.75 6.25 4 27.25 8 9.25 39.25 1.75 3.75 5.75 5.25 2.5 2.5 2.25 6 4.75 13.25 2.25 18.5 5.25 1.75 2 5.25 2.75 17.75 2.5 22 42.5 15.5 3.25 5.5 8.75 9 1.5 4.75 6.25 5.25 6.75 1.75 2.5 1 1 1.5 2.25 1.25 12.25 35.25 31.25 23.25 1.25 1 2.5 10 28.75 7 5.75 5.75 23.75 4 34.75 4 3.5 5.25 12 16.75 20.5 4 31.5 34.25 50 13.75 8.25 
3.5 16.5 11.75 31.75 27.25 8 11.5 5 9.25 15 30.25 13.5 3.75 23 2.5 8.25 1 7.25 25.5 5 8.5 5.75 52.75 37.25 12.75 1.75 41.5 6.25 10.5 3.25 5.25 41.5 7.25 4.75 6.5 9 10 30.5 4.5 5 2.5 6.75 32.5 3.25 33.25 4.75 5.5 10.25 7.25 35.25 3.25 6 3 41 3.75 3.25 2 2.75 24.5 20.75 2.75 0.75 11.5 1.25 1.5 2.75 2 66.5 36.25 36.5 2.75 17.5 38.5 4.25 2.25 3.5 36 12 2 23 7.25 25 10.5 10.5 14.75 2.5 2.5 23.25 42.75 14.25 1.25 1.25 1 20 37.75 1.5 1.75 31.5 1.5 7.5 17 34.5 4.75 4.75 6.25 42 9 16.75 4.5 7.75 19.25 1.25 21.75 8.5 4 4 1.5 4.25 9 8.25 5.75 3 2.5 5.75 11.75 
2.5 15.25 3.5 3 21 4 7.25 7.25 2.5 3.25 7.25 2.25 6 3 6 17.25 1.5 42.75 4 2.5 21 11.5 9.75 45 21.25 22.25 1.75 8.25 10 48.25 11.25 5.75 4 3.5 7.75 11 5 37.25 14.5 7.75 5.5 11 3.5 11.5 12.75 4.5 2.75 23.5 10 3.75 18.25 29.75 7.75 4.5 5 4 2 2 17.25 2 1.25 2.5 3.25 1.25 30.75 4 1 14 46.25 17.75 2.5 15.25 8.75 20.75 37 7.75 41 14 14.5 25.75 11.25 27.5 7.5 11.75 10 5.5 13.25 5.75 6.5 18.25 17.25 2 9.75 1.75 54.25 2 5.25 23.5 3.75 27 6.5 5.25 4.25 8 6.5 10.75 4.25 27 2.25 3.25 3 7.75 7 4 20.25 2.25 2.75 1.75 2.25 3 0.5 1.25 3 2.5 17.75 
8.75 27.75 8.25 25 38.75 5.5 7.75 8.5 66.25 36.5 4.25 2 16.25 3.5 3 26 7.5 10.5 36 7.25 9 4.75 5.25 14.75 22.75 32.75 27 37.75 8.5 17.5 13.5 23 28.5 12.75 37.5 19.75 19.25 2.75 15.25 12.25 5.75 16.25 6.5 27.25 4 22 1.75 28.5 7.25 1.5 22 25.5 3.75 8.5 24.75 1 2.25 45.75 7 2.75 1.75 2.75 5.75 3 4 0.5 1 0.5 9 17.5 3 40.75 17.25 9.25 14.25 11.25 11.75 17.75 3.25 30.25 5.25 13 36.25 5.75 25 3.75 5.5 6.5 21.25 4.75 2.5 1.75 1.75 6.75 18 2.75 3.75 5.25 7.5 3 5 4.75 8.25 5.5 5.25 19 1.5 32.75 3 1.75 2.25 2.25 6 35.5 6 2.75 1.25 4.25 1.5 20 1.25 36.5 12 2 12.25 
3.5 27.5 25 4.75 1.5 5.5 14.25 1.5 6.5 31.25 12 36.75 5.25 3.25 2.5 6 20.75 8 5.75 8 36.25 20.5 9 9 71.75 4.25 7.5 17.75 14.5 13 14 8.5 12 11.5 14.75 15.25 10.25 3.75 2.25 1 0.75 2 7.5 1.5 4.5 2.5 0.75 1.5 0.75 1.25 1.25 37.25 5.25 12.25 2.5 3.25 20.75 2.25 1.25 6 1.25 1 2.25 28.75 1.5 1.75 29 3.75 2.75 14.5 6 5.25 27 5 3.75 37 2.5 23.75 4.5 25.25 2.75 40.25 1.75 0.75 12.5 3.75 2.25 2.5 2.75 1.5 3.25 1.75 3 5.5 16.5 20 13.5 1.5 6.75 5.25 11.75 17.25 18.25 13.75 35.25 25.25 1.75 2.5 1.75 11 20.5 1.75 24 1.5 1.75 2 3 41.25 55 5.5 30.75 47.75 0.75 42.25 43.25 
8 8.75 3 7.75 28.25 6 43.75 4 6 5.5 33 12.25 4.25 3.25 23 27 25 10.75 13.25 54.5 8.25 12.25 25.75 13 35.5 53.25 12 5.5 3.75 5.75 26.25 19.5 32.25 3.5 22.5 22.75 1.75 1.75 37.75 1.5 6 26.75 13.25 2.5 12.25 9.25 5.25 17.25 4.25 0.5 3 14 21 14.25 0.5 2.25 1 1.25 9 0.5 0.25 1 1.75 17 1.25 0.5 1.25 2.5 7.25 12.75 11.5 2 30.75 2.75 2.25 2 1.75 2 7.75 2.75 2.5 2 23 26.5 7.5 13.25 10.25 6.5 5.25 36.75 2.25 15.5 2.25 2.25 3 16.25 1.5 37.75 0.75 2 2.75 2.75 34 16.5 2 2 3 2.75 1 2 2.25 26.25 2.25 10 16.25 2.25 29.75 6.25 4.75 4.5 14.5 4.75 3 18.5 0.75 
2 24.75 33.25 19.25 26.25 44 3 15.25 3 2.75 4.75 11 12.75 7.75 15.25 19 21.25 21.75 10.75 6 33.75 26.25 18 15.5 12.25 10.75 57.5 9 9.5 26.5 10.5 17.25 36.75 5.5 3 1.75 3.25 2.5 1 29.75 15.5 13.25 5 2 4 9.75 4.75 23.5 5 33.25 40.5 36 2 2 12.5 30.75 76.75 1.75 1.75 2.25 3.25 2.5 1.25 1.75 2.25 3.25 2 3 2.25 9.25 18.5 1.5 27.5 3.5 38.5 2.75 2.25 5.5 6.75 7 9.5 9.75 9.5 12.25 7 13.75 14 4 2.25 5 1.5 0.5 26 18.5 2.75 3.5 1.5 3.75 2 2.5 2.75 3.25 9.75 1.75 2 5.75 5 25.25 8.25 3.25 1 1.5 1.75 13.75 12 3.25 2.25 13.25 8.5 2.5 26.25 2 4.25 9.25 22.75 
8.75 5.75 48.75 16.25 61.5 14.75 4.25 5.25 5.25 14 7.25 3.5 15 10.5 3.25 22.5 17 36.5 14.5 9.5 18 11.75 9.5 24 6.25 12.25 7.75 6.25 4.5 3 2.5 2 2.25 1.75 2.25 4.5 5.75 2.75 17.75 1.5 4.25 9.75 13.5 1.5 45.5 1.75 1 2.5 2.25 1.75 1.75 0.25 1 2 1.75 6.75 0.75 5.75 1.25 35.25 26.5 20.75 1.25 45.25 3.5 2.25 1.75 1.5 1.25 2 53.5 16.25 28.25 7 3.75 5.25 17 17.25 3.25 4.75 5 2.75 24.75 2.25 15.25 10 8.75 4.25 6 36.75 0.5 31.75 4.25 1.75 1 2 1.25 1.5 9.75 11.75 1.75 51.25 7 20.75 18.5 3.5 40.75 3.75 7 18.75 32.75 18.25 11 21.75 3.75 1.25 5.75 2.75 6 4.25 6 2.25 15.25 48.75 13.25 
9.5 4.75 7.25 5 37 18.25 3.25 18.5 6.5 16 2 13 3.5 4.75 4.5 5.75 55.75 5.75 6.25 13.75 8.5 5 17.5 6.75 19.75 10.5 4.5 6 1.5 6.5 3 34.25 22.75 3.25 3 5.75 10 2 5.5 9.5 3.25 8 5.5 2.25 8 5 6 6.75 15.5 3.25 7.25 4.75 4.25 25 31 26.75 30.75 4.75 13.75 1.5 37.75 4.25 1.25 1.5 1.25 1 1 2.25 0.75 1.5 16.25 3 12.25 16.25 45.5 5.5 28.5 3.75 0.75 2.5 0.75 1.75 1.5 1.75 3 45.25 34.75 8 6.75 21.25 2.5 1.25 2 28.25 5 7.5 6.5 5.5 5.25 9.5 3.5 3 3.5 2.25 9.75 14 7.25 25.25 14.75 29.75 2.25 15 2.75 6.75 1.5 5.5 9.5 14.5 27.25 4 2.5 3.75 7.5 11.25 8 
5.75 4 38.25 4 9 5.75 4.75 3.5 4.75 1.25 2.75 7 2.75 9.25 16 10 13 12.25 8 39.5 14.25 31.75 18.75 3.25 36.5 5 34 5.25 5.25 2 27.25 4.5 7.75 7.75 7.25 5.75 35 7 5 2 9.5 14.25 2 0 0 0 0 0 4.5 1.75 5.5 6 3.5 6.25 25 4.5 2.5 8.25 14.25 5.25 1.5 13.25 3.75 8.5 26.5 1.25 9 26.25 1.75 14 10.25 56.75 6.5 27.25 7.5 32.5 22.75 1.5 13.75 9.75 16 9.5 11.25 4 6 12.75 7.25 2.75 46 8.75 3.25 1.75 2 4.75 40 7 4.75 3.5 1.75 6 4 15.75 2.25 0.75 3.75 4 3.75 3 3.75 8.25 4.75 4.25 4.5 3 30.75 13.75 13.5 17 8 6 10.5 3.25 5.75 8.25 5.75 
6.25 7.75 9.5 9.5 9.75 5 29.75 2.25 2 2.75 2.5 4.75 3.25 8.75 30 6.25 8 9.25 5.75 12.75 14.25 26.5 51 2.25 0.75 1.75 27.5 5.75 2.5 12 37.5 7.75 4.5 11 3.25 0 0 10 16.5 17 9.75 19.75 56.75 98 0 55.75 55.5 2.75 60.75 5 13.25 8 48.75 10.75 2.5 10.75 0 2.75 23.75 10.25 3.5 2.25 2.75 12.75 27 1.75 0.5 4.75 29.5 25.25 4.75 16.75 2.75 26.75 2.75 3 3.75 3 13 14 2.75 27 37.5 35.5 8 29.25 14 2.5 4.75 6.25 1.5 26.75 2.25 9 24.75 35 1.5 2.25 4.5 5.5 5.25 3.5 6.5 2.75 7.25 7 7.25 9.5 10 6.25 1.25 2 4.5 3.5 0.5 11 8.5 1.75 4 6 5.25 7.5 5.75 4.75 8.5 
9.75 11.75 11.75 36.5 5.75 6.75 1.5 2 29.75 2.5 2.75 2.25 2.75 5.75 2.5 7.75 36.25 34.5 4.75 1.75 3.5 28 2.25 24 3.25 9.25 6.75 10.5 10.25 4.25 50.75 0 0 0 0 0 0 0 5.75 54.25 36.25 20.75 46.5 4.5 3 2.5 0.5 63.25 1.5 0 37 3 24.75 40.75 0 0 39 55 77 11 2.5 28.75 2.75 3.5 0.75 2.5 1 21.25 2 2.5 4 15.75 3.5 28 17.5 7.25 10.25 5.25 13.25 13.5 2.25 27.5 13 1.5 2 2.5 18.25 6 22 13.25 3.75 28.75 27.25 9 8.25 7.5 2 20.5 0.75 5.5 4 2 50.25 3 1.25 5.75 3 22.5 9 4.5 3 3.75 3 2.5 44.25 14.25 18.25 4.5 3.75 26.5 41.25 8.75 8.25 13 6.25 
29 15.5 1.75 13 2.5 11 22 1.75 2.75 2.25 2.25 1.5 3.25 3 2.75 5.75 1.25 18.5 4 31.75 3 2.25 2.25 7.5 8.75 8 10.25 49.25 64.75 0 0 0 0 0 34.25 0 59.5 0 0 0 0.5 2.25 2.25 2.25 2 0.5 2.25 1.75 2 0.25 0 0 0 51.25 0 0 0 4 16.75 16 3.25 1.5 2.25 2.25 1.75 1 0.5 1.5 1.75 5 3 14 3.5 30 5.25 5.25 4 48.5 10.25 10.75 7.75 96.75 5.75 0.75 2 1.5 12.25 4 8 6 11.5 7 13.75 26.75 25.25 20.5 3.25 5.5 13.25 1 3.75 2.5 2.25 2.5 0.5 11 7 1.25 27.5 6.5 1.5 4.25 3.5 4.75 24.75 23.5 14.5 12.5 4.25 33.75 27.5 5.75 29 18.5 12.5 
48 14 4.25 12.75 36.25 12.25 2.25 2.25 13 3 2 2.5 1 3 3.25 24.75 29.25 28.25 3.25 2 3.25 3 19.75 12.75 5 19.75 5.75 4.5 8.25 3.5 0 25.5 0 0 0 0 0 0 0 28 57 0 57 1 0.75 2.25 20.5 9 3.25 1 0 0.5 0 3.25 0 2.5 4.5 8.25 20.25 26.75 6.75 0.5 2.25 0.75 2.25 2 3 2.5 1.75 2 25 4.75 13.25 17.75 13.25 6.75 17.25 1.5 10.75 3.75 21.5 9 57.75 2.25 5.25 2.75 5.5 7.5 24 29.5 14.25 4.25 2.25 1.75 0.25 10.75 8.75 21.75 1.25 2.25 3.25 55.25 2 2.5 2 2.25 13.75 15 21.75 3 4.25 3 3.5 1.25 10.25 26.75 7 6 16 3 3.75 0.75 2 2.5 13.25 
18 15 6 9.5 6.75 16.25 1.75 5 20 1.5 2.75 18.5 17.75 2 1.5 14 35 5 26 18 43.75 8 11.75 7.25 1 0 9 17.75 18.25 52 0 0 0 0 0 0 0 0 29.25 0 0 0 39 1.25 2.5 1.25 2 3 30 4.5 55.75 50.75 13 15.25 6.25 6 12.25 9 6.5 2.25 1.75 2.5 19.75 2.5 0.5 1.75 2.5 2.25 6 2.5 26 3.5 18.5 49.75 32 2.25 9.25 37.75 10.5 9.75 14.5 43.5 22.25 16.75 29.25 9.5 2.25 2.25 2.25 0.25 29 19.25 3.75 3.5 2 19.25 33.25 9.75 17 3.25 25.25 12.25 8 2 4 5 22 5 2.75 30.75 5.25 3.5 4.75 2.5 7.5 13 24.25 5.25 8.75 15.25 16.25 4 2 50.5 17.75 
8.25 1.5 11.5 2.25 30.75 1.5 0.75 38.5 3.75 1.5 2 18.75 2.25 10.25 4.5 2 17.75 4 7 5.75 3.25 4.5 8.75 7.5 2.25 7.5 2.75 3 2.5 50.25 0 0 0 0 0 0 0 62.75 13.5 0 61.5 41.75 0.5 56.5 1.25 13.25 2.5 5.5 3.5 5 5.5 1.5 48.75 7.25 8.25 12.5 20.5 2.25 18.75 1 3.25 3 2.5 2 4 3.5 1.75 2 18.5 2.25 2 3 60 4.5 34.75 33.25 9 17.5 38 32.75 7.5 5.25 1.75 1.75 2.75 23.5 19 1.75 28 2 15.5 9 8.25 18.5 3.25 14.5 8 22.25 28.25 34.25 2.25 15.75 7.5 5 5 3.75 18 6.5 4.25 6.75 17.25 4.25 10.25 3.75 8 4.25 16.5 15.75 6.5 34 8 15 2.75 4.5 8 
5.5 3.25 26.75 8.5 1.75 2.75 13.5 4.75 4 31 2.25 2 31.5 12 6.75 49.5 5 5.5 4.5 6.75 14.75 3.75 9.5 2 1 6.25 67.75 0 0 55.25 0 0 0 0 0 0 3.5 0 0 0 0 10.25 3.75 2.75 2.75 8 55.25 46.5 3.25 29 6.75 30.5 1.75 31.5 3.5 35.25 3.25 3.25 1.75 3.75 2.25 1 2 4.25 3 2 8 2.75 4.5 3.5 4 47.75 9 21 51 23.25 2.25 1.25 4 8 1 7.5 32.75 8.75 12 26.5 17.5 0.75 13 9 12 26 21.75 17.5 6.25 32.5 41.25 22.75 29 12.25 2.75 17.25 10 34.75 8 20.5 10.25 9 6 35.75 10.75 4.25 6.5 54.25 29.5 5 10.5 24.25 37.75 5.25 4.5 14.25 11.75 28.75 32 
30.5 12.25 26.25 32.25 1 0.75 7.5 15.25 2.25 2 3.5 10.5 12.75 36.75 13.5 42.5 53 3 13 9.25 58.75 7.5 0 0 0 10 60.75 0 0 36.25 0 0 0 0 0 0 27.75 0 0 0 27.5 0 2 5.5 5.5 29 5.75 46 10.75 5 30 6.25 2.75 4.5 5.5 4.25 2.75 1.25 8.5 19.5 12.25 1.5 3.5 6 9 6.25 21 25.75 38.75 8.25 6.75 5.5 1.75 0.5 0.75 2.25 32 4.75 9.5 8.5 40.75 64 16.5 22.75 9.25 50.5 8.75 2 18 5.75 46.75 7.25 7.5 1.25 14.5 5.25 9.75 23.75 11.5 4 2.25 20.5 6.25 12.75 6.75 27.25 5.25 2.5 9.75 15.25 11.25 2.25 1.5 8.75 3.75 9 7.5 39.25 14 9.75 4.5 5 9.75 33.75 58.25 
3.5 1.25 27.25 2.5 26 2 1.5 1.5 5.5 5.5 8.5 1.25 8 5.75 18 4 2.75 50 2.5 89.25 3 1.25 62.5 26.5 12 0 34.25 0 0 0 17.5 0 0 37 0 0 0 0 3.25 7.25 5.5 6.75 10 83.75 7 8.5 5.5 10.5 8.75 2.25 3 3.5 1.5 5.75 7 6.75 4 4.25 12 7.5 7.5 5.5 2.25 2.25 10.5 56.75 10 13 6.5 35.25 22.25 2.5 3.25 9 11 45.5 51.25 14 8.25 11.5 16 27 6.5 6.5 17.5 41.5 29.25 2.25 14.5 11.25 16.5 43.25 6.75 2.5 14.25 9.75 10.25 11.75 2.75 13.5 14.75 28.75 72 28.25 21 32.5 0.25 38 7 9.25 7 0.75 2.25 2.75 3.25 3.25 9.25 41 30.25 5.5 2.5 5.75 14.5 15.75 25.25 
2 2 8.5 2.5 3.25 3 3.75 4.25 10.75 6.5 10 4.5 4.5 5 8.5 8.5 2.75 4.5 1.75 3.5 1.75 3.5 0.25 0 0 0 3.5 3 0 0 0 0 61 38.25 0 21.5 0 45.25 1 1.75 7.5 4.25 61.25 8 5.75 1.75 2.25 10.5 4.75 1.25 1.5 39.5 3.25 5.5 3.75 3.25 3.75 6.75 6.75 8 20 6 4.25 8.75 4.25 7.75 15.75 26.25 1.75 2.25 8.25 27.5 10.75 6.25 5.75 24.75 16 26.75 5.25 16.5 9.75 4.5 39.5 38.75 6.75 25.25 34.5 2.5 12.25 8.25 39.5 6.75 8.5 0.75 10.5 29.25 17.5 12 4 2.75 4.25 23.75 46.25 11.75 11 1.5 8.75 9.5 6 27.25 21.5 3.5 3 17 7.25 3.25 5 2.5 2.25 2 1 24.25 11.5 34 11 
0.75 11 4.5 27 8.75 3.25 7.75 6.75 4.25 17.75 1.5 5.75 5.25 1.75 2.75 2.5 1.5 3 1.25 3 3.5 7 0.5 0 2.25 59.75 61 4 4 45.25 40 3 19 5 5.5 2.5 3.5 4.25 3.5 4.5 4.75 24.5 11.75 9.75 8.25 1.75 12.75 0.75 8.75 29.25 4.75 3.75 36.75 1.75 3.25 8 4 6.75 11.75 9.75 4.5 4.25 20.5 15.25 10.25 24.5 2.25 17 1.75 1.75 17.5 2.5 12.75 16.5 5.5 54.5 14.75 10 10.25 36.5 9.75 7.75 6 14 11.25 6.75 1.5 19.25 4 21.75 25.75 35.5 13.25 0.75 15 5.75 4.25 14.5 4.25 0.5 4.5 17.75 17 15.75 23.5 4.75 3.75 4.5 9.5 48 34.75 3.25 11.25 10.25 9.25 9.75 6.75 2 3.5 1.75 16.5 3 15.75 39.75 24.25 
11 6.75 9.5 5 5 44.5 6 1.75 1 40 5 22 3.25 18.75 0.25 0.5 41 0.5 1.25 23.75 42 0 9 19.5 0 0 0 8.25 9.75 3 1.75 9 21.5 72.25 11 2.25 4 7.25 11.25 4 3 17.75 3.5 23.5 3.75 23 3 2 6.5 9.25 2.25 4.75 6 5.25 4 13.25 5 32.25 10.75 10 44.25 4 5 4.5 10 20.25 4.75 7.5 38.25 12.5 11 5.5 7.75 23.25 19.5 67.5 25.25 16 20.25 16.75 35.75 24 17.25 11.75 43 53.25 3 2.5 16.25 31 33.5 8.5 0.5 3 11.75 31.25 13 6.5 4 2 11 5 10.5 11.75 28 3 5.75 29.75 8 15.25 14 5.5 7.5 37.75 8.25 8.75 6.25 2.5 5 5.5 11 4.25 12.25 1.75 14.5 
49 10.25 27.25 10.75 3.5 1.5 19.75 55 1 3.25 5 5.5 43.5 0 63.75 1 13.75 1.25 0.25 0 13.25 1 0 0 31.5 0 0 9 13.75 8.25 6 9 5.75 5.75 8.5 6.25 3.5 36.75 1.5 14.75 2.75 2.75 2 2 25.25 0.5 5.5 2.5 2.75 29.25 5.75 10 7.75 3.25 6.25 23.75 12.75 3.75 11 8.25 3 2 2 8.5 12.75 15.5 27.25 9.75 10.5 4 26.75 35 1.75 3 2.75 2 12.25 16 15.5 12.75 6 32.25 22 12.25 17.5 7 24 3.75 19.25 25 13.75 11.75 2.25 4 14.75 14 5.75 11.25 27.25 1.25 14.5 1 18.5 22 8.75 1.75 31.75 19 11.5 7.75 24.25 4.25 25 11.75 9.5 14.25 6 6.5 19.5 6.25 6.25 6.5 6.5 7.25 3.25 
7.75 40.25 13.25 10.5 6 2 0.5 0 2 1.25 9.5 23.25 16.75 5.5 11.75 0 0 0 0 0.25 120.25 1.25 0.5 0 62.25 0 10.75 0 17.5 5.5 18.25 36.5 4.75 8.5 15.25 11.25 22.5 3 6.25 1.5 25.75 30.5 2.25 2.5 6 6.5 16.5 10.25 6.5 6.5 13.5 11 2.25 4 12.25 7.5 7.25 13.25 11.5 2 2.75 2.5 8.5 29.75 16.25 38 3 20.5 3 11.5 20.75 13 43.75 24 22.25 4.25 2 3 1.25 3.25 3.5 4.75 23 12.25 25.25 1.5 11 7.75 46.75 12.5 41.75 6.25 3 5.75 23.75 26.25 31.25 43.25 3.75 1.25 8.75 9 7.75 7.25 6 2.75 9.75 29 65.75 6.5 5.5 4.25 2.75 6.75 58.5 8 2.75 74.5 3.75 2.25 48 2.75 2.25 1.75 14 
7.25 5.25 2.75 0 51.5 2 0 21.75 0 0 2.5 17 60.75 2 0 42 19.25 1.75 38.25 33.25 4.75 1 0.25 0.75 3 0 22.25 101.25 13.25 7.75 13.25 6.25 8.5 3.5 3 0.75 2 7.5 2.5 2.75 8 7.5 12 4.75 5.5 7.75 47.25 6 5 18.75 8.25 27.25 3 35.5 5 31.75 5.25 5.75 33 1.5 2 18 0.5 13.5 11.5 3 14 17.25 3.5 60.5 19.75 7.5 6 4.75 17 10 3.75 19.5 1.5 1.75 8.75 5.75 31 5.25 30.75 33 11.5 14.25 20 23.5 2.75 1.75 3.75 9.5 8.5 37.75 8.5 4.5 1.5 2.5 5.25 30.5 5.25 14.25 14.5 2.75 10 10.75 17.25 37 24 26.25 4.75 13 26.5 6.25 27.25 3 4.25 3.25 3 27.75 2 3.25 0.5 
2 0 0 0 0 0 0 0 0 0 0 0 49.25 0 0 2.25 45.75 7.75 4.25 54 7.5 4.75 3.5 3.5 1.75 0.5 5.75 18.75 12.75 39 5 4 7 3 5.25 2 35.5 2.75 3.25 10.5 8.25 11.5 11.75 23.5 4.75 8 21.75 16.25 14.5 3.75 21.5 30.25 10 5.75 5.75 15.75 9.5 13.25 5 13.25 1.25 22 14.75 15.25 22.5 8.25 8.25 17.5 6.5 11.75 29.5 8.75 7.25 7.5 9 14.25 22 67.25 4 4.5 4.75 30.25 12.25 33 7 25.25 3 3 1.5 2.5 1 1.75 21.75 3.75 7.25 39.5 9.75 3 2 2.5 2.75 10.25 8.5 8.25 2.25 3 39.5 33.5 37.75 32.5 36 5 13.75 29.5 27.5 9.5 8 2.5 9.75 6.5 6.25 3 2.75 1.5 4.5 
0 0 0 0 0 0 0 50.5 0 0 0 0 11.75 8.5 7.25 18.25 5.75 4.25 9 24 8.5 14.25 16.75 3.75 5 14 16.25 15.5 14.75 2.25 5.75 2.5 1.25 31 4.75 95.5 28.5 3.25 7.25 7 19.5 43.25 8.25 12 9.25 41.5 10.5 8.25 7.25 7.5 6.75 10.25 17 3 5.5 8.25 20.25 16.25 7.5 1.25 2.75 4.5 32 7.75 12.25 2.75 16.5 17.25 58.75 3.25 31 20 19.25 1 3.75 34 31.5 6.25 2.75 1.75 32.75 24 3.75 10.25 68 33.25 10.5 8.5 27.25 2.75 8.5 21.75 10.75 4.25 5.25 3 1 1.25 31.5 13.25 6.5 6.75 12 35.25 3 4 12.5 22 17.5 52 25.25 2.25 9.75 11 25.5 7 41.75 8 8.75 37.25 3.5 2.25 12.25 4.5 10.75 
0 0 9.75 0 0 0 0.75 11.25 51.5 0.75 19 18.75 6 11.25 3.75 23.5 5.75 7 61 8.75 9.25 18.75 10.25 3.5 6.25 10.75 4 11 26.75 2 18.25 2.5 50.5 33.75 68.5 6.75 4.25 36 39.5 14.25 3.25 7.25 3 2 6.75 4.25 8 16 4 9.75 20.25 6.5 11.25 36 6 9.75 19 4 8.75 2.75 1 42.75 55 8.25 19.25 45.25 25.75 10.25 2.5 3.25 13.75 22 33.5 4.25 2.5 2.25 3.75 8 38 6 9 2.25 1.75 13.75 31.25 16.5 12.25 7.25 15.5 5 3 5.75 4.25 8.75 3.5 2 3.75 2.25 1.75 13.5 24 12.5 17.25 6.5 1.75 1.5 7 9 8.5 17.5 5.5 2.5 10.75 9.5 15.25 10.25 43.75 17.75 10.5 15.25 20.75 2 2 20.25 11.25 
15.25 14.75 42.75 0 0 0 1.5 13 8.25 14 13.75 10.75 5.5 7.75 6 15.75 7 22.5 7 3.75 34.75 9.75 13 14.75 14.5 9.5 7 2.25 28 10.5 24.5 20.25 18 6.25 22 9.5 17.25 28.75 31 8 3 8.25 34.5 5 41.75 4.75 8.75 4.25 5 6.25 11.5 15 2 5.25 9 4 16.25 3.5 7.5 37.25 2.5 7.5 69.5 41.5 27.5 0.75 34.25 5.75 3 15 17 15.5 13.25 6.25 42.5 5.75 10.25 16.5 2.75 36 19.5 33.5 3.25 3.5 15.25 5.25 2.5 1.75 15.25 9 11 3.75 3.75 6 10.5 15 4 2 36.5 10.5 47 6 6.5 1.25 61.75 2.5 3 7.25 45 21.75 7 9.5 43.75 9.75 17 6.5 66.75 20.25 23.5 16.5 3.5 3 2.5 3.5 19.75 
3.75 2.25 2 57.25 10.25 16.5 12 6.75 6.5 6 8.5 4.75 7.5 4.75 6.25 2.75 11.75 8.75 32.75 3.75 5.75 3.25 10.75 15 11 3.25 8.25 4 2.5 4.25 17.75 17.25 6.25 12 7.5 16.75 10.25 15.75 34 10.5 3.75 5.25 6.25 4 49.25 18 6.75 20 35 9 53.25 14.75 32.25 12.5 25 6 10.5 11.25 4.25 2 1.25 11.75 17.75 5.25 6.5 34.25 34.75 1.5 17.25 2.5 7.75 18 25.5 8 34.5 13.25 25.25 40 6.75 18.5 3.5 6 6 14.5 7 3 5.75 5.75 36.75 27.5 9.25 5 8.25 6.5 3.5 10.5 4.25 3.75 3 4.25 5 9 4.25 2.75 2 5.5 1.5 4.5 3.5 18.5 3.25 5.25 19.75 33.75 5.5 3.75 13.25 26 31.25 27 4.25 1.25 1.25 5 4.5 
4 3.25 49.75 7.25 31.75 14.75 1.75 3.75 10.5 9.25 3.5 3 12.5 4.25 6.5 6.75 11.5 2.75 34.25 43 17.25 13 8.5 8.5 14 6.75 4.5 2.75 8.75 18 8.25 7.5 0 27.75 81 12.25 6.25 11 14 9.75 7.25 9 11.5 33.25 6 5.25 7.25 3.5 5.5 7.75 20 12 3.25 36 3.5 40.5 35 8.5 6 1.5 30.5 7.25 10 20.75 2.25 3.75 34 5.75 3.75 1.75 9.5 25.25 1.75 7 64.25 11 37.75 40.75 1.25 20 11.75 7.75 3.5 14.25 5.5 28.25 13.75 10.5 10 25.75 37.25 9 3.5 12 13.25 9.75 7.25 2.25 2.25 22.75 6.25 8.25 10 7.5 25 20 9.25 29.25 22.25 24.5 3.25 5.5 27 20 7 8 9.75 2.25 26.25 21.5 2.75 1 2.75 7.75 3.5 
6.5 5 58.75 19.75 15 14.75 8 7.5 2.75 8.5 10 8.25 3.25 13.75 17 5.25 5.75 1.75 4 1.25 9.75 9.5 8.5 3.75 40 8.75 2.5 9.75 19.75 10 1.25 5 1.25 2.5 13.75 10 15 25.5 5 32.75 8.25 3.5 41.75 10 41 7 4.25 5.5 3.75 5.5 15.25 7.5 6.5 13.5 3.5 15.25 15 5.5 1.75 4 4.5 7 6.75 28.75 1.5 9.25 19.5 5.25 8.75 37.5 12 62.75 0.75 14 3.5 13.75 31.75 29 23 10.75 51.75 5.5 10.75 17 28 5.5 1.75 51.75 3.5 38.5 2 9.75 4 13.75 5.75 8.25 8 3.5 2.75 5.5 6.25 9.75 11.75 2.75 2 62 26.75 4 11.75 33.25 3.5 11 7 6.75 5.75 6.75 4.25 4 42.25 32.75 23.25 2.75 2 44.75 4.25 
11.25 5.75 1 37 17 32 7 8.5 7 7.75 6.25 18.25 1.25 34.75 5.75 4.25 27.25 8.75 5.5 13.75 22 9.75 2.5 5 8 4.75 9.25 18.75 6.5 4.75 6.75 54.75 13.75 74 8.25 49.25 6 11.5 3.5 37.25 5 6.75 18.25 10.25 47.5 42.25 5.5 15.25 18.75 1.75 7.5 8.25 13.25 6.75 52.75 10 8.5 14.25 30.75 2.75 3 9.5 2.5 9 26.5 49.75 4 3 2.25 24.5 42.75 19.25 56 8.25 46 5.25 45.75 9.25 10.25 43.5 10.75 13.75 10.75 43.5 2.25 3.25 17.25 10 9.5 56.25 7.25 9 19 8.75 17 7.75 6 4.25 1.75 4.5 10.75 14 10.25 13.75 32.5 3.75 14 12 9.5 2 14.75 17.5 7.75 15.75 16.75 4 5 5.75 7.25 29.5 2 16.75 16 3.75 14.75 
13.5 12.25 2.75 42.5 12.5 8.25 6.75 6.75 3.75 5.25 8 10.75 70.25 7 3.25 33 2.75 21.25 5.5 21.5 7.25 4 6 24.75 2.25 7 10.75 4 6.25 4.5 7.25 6.25 7.75 12.75 14.5 16.5 25.25 13.75 1.5 13.5 41.25 10.25 4 25.5 42.5 17.5 15 14.25 3.5 5.75 6.75 15 48.5 4.5 5.5 14.75 3.75 6 1.25 1.5 4.75 11.5 4.75 10.5 1.25 13 7.5 3.75 0.75 22.5 29.25 15.25 3.25 31.5 11.75 3.25 6.5 23.25 6.75 6.5 9.5 16.25 22 8.25 1.25 2.5 11.75 5.25 20.75 25.5 44.5 6.5 21.5 26 11 7.25 18.25 3.75 2 4.5 8.25 4 10 3.5 1.75 13.25 5.5 22.25 16.5 3 1 26 41.5 22 7.75 7.5 5.5 8 4 8.5 2.25 3.75 4 5.5 32.25 
9.25 8.5 11.75 8.5 10.5 24.5 10.5 8.25 7.75 4.75 4.75 6.25 63 4.25 10.75 2.5 6 3.25 6.25 12 14.5 5.5 52.25 13.5 10.25 8.25 27 4.75 3.5 4.25 3.75 13.5 6 28.25 25.5 20 7.75 26 9 4.25 7.25 4.25 4.25 5.25 8 6.75 6.75 13.75 8.75 20.75 19.5 28 11.5 9 7.25 12 5 3.75 17.25 2.25 1.75 15.25 63.75 17 2.25 49.5 7 0.5 9.75 17.25 39.5 34.5 5 48.75 33.75 35.75 2 2.25 1.25 38.75 8.25 6.75 7.25 1.5 1.5 1.25 19.75 2 34.25 9 3.75 7.5 12 16.75 11 5.25 8.5 3.5 2.5 1.75 32.75 4.5 6 3 13.75 39.25 42.5 7.5 15.75 2.5 1.25 23.25 6.75 12.75 74.25 40 10 3.75 18.5 42.25 1 1 32 38 41.75 
4.5 8.75 5 13.25 9.75 3.75 21.75 14.25 5.5 31.75 3 8.5 4.5 5.5 4.5 4 1.75 11 3.25 34.5 7.5 4.5 3.75 10 22.25 11.5 37 1.75 3.5 4.75 6.75 3.75 6.75 12.25 7.5 4.25 5 8.25 16.5 7.5 24 8 4 7.25 6.5 12.25 8.25 11 2.5 54.75 11 22 5.25 11 3.5 15 10.25 11.25 6.5 27.5 17.25 25.5 12.5 8.25 1.75 25 29.5 12.75 12.25 19.25 24 21.25 10.5 31 4 5.5 22.5 5.5 3 1.25 3 1.5 40 1.75 1.5 4 16.5 2 27.5 21.5 6 6 6 39 15.75 23.75 21.25 3.25 1.75 4.75 8.5 2.75 27.5 0.5 12.5 5.75 62.5 29.25 11.75 2.5 3 6.5 16 4.25 34 4 6 7.5 46.25 34.75 2.75 2 2 79.25 0.5 
3.5 1.75 7 31.25 7.25 15.5 5.5 6.25 2.25 6.75 4.75 5.25 4 14 7.25 5.25 6 9.75 3 17.5 16 27 5.25 20.75 12.75 13.5 17.25 4.5 39.5 0.5 58.25 3.5 6 19.25 48.75 9 1 5.25 5.5 17.25 6.25 10.75 15.25 5.75 5 3.25 12.5 8.5 2.75 55.75 3 2.75 8 31.75 4 25.75 8.5 2.5 1 1.5 5.75 15.5 13.5 4.75 4.75 53.75 11 9.5 43 22.5 26.25 1.75 23.5 12.25 8.5 2 35.25 54 39.25 7 32.75 7 34.25 2 1.5 4.75 11.5 6.5 28.5 29.25 14.25 2.5 29.5 3.25 13.5 6.25 8.25 1.25 2.25 10.5 10.75 25.75 27.25 1.25 3.5 1.75 20 2 26.5 3.5 16.25 19.5 13.75 27.25 7 5.25 39.5 9 3.25 3.25 1.25 1.75 19.5 17.5 10.5 
2.25 3.5 20.75 12.75 10.25 23.25 10.75 38.75 7.25 7.5 6.25 23 8.75 22 2.5 11 13.5 5 3 38.25 5.25 2.75 24.5 12.75 1.5 2.25 4 9 67.25 0 5.25 5.5 2.25 57.5 4.5 5 50.75 20 10 11 15 4.25 22 10.5 18.75 3 19.75 5.5 5 37.25 36.25 10.25 7.75 22.5 8.5 9.25 16.25 13.5 37.5 5.5 23.25 47.5 18.25 7.25 8.5 44.75 7.75 7 9.5 20 20.5 1.5 24.5 18 2 2.5 28.75 3.75 33 30.25 35.25 7.75 27.5 1.75 1.25 1.5 19.75 3.75 41.5 22.75 14.75 3.5 24.75 8 8 11.5 19.25 2.5 4 6.25 21.5 10.5 1.75 1.5 3.25 11.25 2.75 4.75 27 28.25 22 29.25 16.5 6 9.5 13.25 3.75 7 1.75 37.75 7 3.25 5.25 12.75 4 
9 3.5 9.75 3.5 12.75 9 12.5 7.75 10.75 4 4.5 3.25 4 41.5 2.5 4.75 23 6.75 60 23.75 31.5 24.25 34.25 59 14.5 4 3.25 27.75 2.75 0 0 1.5 1.5 9 62 6 26.5 23 6 9.5 0.5 15.5 25.75 6.5 16 4 14.75 2 8.5 23.75 6.75 4.75 17.75 11.25 6.75 9.25 18.75 3.25 1.5 12.75 44 6.75 44.25 3 35.25 25.25 6 3.5 12.5 31.5 15.5 8 35.75 7 2.25 3.75 16.25 8 11 18.5 8 84 62.75 1.75 2.25 3.5 19 8.5 27.5 14.25 10.25 2.25 33.75 9.5 10.25 8 5 0.75 1.75 17.5 6.5 6.5 1.25 1.25 4.25 2.5 5 23.5 1 32 19.75 13.75 28.5 58.5 21 4 3.75 4.25 2 1.75 1.25 5.25 43.5 1.25 16.5 
7.5 1.75 5 3.5 9.75 6.75 7 7.5 7.75 10.5 3 2.75 18.5 2.25 1.75 1.25 1.25 5 7 3.5 18.5 45.25 5.5 44 34 5.5 6 0 0 0 0 0 2 105.5 56.75 5.5 4.25 53.25 1.5 3 9.75 10.75 16 9.5 1.75 2.75 13.5 4.75 1.75 5.5 5 9.75 6.75 5.75 8.25 21.5 7.75 35.25 2.25 33.5 5.25 7.75 15 60 4.5 11 37 21.75 10.25 26.25 10.25 4 61.75 6.5 1.75 4.25 33.75 1.25 4.75 5 14 4.75 57.5 2.75 16.5 29.25 3 18 15 55.75 4.25 5.5 17.75 12.5 4.5 9.25 27.75 4.75 46.75 8.5 4 6 1.5 16.75 3.75 6 3.25 26.75 3 2.5 5.25 15.75 32.75 3 4.5 14.75 6.75 4.25 2 1.25 9.25 12.25 7 5.25 7.25 
7.25 30.75 15.75 10.5 3.25 2.75 6.75 22 17 2.25 1.75 2 18 30 3.25 2.75 6.75 44.5 2 7 25.5 8.75 0 28 38.25 12.5 10.75 0 0 0 0 0 0 0.75 5.75 4.25 4.75 4.5 55.25 4.5 2.75 23 27.75 14.5 13.75 28.5 1.5 2 27.25 12.25 32 30.5 3 30.25 4.75 7.75 14.5 2.25 3.5 5 6 18 15 6.75 41.25 12.5 6.5 20.5 1.25 1 3.25 5.25 56 2.5 1.5 26.5 9.5 1.5 1.25 0.75 3 0.75 2.75 2.5 2.75 19.25 2 25.75 21 3 27 3 19.25 9.5 8.5 10.75 4.75 2.25 9.5 8.5 10.75 24.75 2.75 1.25 2.75 14 3.25 3.75 1.5 2.25 20 40 9 10.5 6 3.25 12.25 2.25 34.75 0.75 1 1.5 2 40.25 9.75 
13.75 5.5 8.5 5.25 4 2.75 3 3.25 10.25 0.5 16.75 1.5 3.25 2.5 5.5 8.75 5 2.25 12.25 20.5 14 0 2.25 25.75 0 0.25 1 0 0 1.25 0 39.25 0 0 3 6.5 0.75 2.75 3.5 56.25 15.75 8.25 21.75 16.25 4 36.75 2.25 2 3.25 8.75 8.5 5.25 10.25 4.5 3 3.25 2.5 1.75 2.5 2.25 7.5 11 8.25 8.75 8.5 6.5 7.25 18.25 56 1 1 6 34 7 2 25.5 3 1 2 2.25 1.75 2.5 2.25 17.5 2.25 34.5 21 44 27.5 1.25 4.25 4.25 45.25 26.25 10 8.5 2.75 4.5 13.5 32.25 7.25 6.25 2.25 4.25 19 31 3 4.75 1.25 1.75 28.75 16.75 7 3.5 8.75 3.25 3 2.75 2.25 3 2 1.5 27.5 3.25 30.75 
2.5 2.25 3.25 20.25 6 41.5 5.75 1.5 1.25 1 1.75 36.75 2.75 2.75 3 6.5 29.5 14 16.25 19.75 2.5 0 0 0 0 0 0 34.5 52 0 0 0 0 28 42.25 3.25 4 5 6.25 10.75 29.25 5.5 32 44.75 6.25 2.75 1.5 1 2.25 1.25 3.75 2 2.5 56.5 11.75 2.5 22.5 1.5 18.25 1.75 13.75 11 10.5 15.25 5.75 2.75 12 6.75 1.25 2 1 12.25 1.5 36.75 2.5 4.5 10 2.75 9.25 4 3.25 3.75 28.25 12.5 3.75 11.75 3 48 23.5 12.5 19.5 15.25 21.25 19.75 6.5 40.25 1.5 1.5 3.5 13.25 33 4 4.75 3 5.75 3.25 2.25 6.5 2.5 5 14.5 19.25 5.5 6.25 2 24 3.75 2.75 3 2 1 2 6 7.5 11.25 
31 4.5 1.5 3.25 6 10.5 8.75 8.5 1.5 2 1.25 0.75 2.25 1.75 1.25 8.25 12 15.25 16 36.75 0 0 0 0 0 0 3.5 2.75 3 0 0 29.5 0 0 12.75 4 0 3.75 46.75 40.25 13 22.75 53 23 24 6.5 3.5 29.5 15.5 2.5 1.75 2 2 1.75 1 1.5 35.75 1.25 2.25 3.5 11.5 24 1.5 2.75 2.25 2.5 3.5 3.25 4 55.25 20.75 3.75 13 31.75 1.25 2 0.75 1 1.75 2.5 50 7.5 7.5 23.5 10.5 20.25 2.5 8.5 6.75 2.75 4.5 9 44.75 28 17.75 5.75 12 13.25 1.5 43.75 27 2.75 4 32 1.25 2 2.25 1.75 2 5.5 5.5 16.5 23 8.25 3 6 47.75 24 75.75 4 3 2.25 2.5 2.25 21.75 
2 2.25 24 22 2 7 6 17.5 3.25 2 36.25 5 2.25 2.5 3.5 4.25 28.25 13.25 12.25 45.25 37.25 45.5 0 0 0 0 0 0 2.75 2 0 0 3.5 60.25 0 0 2 2.25 4.5 2 4.5 4.75 3.25 4 4.5 5.5 4 5.75 3 1.75 3.25 16 0.5 1.5 2.25 7.5 6.25 15.75 36.75 5.25 4.75 20.75 3 9.5 16 6 2.5 6 5.5 1 1.75 2 1.75 3.75 4.25 3.75 30.25 51 51.25 8.5 6.75 4.75 23.75 2 13 14.25 27.5 7.25 4.75 2.75 13 44.5 7.25 9.5 8 2.25 36.25 4.25 7.75 12 41 3.5 3.75 5.5 3.25 2.75 3.25 35.75 21 23.25 14.5 19.75 35.5 7.25 61.5 16.75 17.25 2.25 2 43.25 25.75 4.25 18.5 1.25 9 
8.25 2.75 3.5 3 26 5.75 4.75 12.5 3.25 1.25 3.75 11.75 5.75 9 23 5.75 4 4.75 14.75 20.25 4.5 57.75 6 54.75 0 35.25 0 0 0.75 21.5 3.75 2.25 1 0 0 47.5 1.75 0.75 0.5 0.75 7.25 13.25 52.75 1.75 3.75 2.75 2.25 6 56.25 21.5 4.75 66 5.25 3.75 52 18 17.25 15.75 7.25 14.25 10.75 23.5 27.5 34 2.25 3.5 2.5 3.25 3.75 6.5 10 7.25 2.5 4.25 3 1.5 1.75 1.75 2 1.25 39.25 2.75 1 26.25 19 6 6 1 2.75 2.75 42.25 6.5 20 9 3.75 2.5 13.25 11.5 12 14.75 7.25 16 34.5 19 15.25 11.75 2.5 4.25 3.25 7.25 49.5 7 8.75 7.75 20.25 8.75 62.5 35 30 28.75 24.75 41.75 1.75 3.25 28 
5.75 5.25 1.5 2.75 2.25 0.25 1.75 3.5 12.25 4.5 3.75 2.25 1.5 3.75 3 9.75 18 3.75 12.5 11.25 11.75 10.25 9.25 0 5 55 0 26.25 57.25 6.5 25 4 4.75 18.5 0 1.5 4 2 1.5 3 1.75 1.5 46.5 3.75 2.25 1.75 1.75 2 2.25 58.25 2 48 2.25 49.5 8.75 7.75 7 7.75 7.75 11.25 20.5 9.75 2.25 8.25 34 5.75 12.25 1.25 6.25 4.25 12.25 2.75 1.5 5.5 7.5 3.5 29 12 1.75 3.5 33 2 0.5 1.25 1.5 0.75 0.75 0 1 2.25 34 2 3.75 2.75 2.5 2 4.5 5.5 6.75 5 5.25 36.25 10.75 21.5 11 8.5 9 6.5 40 8.25 21.25 8.5 15.5 4.5 5.75 14 1.75 2.75 64.25 31.25 11.5 5.5 28.75 2.5 4.5 
2.5 3 10 23.5 27.75 27.75 1.5 1 20.5 45.75 5.5 3.5 3 2.5 4.5 3.25 1.25 25 36.25 9.75 10.25 9.25 69 0 0 0 0 0 0 40.25 7.25 5 8.5 1.25 2 2 51 17.25 1.5 4.25 0 1.75 1.75 2.75 3.5 21.75 4.25 39.25 4.75 19.25 1 0.5 48.25 0 1.25 1.5 3.5 3.5 13.75 19.5 17.25 11.25 2.25 3.75 4.5 3.25 1 16.5 27 2.75 4.25 30.5 23.25 2.75 9 10 20.75 14.25 2.25 11.25 3 2 41 4.5 4.25 6.5 3.75 2 1.5 2 2.25 1.25 2 4 5.75 2.5 21 2.25 1.25 2 30.75 2.75 3.75 3.5 9.25 5.5 3.25 7.5 6.5 8 26 7.25 33 6.25 11.75 28 2.5 14.25 41.5 25.75 19.5 6 5.25 3 3.25 
6.75 43.25 21.5 14.5 4.25 1.75 2 13.75 9.75 9.25 15.25 9 5.5 5.25 33.75 3.25 37.25 1.5 7.75 7 34.25 10.25 35.75 10.25 0 0 0 1.5 0.75 55.5 13.25 3 10.75 11 2.25 2.5 1.75 3 4.5 22.25 2.5 28.25 19.75 1.75 4.5 45.5 9.75 4.25 34.5 2.5 0.25 0 0 57 0 0 14.75 20.25 44.75 29.5 10.25 3.5 7.75 1.5 1.5 1.25 14 1.75 1.5 2.75 3 35.25 1.75 2.5 20.25 20.75 3 5 7.5 10.75 16.25 3 5.5 21.75 6.5 6.25 3.75 4.75 6 4.25 2.5 7.25 8.5 6.25 5 3.5 30.75 3 1.25 17 3.25 1 19.5 2.25 3.25 2.25 3.75 7.5 1 4.75 56.5 5 8 4.25 3.75 26 13 17.75 40.75 13.75 12 31 8.75 7.5 2.25 
4.25 19.75 18.5 7.25 4.75 12.25 9.75 11.5 22.75 2 1.5 19.5 10.5 16.75 34.75 4 3 2.25 3.5 6.75 9 9 4.75 3.25 0 0 0 49.75 1 25.5 5.5 3 5 106.5 2.25 1 1.75 0.75 0.75 1.5 1.75 2.25 1.25 40.25 61.75 2.75 36.5 0 0 0.75 0 0 0 13.75 0 0 0 36.25 58 55.75 27.75 3.75 1.5 5.25 3 34 2.75 2 1.75 2.5 4.5 2 1.75 1.5 4.25 4.5 3.75 18 1.5 15 25.25 1.25 2.75 20 7 3.75 50.75 6.25 38.75 15.25 3.25 5.25 5.25 29.25 6.5 7.25 47.5 4.75 4.25 3.75 4.75 2 1.5 3.5 4.5 8.25 31.5 3.75 2 4.5 47.75 10.75 33.75 52.5 5.75 44.5 27.75 14.75 15.25 3.25 10.25 4.75 2 13.75 17 
9.75 17.25 7 46.75 4 3.25 5.25 5 29.5 19.25 1.75 5 3.25 9 4 3.25 2.75 3.25 1.75 37.75 13.5 51.5 8.25 2.75 0 0 0 0 0 15.25 4.75 33.25 11 16.5 3 2.5 3 18.25 32 26.25 1.25 20.75 1 1.75 47.75 3.25 2.25 0.75 2.75 1.5 0 0 0 0 0 0 44 5.75 63.25 9.75 29 22.75 1 4.75 2.5 2.25 4 1.25 1.5 5.5 3.25 4 3.75 2.75 17 1.25 1 2 2 1.25 0.75 11.5 2.25 2.5 2.75 0.5 2.5 2.25 3 36 6.25 7 5.25 9.75 3.75 6 1.5 0.75 37.75 4.25 5.5 4.25 3.75 33.25 35.25 11 5.75 5.25 36.5 33.25 19 9 9.5 10.25 62.5 44.25 38 12 10.5 8.75 11.5 10.5 49 17.5 13 
29 5.5 22.75 2 12.75 27.75 3.5 7.5 10.5 6.5 3 20.5 3 24 14.25 2 2.75 1.75 19.5 3.25 3.25 4 11 12 0 0 0 0 53.5 62.25 35.25 25.25 6 21 2.5 2.25 33.5 17 0.5 0.75 0 1.25 0.25 2.75 3.25 2.25 8 8.5 5.25 3 0 76.5 31.25 0 0 0 0 6.75 25.75 5 24 40 17 3.5 4 2 25 25.25 29.75 2 1.5 24.75 3.5 25.75 1.75 2.75 3.75 4.5 0.75 2 2.25 2.5 3.5 0.75 3.25 2 5.5 3.25 2.25 2.25 1.5 7 5.75 7 3.25 4.5 2.25 4.25 4.75 0.5 10 6.5 6.5 9.25 30 10.25 7.5 34.5 2.75 7 51 4.75 55.75 10.5 38.75 28.5 8.25 52.75 7 15.25 11 44.75 49 11.25 34.25 
9.75 1.5 1.5 1.75 2.5 2.25 2.75 24.25 18.25 19.75 3.25 1.25 3.25 2.75 1.5 38.25 28.25 3.75 1 19.5 2.5 18.75 31.75 51.75 9.5 0 0 0 0 3 4.5 3 52.75 34.5 1.25 2.5 1.25 2 0 2.25 4.5 2.75 2 17.25 2.25 5 10.5 10.75 17.75 59.25 2.5 5.25 0 0 2.5 2 3.5 9.25 5.5 6.75 4.75 2.75 5.5 8 35.25 7.5 14.75 9.5 1.25 15.75 1.75 8.5 19.75 1.5 3 25.5 4.5 3 20.25 39.5 1 26.75 2.5 3.25 2 0.5 2.25 2 1 1.5 1.25 9.75 7.5 1.5 8 38.25 2 5.25 2.25 22.5 4.5 4.75 2 57.75 11.75 10.5 14 6 2 14 12.75 6.25 9 9.25 29 23.25 8.25 4.25 18.25 8.25 11 19.25 8 22.25 5 
31.5 4 0.75 29.5 21.5 2.5 26.75 31.25 76.25 30 6.5 24.5 2 3 3.5 4.5 5.75 3.25 2.75 1.75 22.75 31.25 6.75 8 11.5 7.25 0 37.25 0 52.25 15.25 0.75 4.5 2 9.25 10 2.25 0 29.75 61 75.25 3.25 1 0 0 0.5 105.5 4.5 3.5 4.75 104.75 63 12.25 0 9 4.25 22.5 18.25 12 1.75 2.25 1.75 1.25 38.5 4.5 7.25 4 6 5.25 9.5 6 13.25 9.25 39.75 1.5 1 8.25 14.5 6.5 3 4 11.25 5 8.75 20.25 3.75 2.25 7.75 2 6.5 2.5 2.25 8.75 2.75 1 27 3.5 0.75 1.5 1.75 2.75 2.75 5.5 21.5 28 14.25 6.75 2 4.5 28 25.75 14.75 11.25 7.75 18 18.5 10.25 12.75 45.25 7.5 9.5 10.5 36.75 5 8.75 
1.75 2.5 2.75 3.5 3 32.5 26 27.75 22.25 8.25 19.5 20 9 3 2.25 0.25 8.75 9.75 1.5 1.75 2.25 43 0.75 5 7.75 12 7.25 0 0 0 0 0 34.25 37.75 2.25 4.5 0 49.75 68 2 90 2 3.5 4 75.25 0.5 2.75 1 60 9.5 2.5 3.75 5.25 37.75 6 1.5 34.5 3.5 17.5 2.75 2.5 25 2.5 23.5 1.25 11.5 10.5 6.75 1.25 69 4.75 5.75 48.75 7.5 20.5 9.25 13 7.25 4.25 7.25 5.75 8.5 9.75 2.25 9 1.75 22.75 22.25 2 3.25 19.25 3.75 3 28 40 3 2.5 23.25 1.5 4.25 28 2 3.5 5.75 2.75 6.5 10.5 9 9 16.75 28.25 11.75 11 7.5 5.75 45.25 10 16.25 17 26.5 18.25 5 5.75 10.75 5.75 
1 2 1.75 23.25 34.5 13.25 61 25 4 24.5 8.75 45.5 6.5 22.75 4 4.25 2.5 32.75 10.5 21.5 4.25 0.75 2.5 1 5.25 11 38.5 37.25 20.75 0 0 40.25 1.5 2.5 2 4.75 6.75 0.5 40.25 0 2.25 30.5 1.75 2.5 6 0.75 2.5 3.5 26.75 4.5 4.25 7.75 6.25 3 1.25 3.25 10 1.5 18 3.75 4 3 6.25 1.5 1 39.25 3.75 2.25 20.5 2 3.25 1.25 4.25 4.5 2.25 3.25 2.5 4.5 4.25 9.5 37 56.75 37 15.75 6.75 9.5 2.75 20.5 3.25 9.5 12 9.25 9 6 8 1 4.25 2.75 1.25 3.75 1.5 14.25 2.5 3 2.25 5 3 3.5 11.75 17.25 3.25 13 4.75 3.5 1.75 13.75 7 5.75 7.25 13 11.25 12.5 3.5 6.25 3.25 
3.25 1 5.75 49.5 3 13 23.5 8.5 37.75 7.5 0 0 38.25 14.25 28.75 6.75 3.5 3 1.75 9.75 1 2.75 17.75 3 2.75 7.25 5.25 14 3 2.25 1 0 0 45.5 1 3 54.25 1.5 1.25 1 2 56.25 1.5 1.25 1 13.75 1.25 3.5 23.75 1 15.25 3.75 47.75 4 11.5 5.25 23.25 14 2.75 27.25 2.5 5 9.25 2.25 0.5 1.75 2.25 2.75 1.75 13.5 5 8.25 56.5 1.5 17.75 1.5 0.5 0.5 0 81.25 6 12 15.5 12.25 14.25 6 21.25 15.25 12.25 15.5 9.75 3 11.25 27 15.25 40.75 4.5 2.75 2.75 5.25 3.75 39.25 4.75 2.75 2.25 2 21.5 1.5 5.5 13.25 30.75 19.5 2.5 11.75 4.5 1.5 2 2 4.5 4 2 4.75 12.5 17.25 10.5 
12.5 4.25 33.5 20.25 5.25 28.25 9.75 45 79.5 0 23.5 0 0 54.5 9.5 5 2 2.75 17.25 29 7.75 1.75 3 2.5 5.5 2.25 7.75 13.75 8 8.25 64 0 2.5 2 3.75 0.75 2.25 2.5 2.25 3 23.75 4.5 2.75 38.5 0 2.25 1.25 1.25 2.25 2.75 1.25 16.5 3.25 1.75 41.25 12.5 1.75 4 5 46.5 3 5.25 45.25 1.5 1.25 3.5 2.25 2.5 3.5 14 7 10 54 9 1.75 2.5 3 3 2.25 2.75 44.75 9.75 2.25 14.25 18 11 50 24.5 8 6.5 22.25 11.5 12.25 14.75 12.25 27.75 2.5 5.75 9.75 5.75 15 26.5 7 10.75 3.25 38.5 6 4.5 11.25 17 11.25 11.75 1.75 37.75 3.25 5 4.25 7.75 7 2.75 2 7 7.25 46.75 9 
4.75 13 33 14.25 18.75 4.75 26 21.25 40.75 0.25 0 12.5 23.5 36.25 25 10 29 30 27.25 2 9.5 3.25 2.25 2 25 30 2.5 16 6.25 22.75 11 0.25 6.25 34.5 3 32.25 4 2.25 1.75 4.75 37.75 2.5 9.5 2.5 21.25 34.75 2 36.25 2 2 1.25 2.5 4.5 9.75 2.25 1 2.25 2 2.5 2.5 3.5 0.25 4.25 45.75 1.5 1.75 3.25 3.5 2.25 11.5 31.5 4.75 1.75 39.5 3.75 1.25 19.75 55.75 9.25 2.25 70 5 5.25 39 6 60.25 12.5 5.75 5.75 5.5 6 8.25 23.75 14.5 29.25 19.5 11 22 9.75 9 7 4.5 8.25 12.75 10.5 6.5 22.5 6.25 10.25 20.75 11 26.75 3.25 5.25 30.25 28 4.5 2.75 2 5.5 4.5 35.25 15.5 10.5 5.5 
11 33.75 0 43 18 2 41.75 18.5 0 0 20.25 28.75 6.5 6.5 18 59 10.75 3.25 21 0.75 1.75 18 33.5 2.75 32 3 12.75 1.75 5.5 5.75 38 95.75 2.75 15 14.5 1 3 1 3 2.75 5.75 4.25 3.25 1.5 51.25 3.75 3.25 2.25 3 4.25 1.5 2.25 11.5 47.75 13.25 2 2.75 3 43.5 2.75 2.75 4.75 2.5 48 1.5 29 63.75 2 50.25 2 3 56.25 2.75 3.5 22.5 3 2.5 0.75 55.5 4.25 16.75 54.5 4.5 2.5 31.5 6.75 17 19.75 7.5 1.5 6 14.25 16.25 17.5 2.25 3.5 19.25 9 5 3.75 21.25 10.75 7.75 19.5 6.5 8.75 8.25 2.25 19.75 19.5 10.75 11.75 3.25 4.25 8.5 1.75 3.75 2.5 2.75 3.5 28.75 6 14 30.25 12.75 
37 1.5 29 44 13 4.25 32.25 8.5 0.5 0 26 24.25 14.5 25.25 0 18 53 11.5 2.25 2.25 46 2 11.25 27.75 30.75 4 5.75 2.75 3 28 4.25 10.25 7.75 3 3 3 2.25 2.5 21.25 2.75 4 2.25 2.5 4.25 4 2.75 9 6 1 6.25 1.25 0.75 3.75 4 3.75 2.25 27 2 5.5 53 4 1.5 6 2.75 1.75 3.25 50 2.25 2.5 1.75 1 1 45.5 1 1.25 45 2.25 2.75 56.25 55.5 2.25 57.75 10.25 3.75 4.5 1 12.75 16.75 18.25 6 8.25 18.75 7.75 26.5 11 4.25 9 2.5 3 3.25 6.25 3.25 2.75 24.5 7.5 4.5 13.5 11.25 7.5 5.25 11 8.75 3.75 3.25 0.75 3 2.75 29.75 0.25 27.75 5.25 24.75 10.75 6 9.25 
27 24 17.5 27.25 3.75 4.5 14.75 39.5 5.5 35.75 12 28 13 7 0 0 20.25 11.75 13.5 32.25 1.5 3 2.5 44 2.75 2.25 1.5 5 1.75 3.5 9 1.75 4 43.5 12.5 7.25 4 1.25 1.75 2.5 6.5 1.25 3.75 2 2.5 50 7 40.25 2.25 8 8 26.25 2 2.75 4.25 2.75 2.5 85.5 1.25 2 2.5 1.5 39 0.75 2.25 17.5 1 1.5 1.25 3.5 4 0.5 0.75 2.25 2.5 2.5 2.5 0.5 2.5 2.5 59.5 2.75 3.5 0.75 1.75 23 7.5 22.75 24 18.25 13 9.5 6.25 11.25 5.75 11 4.5 4 3.25 5.75 8 28.25 11.75 31.25 6.75 1.25 4.5 22.25 7.75 6 9.5 7.5 29 0.75 2 2 18.75 3 60.25 3.75 4.75 15.5 5.75 8 4.25 
21.25 20 4.5 7.5 23.25 1.5 1.25 17.25 30.5 19.75 14.5 22 53.75 2.75 4.25 0 0 35.25 9.75 10.25 3.75 0.75 14.75 5.25 15.75 14.5 1 2.5 2.5 3.25 2.5 5 2.5 2.5 13.25 10.5 30.25 2.25 34.75 17.75 15.25 35 12.5 10.5 7.75 3.25 1.5 3.5 7.5 5.25 1.75 51 3.5 2 3.5 2 55.25 4.25 0.5 7 2.75 2 2.5 1.25 2.75 57.5 2.75 2.5 37.75 1.25 4.5 2.5 3.5 62.75 1.25 1 2.25 3 1 1.25 9 5 5 2.75 2.5 63.5 3 56.75 26 11.75 16.75 8 5.5 8.75 6.75 5.25 2.75 6 8.25 44 7.75 10.75 10 6.25 7.75 8.5 11.25 12.5 10 5 29.5 6.5 3.75 38.25 3 2 2 20.5 3 4 4.5 32 10 27.25 9.5 
1.5 16 10.25 1.5 3.25 2 2.25 4.5 15.5 29.5 52.75 5 30.5 0 61.5 9 14.75 3 27 37.25 11 21.75 2 6.25 4.25 20 1.5 2.25 16.5 10.5 4.25 3.75 5.5 5.25 9.75 2.75 4.25 13.5 3.75 3 9.5 1.5 2.75 21.75 3 31.75 5.25 6.25 3 58.75 4.75 2.5 2 2.25 4.5 41.5 2.5 1.5 2.5 1.75 2 1.5 2.25 58 2.25 2.5 2.75 0.5 60.25 1.5 2.25 2.25 15.25 2 1 3.75 1.75 1.5 2.5 1 4.5 64.25 2.75 2.75 2.25 8.25 0 0 5.25 15.5 17 12 58.25 11.75 6.75 9.75 2.5 2 1.75 3 5.25 7.5 5.25 8.75 12.5 3.5 41.5 16.25 2.5 6.75 6.25 3.5 25.5 4.75 3.5 1.5 2.5 3.25 18.25 3 21.75 11.75 18.25 8.5 27 
28.25 0.75 25 24.25 2.5 2.25 1.5 2.25 3 15 80.5 3.5 7.25 0 16.25 13 5.75 22.5 12.75 36 5.75 8.25 9.5 9.75 23 4 10.25 11.25 4 1 2.5 1.25 41.25 7.75 6.75 6.25 16.75 7.5 5.25 4 2.25 51.75 1.75 1.25 2.25 1.5 3.25 2 2.75 4.25 4 3.75 4.5 5.75 4.25 2.5 23 2.5 2.5 2.75 1.25 2.5 52 2.25 42.25 0 63.25 0.5 1 2 1.5 49.75 2 2.25 55.5 55.5 1.5 0 23 0.75 4 33 3.25 12.25 21 10.75 1.5 0.75 2.75 3.25 2.75 7.75 9.25 6.25 8 4.5 8 4.25 2.5 8.25 4 6.75 37.5 7.5 7 12.25 7 13 13.75 4.25 6.25 5.75 35 3.5 5 2.75 2.25 62.75 5.25 13 9 17.5 3.75 2.25 2.5 
35.5 3.25 2.5 3 2.25 6.25 1.25 2.5 21 3.75 43.5 27.25 7.5 9.5 16.25 4 26.5 7.25 4.75 5 33.75 5 3.75 2.5 1.75 1.75 16.25 4.25 1.75 1.5 0.75 3.75 1.5 2.5 4.75 9 17.25 11 3 2.5 4 4.5 7.75 17.25 6 1.25 5.75 5.75 1.75 8 4.5 3.5 1.75 2.25 4.25 3.5 4.75 4 13.5 33.25 55 2.75 1.75 2.5 32.5 0 56.25 0.5 2 0 24.5 2 23 1 39.75 1.75 1.5 0.75 2.5 2 0.75 2.5 3 1.75 21.25 0.25 3.25 3.25 4 18.25 1.25 0 0 0 0 2 9.75 14 18 6.75 6.25 17.75 21 2.75 6.25 9.25 2.75 50.25 35.75 14.5 16.5 1.75 9.75 18.5 13.25 5.5 4.25 7.25 9.75 4.5 10 6.75 3.25 3.5 24 
15 1.75 1.75 10.25 1 1.5 10.25 3.5 2.5 2 3.25 29 29 6.5 6 26.25 12.5 4 46.25 10.5 6 31 26.5 31 2.75 1.5 3 3.75 2.25 15.75 15.5 1 0.5 25.5 3 1.75 5.5 7 4 3.75 4.75 18.25 26 5.5 0 2.25 4 7.5 5.5 7.5 4.75 10.75 3.5 5.75 6.25 2.25 1.25 9.25 4.25 4.75 4.25 2.75 1.5 1 2 2.75 2.25 20.5 1 23 1.5 2.25 42.5 2.5 3.75 6.25 6.25 25.5 24.75 27.75 12.75 5.75 1.5 1.5 2.5 39.5 31.25 48.5 45.25 0.75 4.75 59.25 58.5 0.75 49.25 57 0 0 0.75 2 19.75 7 61.75 8 23.25 10.75 8.25 41.75 20.25 12.25 23.5 7.25 3.25 7.25 4.25 10 10.5 7.75 7.75 2.75 10.75 5.25 11.5 6 2.75 
3 1.5 1.5 2 29.5 2.25 1.25 10.5 1.75 46 2 2.25 3.25 7.25 42 4.75 21.75 9 0.5 24.25 54.5 34.75 17 6.75 3 2.75 40.5 10.25 8.5 4.5 1.75 2.5 1.25 24 16.25 1.5 25 1.75 28.75 7.5 5.25 13.25 11.25 6.25 8 6.25 28 8 8.5 5.5 29 5 6 22.25 1.75 3.75 4 8.25 82.75 0 26 0 0 3.5 2 5.25 5.5 23.25 0 0.5 3.25 1.75 2 2.75 15.75 29.5 10.25 28.75 19.25 1.5 1.5 36 14 1.5 1 60 1.25 15.5 22 0.75 0.75 24 0 53 0.75 58.75 2.25 18.75 55.75 26 5 62.5 53.5 3 11 43.25 11.5 23 12.25 4.25 0 0 0 4.75 5.5 8 30 7.25 19 4.75 7.25 5.25 16.5 8.5 7.75 
2 1 1.75 2.25 1.75 1.25 15.75 0.75 1.5 2.25 8 2.75 3 47 1 16.75 23.5 2 4.25 16.75 13.75 40.5 25.25 14.5 8.75 3.75 2 4.5 26.25 17.25 2.5 1.5 1.25 2.5 4.75 2.75 17.75 3.75 16.25 7.5 2.75 11 2.75 10.75 5.25 3 6.25 11.25 6.5 12.25 31 44 16.5 6 1.75 43.75 1.25 4.5 61 5.5 42.25 0 14 5.25 11.75 6.75 8.75 12.25 0 0 53 14.75 8.5 79.25 2.75 5.25 2.75 1.5 6.25 5.75 0.75 0.75 2.5 1.5 0 5.25 2 1 63 2.25 0 0 34 0 0 0 0 5 0 1 5.5 3.25 11.25 5 8.75 9 22 12.75 7.75 4 0 0 0 0 58.25 11.75 6.25 9.5 6 4.5 4 10.5 11.5 24.5 7.75 
1.75 1.25 2.25 9.5 11.25 1.75 4.5 3 2.5 29.75 7.25 10.5 2.25 20.25 27.75 10.5 13.75 6.75 32.75 7.75 20.75 2.75 0 33.75 11.25 9 9.25 1.5 1.25 9.25 7.5 1.5 2.75 3.5 4.5 5.25 1 1.5 26.25 3.5 3.25 9.25 9.5 3 4 2.25 2 9 16 5 2.25 50.25 13.25 37.75 3.75 2 8 22 14 7.75 23 52 18 10.25 17.25 12.75 4.25 60.25 9.5 14 0 12.5 23.25 3 2.25 45 4 5.75 7.75 3.5 3.75 4.75 2.5 5 2.25 1.5 1.5 2.5 1 3.25 0 0 1.5 60.5 0 0 0 0 0 12.5 19 2.5 30.25 12.5 9.5 22.75 34.5 4.5 9.75 6.75 0 0 31.5 0 0 11.75 17 11.5 3 6.25 5.75 9.5 1.5 3.25 4.5 
1.5 1.5 1.5 2.25 3.75 14.25 3.25 1.25 2.75 8.25 4.25 18.75 1.75 2 3.75 30 16.25 7.75 8.25 20.25 87 6.5 75.25 29.5 36.5 17.75 9 0.75 2.5 3.5 3.75 31.25 1.5 1.75 1.25 1.5 4.25 1.25 26.5 1.75 7.75 3.25 11.5 9.25 1.5 5.5 36.75 4.5 28.5 6 2.25 10.25 10.25 5.25 10.75 2 3 6.25 10 60.75 50.25 0 48.75 8 13.25 9 58.75 0 0 0 0 0 7.5 25.75 11 4.5 2.25 8.75 6.75 4.25 2 2.5 4 2.5 33 2.75 2.5 3.75 22 4 4.5 0 0 25.5 0 0 33.75 49.5 0 0.25 2 3.5 15.5 6 11.25 37 22.25 24.25 7.5 59.5 16.5 0 0 0 55.75 12 5.75 4.5 6.5 31.5 32.5 11.5 4.25 18 5.25 
4 2.75 2 1.25 2 38.25 2.25 2.75 2 1.5 27.75 1.25 1.25 3.25 9.25 2.75 12.25 4.75 7.25 7.25 10.25 5.5 19.5 9.25 25.25 22.5 6.25 3.25 1.25 14.75 7 6.25 1 1.75 20.75 2 14 2.25 0.75 3.25 2.5 12 5.5 14.25 15.5 6 15.5 14.75 2 16 12.25 32.25 35 8.75 13.25 6.75 46.75 4.5 6.5 6.75 7.5 23.25 48 48.25 39 56.25 1 12.5 1 1 2.5 0.5 3.5 2.5 2.75 45 3.25 4.25 1.75 6.75 4.75 2.5 27.25 39.75 3.5 3.25 25.75 5 2.75 36.5 2.25 2 39.5 44.5 5 47.75 4.25 0 0 10 10.25 4.5 17.25 20 20 13.25 23.5 40 6.5 15.5 1 35.5 0 0 0.5 48.5 5.75 5.25 33.5 12.75 12.25 14.5 10.25 10.5 5 
2.5 1 1 1.5 4.5 1 1.25 7.5 1.5 64.25 2.5 4 2.75 15.5 1.75 3 1 13.25 38 39.25 7 28 5.25 46.75 1.5 6 7.5 3 30.5 1.25 2.5 5.5 7.75 1.75 32.25 2 2 3.25 5.75 5.5 10.25 31.75 32 9 12.75 19.25 35.75 6.75 4.25 4 5 4 5.75 4 13 5.25 10 10.25 2.75 5.5 5.75 2.25 1.5 1.5 1.75 19.75 2.75 4 5.5 2.5 3.25 48.25 2.5 2.75 5.5 3.25 1.5 3 1.25 1.5 6 5.5 2.75 16 4.5 2.5 2 5.75 2.75 11.75 4 4.25 3.25 8.5 17.75 5 13.75 19.25 5.25 13.25 59.5 2 8.5 11 20.75 1.75 6.25 34 9.75 12.5 1.5 0 54 0.75 5 21.75 24.25 1.5 19.25 8 36.5 12.5 16 6 1 
18.75 0.5 2.5 2.25 1 5 9.25 46 1 3.25 1.75 23 1.25 11.25 2 21 2.5 7 9 3 5.5 12.5 11 2.75 6.25 9.5 37 10.75 4.75 3.25 19.25 2.25 4 5 2 1.5 1 1.5 20.5 5.25 30.25 11.75 13.5 11.75 42.25 42.25 17.75 14.25 15.25 7.75 5.75 1.5 30.5 8.5 5 2.5 10.5 8.5 5 3.75 1.75 2.5 6.5 14.75 2.25 4.75 5.25 4.5 1.5 7.25 4.25 2.75 3.5 2.25 4.75 26.25 13.5 4 10 1.25 1.75 2.5 1.5 11.5 6 71 4 32 5.25 3 8.25 15.5 3.75 1 2.25 36 66.25 30 6.75 20.25 11 3.5 7.5 7 12 44.75 7.5 9.25 10.5 23 26.25 0 0 1.75 7.25 42.75 9.5 5.25 11 6 40.75 50.5 21.25 38.75 3.75 
2.25 7.25 1.25 1.75 1.75 3.5 1 1.75 2 2.75 2 1.5 2.25 1 1.25 1.25 0.5 12.5 28.5 4.75 3.5 8.25 28 10.75 8.75 3.5 27 16.75 13.75 60.75 2.25 4.25 28.25 3.5 27.75 2 1.5 3.5 13 13.75 13.25 7.5 13.75 38.5 32 4.25 13.25 18.75 38.25 9.75 7 1.5 27.75 4 3.5 22.25 13 46.5 4.75 3 2.75 31.75 2.25 1 2.75 19.5 14.25 2.25 4.5 3.75 23.25 0.25 4.75 3 1.5 42.25 8 18.25 4.75 23.25 2 1.25 53 2.5 4.5 5 26.25 12.75 5.75 7 5 9.5 2.5 16.5 4 29.5 28.75 24.75 2 3.5 11.5 14.25 5 3 8.25 6.5 33 9.25 7.25 25.75 13.75 32.5 0.5 11.5 8.25 16.25 29.25 10.5 25.75 13 14.75 4.75 23 9.25 15.25 
30.75 19.75 0.5 3 1.25 40 0.25 1.25 1.5 2 25 10.5 1.75 9.75 3.25 2 2 2.75 26.75 4 1.75 1.25 26.5 9.5 4.25 4 57.25 9.75 12.25 4.25 3.25 1.5 24 23.5 10.5 2.25 25.5 55.5 8.5 5.75 14.75 11.25 11 6.25 4 4.25 16.5 45.25 31 11 27 3.25 12.75 21.5 3.5 1.75 15.75 48.25 10 10.75 7 3.25 5.25 15 6.25 8 1.25 1.25 6.75 7.75 11.75 5 7.5 2.25 3.25 5.5 4.5 28.25 13.25 10.25 1.5 0.5 3.5 14.5 3 0.5 1.25 1.5 42.5 3.25 3 15.5 1.75 29 6.25 5.75 20.5 24.5 3 2 12.5 7.25 3 7.5 5.5 4.5 12 17 1.25 9.75 4.25 0 21.25 44.75 6.5 19.5 13.5 20.5 25.25 23 9.75 2.25 5.5 9 13 
16.75 1.75 2.5 1.25 2.75 2.75 1.25 15.75 2 2 22.75 4 1.5 4.5 20.5 2.5 4.5 2 1.75 2 0.75 2.75 4.25 30.5 4.5 3.25 7 10.75 28.75 6 12.5 7 2.75 12.5 3.75 8 6 20.25 7 6.25 39 10.75 30.25 12.5 5.5 3.25 16.25 8.5 8.25 26.5 28.5 8.25 2.25 4.75 11.25 17.25 14 3.25 7 4.75 58.5 7.25 7.75 11.25 7.5 3.5 37.75 12 30 14.75 24.5 16.75 3 3 23.25 1.5 4 4 1.75 22.25 5.5 5.25 9 6.75 2.25 5.25 47 3.75 24 3 76.25 1.25 2 3.25 4.25 20.75 31.75 18 2.5 3 5 11 5.5 23.75 10.75 8 13 31 58.5 0 0 2.75 10 18.75 4.25 28.5 20.5 47 16.75 25 4.25 4 12.25 2.25 14.25 
22.25 32.5 1.75 2 21.75 2.5 3 2 1.5 0.75 1.25 40.75 2.75 3.25 3.5 2 43 4.25 17.25 3.25 1.5 1.5 30 1.75 15.5 5.5 8.25 10 33.25 13.5 23.75 30.5 30 5.5 19.25 6.5 7.75 5.25 14.5 5.25 3.5 6 6 7.75 10.75 18.75 11.75 6.5 2.5 4.5 6.25 25.75 3.25 7 27.25 25.5 7.5 3.75 7.25 4 7.5 4.75 28 7.75 7 32.75 23.25 5.5 8.25 6.5 28.5 13.25 19.25 2.75 1 1.5 33.5 2 36.5 1.75 1.5 8.25 3 48 8.75 25 42.5 4.75 7.25 14 2.75 2.5 7.75 2 3.25 30 2.5 3.5 4.75 1.25 3.25 27 5.5 21.25 5.75 3.25 10.75 49 4.25 4.75 0 56 3.5 15.5 6.25 29.25 8.25 5 7.5 17 9.5 13.75 27.5 34 3.5 
1.25 3.5 2.75 2.75 1.25 9.75 1 0.75 28.75 1.75 21.75 32.75 2.25 2 27.75 6 37.5 1.75 0.5 21.5 3.25 3 1.5 2 2 5.25 6.5 22.5 5.75 17.25 13 20.5 27.5 3 3 2.5 6.5 27.25 6 11 8.5 8.25 13.5 7.5 10.5 13.5 11.75 2.75 26.5 4.75 36.5 1.5 2.25 7.5 5.25 15.5 36.75 43.5 7.75 8.25 8.25 5 8.25 18 7.75 12.5 8.5 6 8.5 44.5 2.5 11 14.75 2.5 13.75 2.25 1.75 2 12 4.25 1.5 2 4.25 15.75 13.5 36.25 77.5 3.25 27.5 16 9.75 11 2.75 10.75 6.75 6.25 3.25 1.25 3 3 4.5 2 22.75 1.75 2 1.75 43.5 5.25 3.25 1.5 2 2.75 20.5 7 6.5 27 18 28.25 4.75 24.75 13.75 7 14.75 18.25 15.5 
1.5 33.5 2.25 1.5 1.75 27.75 31.75 1.25 2.5 31.75 2 3.5 1.25 1.25 44 1.5 2.25 3 26.75 1.5 2.5 1.5 0.75 1.25 1.25 11 57.5 17.5 7 40.5 7.5 17.75 17.75 10.75 20 8.75 24 10 6.25 2.75 11.25 5 4.25 11.75 25.25 66.75 10.5 39.25 7.25 4 1.75 4.5 3.5 4.5 1 4.25 1.25 4.25 18.5 5.5 21.75 3 7.5 7.25 7.5 25.75 8 5.5 48.5 13.75 15 6.75 1.25 2 2.75 2.75 2.25 50.5 9 38.75 28.25 6.25 12.75 26.25 3.25 11 13 6.75 15.5 8.5 10.25 18.5 22 31.25 22 46 15.75 13 16.5 11.25 25 2 3.25 3.75 15.75 3 20.5 5 38.75 3 2.5 59.75 16 6 8 66.75 27 24.25 11.75 28.25 28 4.75 0.5 3 34.5 
3.25 7.5 2.25 3 2 2 2.5 2.25 32.25 1.75 2.25 1.75 11.25 1.25 2.25 40 2.75 1.75 3 42.25 3.25 23.5 2 2 5 23.5 28.75 10 11.5 7.25 3.75 30.25 27.75 9.25 5 3.5 2.75 7.75 13.5 5.75 4.25 9.5 11.75 21.5 8.5 5.25 52.75 60 26 1.5 19 22 4.25 19.75 3.25 5.5 5.5 2.5 9.25 9 7.25 21 10.25 7 8.5 4.5 2.75 2.75 12.5 1.75 4.75 14.75 2 2 1.5 2.5 4.25 11.75 4.5 79.25 54.5 12.75 3.5 11.5 1.5 9.75 14.5 2.75 12.25 1.25 15.25 10.5 11.25 30 7 12 9.75 9.25 22.75 24.25 19.75 2.75 25.25 16 6.75 8.5 49.75 63.25 24.5 10 0 1.5 13.25 2.25 13.75 22.75 47.25 24 16 10.25 24.25 2.5 2.75 2 18 
1.25 0.75 10.25 35.25 4.75 3 19.5 2.75 1.75 9.75 1.5 1.75 2.75 21 30.5 2.5 3 1.25 27 3.75 3 2.5 3.75 1.75 5 8 6 11.25 9.75 6.75 34.25 16.5 12.75 21.75 30 3.25 16.5 5.25 2 10.25 15.25 11.5 20.5 6.5 10 4.75 3.75 0.75 4.25 2 5 5.5 25.5 3.5 5.5 39 4.5 3.75 28.75 9 34.25 2.75 5.5 14.5 34.25 8.5 6 9.25 9.5 5.75 8 35.75 1.25 3 27.75 26.5 2.75 48.75 7.5 9.5 11.5 10.25 24.25 14.5 47.5 15 13.75 17.75 7.75 8.5 12 4 9.5 19 47.25 28.25 15.5 7 5.25 6.5 8.75 4.25 7.75 20.25 5.5 27.75 9.25 2 0.5 2 42.75 2 14.25 11.75 31.5 4.75 8 16 19.25 6.75 25.5 3.5 1 19.25 2.25 
12.75 1.25 14.75 25.5 1.25 2.5 4.25 8.5 5.5 4.5 2.25 22.5 1.75 0.5 2.25 3 3 1.25 1.25 23.75 3.75 3.25 2.25 30.75 51.5 11.5 9.25 5.75 9.5 5.5 6.75 4.5 36.5 20.5 2.5 4 17.75 3.5 4.75 7.5 8.5 14 11 6.75 4 15.75 6 2 3 3.25 3.5 4.5 44.25 2.25 25.5 11.75 7.75 7.25 25.5 10.75 7 7.25 2.25 1.25 4 10.5 3.75 6 2.5 13 1.5 3.75 23.5 4.75 1 2.5 1.5 45.5 30.5 6.75 15.5 12.5 4.75 20.25 10.5 20 20.5 10.5 14.5 3 44 7 5 51.25 2.5 24.75 10 5.5 8.25 7.25 13.75 7.5 15 5.5 7.75 24.75 65.25 50.75 2 37.75 4 5.25 13.75 4.5 6.25 7.5 1.75 23.25 1.5 4 1.25 1.5 2 25.25 25.25 
1.25 25 2.75 32.5 2.75 24.5 9.75 5.5 8.5 1.5 1.5 22.25 6.25 36.75 1.25 2.25 23.25 2.25 0.5 2 2.75 1.5 3.5 38.25 0 4 45.25 7.25 25.5 3.75 4 29.5 14.5 26.75 6 2.75 5.75 1.75 3.75 9.75 22.5 6.75 23.25 7.5 4.75 5.75 2.25 4.25 15.25 2.25 1.75 2 4.25 0.5 2.25 8.5 6.25 8 9.25 6.5 14 11.25 2.25 14.75 34.75 38.5 9.25 5.75 13 7 2 2 1.75 2.5 35.5 28.25 51.25 10.75 16.5 29 13.25 15 5.25 23.25 5.5 23.25 9.75 48.5 23 3.5 18.75 4.5 14.5 13.5 4 35.75 8.5 3.75 11 5.75 4.75 6.5 9 21.75 5.5 27.5 49 0.5 3.75 1.5 1.75 4.5 12 4.75 15.75 1.5 3 2.75 36 1.25 20.5 2.5 2.5 2.25 2.25 
4 3.5 5.5 49 3 6.25 5.75 17.75 7.5 2.75 3.5 2.25 4.25 2.75 1.5 16.25 2.5 1.75 3.75 3.25 25.25 1.5 12.5 13 62 23.5 12.25 11.25 34.25 1.25 14.5 3.25 10.75 9.25 6.25 15 20 1.75 2 7 4.25 12.5 6.5 4.75 7.25 31.5 1.5 10.75 9.25 1 1.5 61 5.25 2.25 3 6.75 9.25 10.75 7.75 2.5 10.75 10.25 24.75 53.25 6.75 13.5 6.25 5 8.5 8.75 1.25 14.25 1.75 2.25 2 6.5 14.75 16.25 16.5 3.5 9.25 46 4.75 20 35.5 18.25 4.5 10 15.5 1.5 17.25 4.5 18.5 8 23.25 61 6.5 24 1.25 25 25 16.25 10.25 4 8 27.75 0 0 5.25 7.5 0.75 4.75 10.25 3.25 5 2.5 0.75 1.25 13 2.25 2.75 2.75 30.25 3.25 2.25 
3.75 10.75 27 14.25 4 2 1.25 8.75 6.75 2.5 2.25 2.25 2.25 1.25 1.25 1.75 4.75 11.25 17 5.25 2.5 1.5 12.75 0.75 4.5 19 17.75 34 3.25 25.75 1.25 3.25 4.25 40.75 12.5 26.75 4 1.5 2 12.25 4.5 11.25 6 1.25 3.75 2 29.75 2.75 1.5 30.5 1.25 2 2 1.5 3.75 9.75 9.25 10.25 9.75 2.25 19.25 9 16 6.75 2.75 9 52.5 10.25 8 6.75 13 2.75 21.75 2.25 1.75 2.5 7.75 13.5 11.5 3.25 11.5 9 6 10.5 16.75 20.5 2.5 8.5 3 3.75 2.75 2.75 40.5 24.5 11 24.75 7.75 13.5 6.5 12 9.5 14.5 6.25 5.75 13.75 22 43.75 0 48 0 0.5 12.25 4.25 3.25 3.5 27 7.25 48.75 14.5 12 33.25 15.5 10.5 6.25 5.5 
1.75 24.75 25.75 7.5 13.5 2 1.5 5.5 10.75 4.25 2.75 2.25 1.75 6.5 3 3.25 38.25 9.5 3.25 3.25 1.75 0.25 1.5 25 2.25 1.75 13 0.5 2.5 0.25 1.75 1.75 34.25 10 15.5 2.5 3.5 2 27.25 3 4.5 11.25 11.25 1.25 1.5 1.25 2.5 2.25 0.75 1.5 3.75 1.5 1 2.25 1.25 8.75 4 11 13.25 5.75 22.5 10 5.75 10 3.25 9.75 13 5.75 9.25 5 6.75 14 4.75 21.25 5.25 1.5 4.5 40 10.5 3.75 17.75 42.75 13.25 8.75 11 17.5 6.25 18.5 10 8.75 13 21 16 9.5 20.5 57.75 12.25 22.25 2.75 32 13.25 8.75 5.5 5.25 20.5 15.25 0.5 13.25 1.25 114.25 0 36.75 15 33.25 9.25 40.25 10.5 13 35.75 7.25 42.25 51.25 19.5 13.75 13 
2.5 13.75 19.75 9 41.25 2.25 5 21.5 14.25 5 3.75 3 9 2.25 27.75 2.75 19.5 1.5 4.5 2 1.5 3 3.25 1.25 3 3.25 3.75 4.5 0.75 1.5 8.5 15 9.75 22 17 3.75 3 1.75 3 2 6.5 4.75 2.25 4.25 2.5 0.75 1 2 2.25 1.75 1.25 2 0.75 4.5 49.5 3.5 3.75 46.25 40.5 6 10.75 8.25 7.5 8 3.5 37 3.75 58.25 7 6.25 5.5 4 7.25 25.75 28 17.75 9.5 17 54.25 12.75 8.25 48.25 6.5 21 5 3.75 5 6.25 42.5 7 5.25 31.25 23.5 8.25 15.75 26.75 34.75 19.5 2.75 16 8.5 1.5 4 2.75 39.75 10.25 5.25 3.75 3 0 2.5 4.75 59.5 2.75 2.5 9 14.75 11 3 4 7.25 12.25 8 4.75 6.75 
12.5 2.75 1.25 4.25 1.75 3 5 6.5 9.25 4 1.75 6.5 14.75 9.75 11 1.25 1.75 1.5 2.5 2.5 1.25 17.25 2.5 2.5 3.5 1 0.25 1 2.75 2 7 9.75 33.75 22.5 14.75 35 2 19.5 34.5 3.75 5.5 10.5 11 3.5 40.5 2 2.25 5.5 3.5 3 1.75 2.75 3 30 3.5 2.25 0.75 4.75 1.5 2.25 5.75 22.75 10.25 5.5 5.25 5.25 4.5 13.5 7.5 10.5 52.25 1.25 2 6.25 15.5 6 33 24.5 26.5 28.25 15 14 13.75 10.25 25.75 8.5 8.25 9.75 5.5 8 7.5 3.5 11 14.75 6.5 27.25 26.25 65 15.25 12.75 2.5 4 4.25 19 10.75 45.5 5.5 7.5 5.75 5 3.75 5.75 16.25 3 3 21 4.5 8 64.5 5.5 3.25 3.25 45.25 8.25 3 
1.25 1.75 27.75 1.5 3 33.75 18.75 15.5 2.5 3.5 3.25 4.75 5.75 4 1.75 19.75 1 1 7.25 2.5 33.75 1.25 2.5 3 1 1.75 2.75 9.75 4.25 27.75 24.75 1.25 12.75 6.5 12.25 32.25 7 0.5 14.75 2.5 2 8 11 1 6.25 23 2.5 21.25 1 4.25 1.25 2.25 4.75 2.75 2.75 23.5 0.75 3 2.5 2 3 5.5 4.25 10.75 13.75 33.75 2.25 2.25 10.75 6.75 1.5 0.5 7.25 6 12 0.25 16.5 15.75 11.75 12.5 3.75 23.75 7 8.25 23.5 20.75 29.5 6.25 13.25 24 20.75 17 11 1.5 9.25 37.75 20.25 5 1.75 4.5 5 2.75 3 3.75 14.75 2.25 3.25 19.75 24 3.75 43.5 5.25 4.5 3.5 2 5.5 20.5 46.75 10.75 1.25 3.5 21.25 26 30.25 3.5 
3.75 37.5 1.5 5 22.25 46.5 2.25 4.25 6.25 2.25 10.75 4 4 1.75 1.75 2.75 3 3.25 7.25 6.5 2.5 2.5 2.25 1.25 1.75 3.25 21.5 3 2.25 1.75 2.25 1.5 18.25 15 11 3.75 1.75 3.5 1.5 2.5 4 11.75 13 2.75 2.5 37.25 43.5 1.5 3.5 5.25 16.25 1.25 2.5 3 7.75 3 2 2.75 2.25 4.75 49.5 5 4.25 39.25 3.5 1.5 2 2.25 18.25 4.75 9.25 5.75 9.25 11.75 7.25 6.5 14 3.75 10.25 22 3 28.25 10.5 5.25 23.75 2.75 18.75 7 6 14.75 30 32.25 47.5 2.25 14 23.75 21.25 34.75 15 46.25 23.25 3 5.25 6.25 17.5 2.5 36.5 8.5 29 20.75 20 5 4 4 1.75 12.5 8.25 39.75 3.25 7.5 14.75 2.5 1.75 3.5 39.5 
1.25 48 2 5.75 33.75 5.75 9.75 6.75 15 5.5 2 34 21.75 6 5.75 6.5 14.75 9.5 4 4 2.5 1 2.5 3.5 1.75 3.5 2.5 1.5 1.75 2 2.25 9.75 28 12 9.25 5.25 2 1.75 1.5 3.5 5.75 36.5 11.75 1 1 1.25 2.25 1.75 1.5 1.5 0.5 2.25 39.25 0.5 25 4.75 1.5 8.25 2.25 2 3.25 2 9.5 4.25 4.25 1 1 2 11.75 10.75 20 12 42.75 10.75 30 2.75 14.25 3.75 9.75 15.25 7.5 21 8.25 24 18.5 4.5 20.5 11.75 6.25 16 6.25 52.5 2.25 9.25 6.75 10.5 19.75 23.25 4.75 11.5 17.5 36.5 33 25.25 1 1.5 1.25 2.25 1 2.25 2.5 5.75 13.5 33.25 1.75 8.75 8.5 4.5 4.25 6.75 3.25 3 6 4 21.5 
2.25 0.5 2.25 1.75 2 1.25 1.5 2 2.5 3 4 1.5 1.75 7 2 4.5 9 13.75 2.25 14.25 6.5 1.5 29.75 14.25 2.5 1.5 3.5 6.25 16.25 2.5 2.25 23.25 16.75 12.25 6.25 5 3.75 2.5 2.5 2.75 22.5 24.75 30.5 1 2 1.25 31.5 1.75 3.25 3.5 2 33.25 1 1.25 3.25 25.75 14.25 2.5 0.25 3.25 1.25 3.25 3 6.25 4 2.25 4.25 1.75 5.75 17.25 5.5 14.25 10.25 8.5 20.75 1.5 22 1.5 10.75 31.75 10.5 11.75 6.5 7.25 9.5 3.25 8.25 7 10 14.5 10.75 17.5 27 36.5 35 10.5 10 11.5 4 13.5 2.5 2.75 10.5 3.25 5.5 6.25 1.75 2 14.25 9.75 2.75 1.25 3.5 3 8 18 4.5 6.25 5.5 13.5 2.75 2 13.75 3.25 3 
2.5 2.5 1.75 2 1.75 2 1.75 1.25 2.75 1.75 2.75 1.5 2.25 14.5 3 1 0.75 1.5 2 15.25 4.5 3.75 3.75 2.25 25.75 3.5 7.25 2 26.5 5 3.75 53.25 23.25 5.75 5.5 30.75 2.75 1.5 3.25 10.5 7.75 10.75 55 2.25 2.25 1.75 1.25 34 35.25 1.5 17.75 0.75 1 2.5 1.75 1.25 15.75 35.25 1.5 19 2.75 47.25 22.75 1.25 6.5 4.5 58.25 30.25 10 14.25 3.75 13 14.5 45.75 23.25 21.25 26.25 46.5 25.5 15.75 10.5 22.75 43.75 30 39.75 7.25 22 4.25 21.25 13.25 19.75 15.25 18.5 24 22.75 6.75 21.75 11 29.5 9.75 9.75 24.25 13.75 4.75 1.75 3.75 1.25 13.5 27.25 7.5 0.75 42.25 0.25 2.75 15.25 17 6.75 11.25 2.5 47.25 17.25 2 6.75 19 4.5 
3.25 2.75 4 1.75 2.25 9 0.75 4.25 2.75 42.5 21.5 1.25 15.75 18.25 2.5 0.75 3.75 8.25 17 2.25 2 28.75 2.5 1 3.25 18.5 31.25 3 15.25 15.5 2 4.5 6.5 6 5.75 3 2.75 2.25 3 6.75 28.75 12.5 27.75 2.25 3 22.75 9.5 13 1 1.5 4 8.25 2 34.75 26.25 1.75 1 17.5 39.5 6.75 2.5 1.25 23.75 2.25 2.5 5 4.5 27.25 12.75 13 2.25 10 7 9.75 57.5 9.25 14.25 21 30.5 10.25 17.25 21.25 1.75 38 11 7 25.75 4.5 21.75 6.25 26.75 9.25 20.75 5.25 15.25 14.25 13 12.5 9.5 24.5 9.75 47.25 9 2.75 1.5 11.75 43.5 11.25 1.75 9.75 16.75 3.25 23.25 1 21.5 27.25 2.25 2.25 11.75 16.5 30.5 3.5 21 23 9.5 
1.5 1.25 0.25 1.5 1.25 1.25 17.75 2.75 3 9.75 2 14.75 15.5 2 15.25 1 1.75 29.5 1.75 2.5 1.75 3 3 17 0.75 3.5 20.25 2.75 2.5 2.75 4.5 4.25 0.75 16.25 4 2.5 10.5 0.25 29.75 14.5 37 13.75 3.25 2.5 9.75 2.25 1.25 18.75 42 2.5 22 39.5 3.25 2.5 1.25 3.25 17 5.5 4.75 3.25 1.75 2.5 4 2.25 23.25 2.5 5.75 5.25 13.5 10.25 0.5 8.5 4.5 28.75 7.5 5.75 10.75 5.75 42.75 13 6.25 24.75 9 16.25 11 35.25 43.75 6 17.25 44.75 18 10.75 10.5 31 13.5 12.5 5 11.75 9.25 27.25 5.75 17.25 9.75 8.25 3.25 17.25 6.75 6 3 9 45.75 1.5 1.5 14.25 13.25 4.5 4.25 7.25 10 9.25 6.25 3 5 1.75 7.75 
1.25 2.5 1.5 1.5 1.25 28.25 1.75 1.25 0.75 11.25 1.25 1.5 1.25 1 1.75 0.75 5.5 3.5 3.5 28.5 42 3.75 35.5 17 3 36 9.25 25.25 2 19 2.75 2 2.5 34.5 2 21.75 4.25 5 3 6.25 12 5.5 2.75 3 27.75 1.75 0.75 1.25 2 2.75 5.25 5 1.25 21.25 0.5 3.5 3 3.75 33.5 2.75 1.25 2.25 5 9.75 1.75 3.5 1.25 3 13 6 51.75 9.25 42.75 13.5 6 60 13 5.75 58.75 8.75 6.5 14.5 27.25 3.25 16.75 13.5 5.25 7.25 16.5 38.25 22.75 21.5 11.5 4 22.5 30.75 16 50.75 8.5 15 12.25 12.75 7.75 4.75 37.75 17.75 6 8.5 7 10 2 1.5 1.75 9.75 4.75 3.5 24.25 14.5 3.25 10.75 4.5 1.5 0.75 1.25 12 
30.5 5.5 2.75 3.25 2.75 2.5 2.25 2 6.75 4.25 29.5 2.25 1.75 28.75 30.75 18.75 1.75 1 1.5 2 2 4 5.5 7.25 4 2.5 25 4 3.75 1.25 2 17.5 1.25 35 9.75 22.25 4 4.25 18 4.75 2.5 2.5 3 5.75 1.5 4.5 2.75 1.5 1.5 2 3 4.25 1.5 5.5 3.25 2.75 49.5 2.75 32 12.5 15.5 1.75 2.25 22.75 14.5 2 28.75 4.75 5 80.75 3.5 6.5 9.5 7.75 4.25 49.5 53.75 2.25 5.5 33 4.25 33.5 5.75 13 10.75 54.25 2.25 17.25 21.5 12.25 23 25.5 12.75 10 18.5 15.5 20.25 13.25 11.75 8 4.25 4.75 4.25 2.75 7.75 10.25 7.5 5.75 10.25 1.5 1.25 2 19.5 7.5 4.75 2.5 9.75 16.5 1.75 19.75 6.25 3.75 2 2.75 3.5 
0.75 2.5 18.5 1 1.75 1.25 0.5 2.75 2 1.25 1.25 2 1.5 2.25 1.5 2.75 0.75 1.25 1.5 3.25 1.5 0.75 35.5 2 1.25 21.25 16 2.25 21.5 2.25 6 2.75 3.25 4.5 3.75 16.75 30 11.75 7.75 1.75 1.75 3 29.75 2.25 1.75 5.25 1.5 1 16 2.5 4 7.25 3.5 3.25 5.25 2 25.75 36 0.75 5 1.75 4 1.5 2.5 1.5 60.25 2.5 2 1.25 2.5 3.5 41.25 12 14 1 1 25.75 50 3.5 3.25 10.25 4.75 5.5 14.5 28.25 4 3.5 3.5 2 6.5 9.5 7.5 65 10.25 16 12.5 13.75 3.5 12.5 13.25 5 19.75 34.25 1 17.5 4.5 43.75 3.25 12 1 3 1.25 1.5 7.25 1.75 13.25 5 16 49.25 11.25 0.75 29.25 2 1.25 7 
1.25 0.5 3 18.75 1.75 2.25 13.5 25.25 4 2.75 1.75 1.25 25.75 3.25 1.75 13.5 14.5 2.25 3 33.25 2.25 2.75 2 2 2.5 4.75 2.5 2.5 3 1.75 2.5 1.5 1.5 1.75 1 1.75 2 2.5 2.25 1.5 1 1.75 22.25 2.25 24.75 5.5 5.25 3.25 1.75 1.5 40 2.75 28.25 2 2 2.5 2 1 2.25 0.25 32.5 2.5 3.75 31 1.5 2 1.5 3.25 2 8.5 31.5 2 12.25 10.5 0.75 1.75 1.25 4.75 3.75 3.5 6 1 18.5 11.5 9 6.5 3.75 4 47.25 50.25 2.5 5.75 3 39.5 2 4.25 7.75 25 8.25 11.25 7.25 22.25 3.25 1.75 6.75 4.5 36.5 28.5 7 14.5 11.75 0.25 2.5 9.25 1.75 3 42 54.5 1.5 11 2.25 17.5 3.5 28.5 6.75 
5.5 2.5 11.25 12.5 8 2.25 1 2 3 1.75 2.5 0.75 2.5 2.5 2.5 21.25 1.5 2.5 8.75 5.75 1.5 1.5 1.5 2.75 4.25 1.25 4 4.25 32.25 32.25 3.25 2.5 2.75 2.25 9.25 2.25 1.25 1.25 2 7.5 1.25 3 2.5 13 2.5 27.5 28 6.5 2 21.75 3.5 3.5 6.25 2.75 23.25 1.75 2 26 7 3.25 19.75 7.5 1.25 20.75 19.25 3.25 4 1.75 2 2.75 5.75 3.75 16.75 5.75 10.5 2.25 21.25 37 11.75 13.75 3.25 18 0.75 26.25 2.5 4.5 2 1.5 1.75 2 62.75 7 3.75 19.25 2.5 48.75 6.5 3.75 5.5 16.25 6.5 10 6.5 1 3 36.25 53.25 2.25 8 1.75 1.75 1.25 4 10.25 2 2.5 14.5 13.25 20.5 44 0.75 1 73.5 2.5 7.5 
10.25 1.25 49.75 6 7.25 19.75 4.75 12.5 2 2.75 2.25 2.75 3.5 34.75 2.5 2.25 1.75 1.75 3.75 2.75 2 3.5 3 3.25 35.75 27 2 19.25 1.5 4.25 3 1.75 20.25 28.75 2.25 18.5 3.75 2.5 12 1.25 1.75 59.75 4 2.75 2 3.75 4 25.25 4.75 10.25 1 3 4 24.25 3 23.25 0.75 3.25 2.75 1.75 5.75 3.25 22 18.5 12.25 10 5 2.25 3 4.25 6.5 7.25 18.75 2.25 23.5 3.25 4.75 3.5 23 33.75 1.5 1.75 2.25 41 5.75 68 7.25 36.75 37.75 2.75 1.5 2.25 3.5 3 2 37.75 9.25 26 50.5 5.5 3.5 22.5 17.25 2.25 2.75 16 5.25 64.25 7.5 5 2.25 0.25 5.25 13 3.75 3 41.75 25.5 2.5 14 1 2 19.25 0.75 17.25 
30.5 2.25 0.25 30.25 10.75 4.25 5.75 4 12 4.5 8.5 20.25 7 6 6 17.25 3.25 3 16.25 2.75 6.75 7 3.25 3.75 13 3.5 2 8.5 28.75 6 8.75 4 21.5 17 2.25 3.5 2.5 10.75 1.25 3 2.5 2 1.75 3.75 3.5 1.75 3.75 3 2.5 3.25 3.5 29 22.5 28.75 6 1.25 1.5 1.75 20 1.25 25.25 6 19.25 2.25 3 2.25 2 0.75 1.75 2.25 1 2.25 14 2.5 1.25 1.75 21.5 1 2.5 32.5 2 3.25 3.5 2.5 23 50.5 4.5 42 45.5 32 24.75 10.75 4.75 3 1.75 9.25 5.75 7 3.25 4.5 5.25 3.25 2.25 2 23.75 19.75 3.5 7.75 3.25 17.75 1.5 1 11 2.75 1.25 2.5 16.5 5.25 3.25 12.5 2 5 0.75 4.5 23.5 
3 23 1 20.5 11 0.75 2.25 6.75 2.5 2 6.5 11 4 49 6 43.25 5.5 3.25 19.5 13.25 20.25 3 17.25 3 35.25 2 60 5.5 4.5 3.25 15 5.5 5.5 44.5 3 46.25 32 2 1.5 2.25 1.5 2.25 1.25 12.25 2.75 19.5 2.75 2.25 29.5 9.25 5.25 5 17.25 20.25 3.5 1.75 2.5 1.5 16.25 1.25 4.75 3.5 2.25 1.25 1.5 1.75 1.5 1.75 35.5 20.75 2 1 1 1.5 15.5 2.25 2.75 1.25 41.5 37.5 6.5 1.25 1.5 4.75 5 13 25 18.25 6 10.5 17.75 13.5 2.75 2.25 1.75 2 1.5 2 2 3 2.5 4 33.25 31 17.25 18 3.25 7.5 2.25 1.25 8.5 2.5 22.25 35.75 13.75 4.5 37.25 3.75 4 6.75 1.5 4.75 2.25 16 18.75 
20 1.5 14.25 23.25 6.5 10.25 3 1.75 1.75 2.5 31.25 3.25 2 1.75 17.5 8 1 4.25 4.25 57.25 20 41.75 22.25 2.25 3 1.5 16.75 4 7.25 9.75 42 12.25 7.25 29.5 5.25 25.75 2.5 19.5 2.25 18.75 16.5 2.5 13.5 1.75 17.75 2 30.75 57.75 29 2.75 28.5 6.5 2 4.25 1.5 25.25 26 1 2.75 0.75 5.25 26.75 2.25 12.5 1 39.25 30.25 35 21.5 1.75 40.75 3.75 2.5 2.75 17 2.25 2.25 11 2.25 1.5 4.25 2.75 2.25 2 28.5 0.5 4.75 5.25 41.5 13 2.75 2.75 2.75 3.5 1.25 1.75 2 57.5 26.75 2 1.25 1.75 1.5 9 2.25 18.25 3.75 4.75 1 11.75 2.75 3.75 12.75 2 1.5 4.25 18.5 5 3.75 7.25 1.5 3.5 2.5 76.25 3.25 
