-5 -1 -2 -1 -6 2 17 13 13 7 7 4 4 -2 -3 -2 3 0 0 -9 -6 -6 -6 -1 -1 -1 0 4 4 1 1 4 5 5 5 11 12 2 2 2 22 -1 -1 -1 -2 -2 -2 -1 6 8 10 -4 -4 -3 -3 1 -1 -1 -1 0 0 0 0 0 -4 -5 -2 3 3 1 15 1 -5 -9 -7 -4 -7 3 -7 1 0 4 3 -4 -6 -2 -1 6 6 4 4 0 2 0 0 -2 -2 -2 0 -1 0 1 2 1 1 1 1 1 -8 -4 -12 -12 0 2 0 -5 -6 0 -4 2 -4 0 0 -2 -2 
-5 -2 -2 -1 -6 2 2 7 8 8 7 1 0 0 -2 -2 0 0 0 -1 -1 2 2 7 1 1 4 5 5 1 1 4 10 10 5 4 -2 -5 -3 -3 -3 -3 0 0 0 0 0 6 12 12 12 2 -4 -5 -7 -1 -1 -2 -2 0 0 0 2 2 -1 -5 -4 1 1 1 1 0 -3 -5 -3 3 3 1 -5 -1 -2 2 0 0 -3 0 6 6 8 8 4 0 0 0 -1 -1 -1 0 0 0 1 1 1 0 1 1 1 1 -8 -4 -8 -7 0 2 2 0 0 0 -4 -4 -2 -2 0 0 0 
-5 -1 -5 -6 -9 -6 -2 2 8 11 8 7 4 4 -2 -3 -2 2 2 0 -1 -4 -6 -2 -1 2 6 5 5 1 0 2 10 10 5 7 7 2 0 -5 -4 -4 0 0 3 0 0 0 24 18 16 2 -4 -5 -7 1 -1 -1 -1 0 0 0 0 0 2 -4 3 1 1 1 1 0 -2 -5 -4 -2 4 0 0 0 0 2 0 -1 -3 0 6 6 6 4 0 0 0 0 -1 -1 0 1 0 0 0 0 1 -1 -1 1 1 1 -8 -8 -8 -3 2 2 2 2 1 2 1 2 0 -2 -1 -1 -1 
8 8 8 1 -8 -2 -2 -1 0 1 0 1 1 1 -2 -2 -2 2 2 2 3 3 2 -2 3 8 8 13 14 10 10 10 10 2 1 2 2 -5 -12 -12 -7 -7 3 0 3 0 0 12 24 18 18 8 -5 -9 -9 1 1 -1 0 0 1 0 1 4 7 1 1 -5 -4 -4 0 -1 -2 -5 0 1 4 1 0 -2 -2 0 -1 -3 -1 3 5 5 -1 -2 -2 0 0 0 -1 0 1 2 2 0 0 -1 -1 -1 -3 -1 1 1 -2 -2 1 1 2 2 2 10 10 10 1 0 0 -2 0 1 1 
8 10 8 -9 -17 -12 -10 -10 0 0 2 2 2 1 0 -2 -2 -2 -2 3 3 3 3 3 3 0 2 2 5 1 0 2 2 1 -1 1 4 4 -2 -13 -9 -7 3 2 3 -1 -1 -2 12 18 18 3 2 -5 -4 1 1 0 0 0 1 0 0 0 1 -6 1 -4 -4 -6 -1 0 0 -2 0 -1 1 -4 -1 -2 -1 -4 -1 -5 -1 2 5 -1 -2 -3 -1 0 0 0 0 2 2 2 2 1 0 -1 -1 -1 -3 -3 -3 0 0 -2 8 8 9 6 -2 -2 -1 2 1 1 0 0 0 2 2 
0 1 8 12 -6 -9 -6 -4 -3 -3 -1 -1 -1 0 0 1 -2 -2 -2 0 -3 -3 -4 5 -6 -6 -6 0 15 1 10 10 11 6 0 4 4 4 3 -6 -3 -9 2 2 2 -2 -2 -2 5 10 10 2 2 -5 -4 -1 1 1 7 7 7 0 1 0 1 -5 0 0 0 -6 -1 1 1 0 1 1 1 -4 -1 -4 -2 -8 -5 -5 0 1 2 -1 -1 -2 -1 1 1 1 3 2 2 2 2 2 2 -1 -1 0 -3 -3 -3 0 0 1 8 8 9 9 2 -1 -1 2 1 1 1 2 -1 -3 -3 
0 0 0 -9 -9 -9 -4 -3 -3 -3 3 3 4 7 8 19 1 0 -2 0 -3 -1 -3 5 -8 -15 -15 -8 1 -2 0 -1 5 6 6 4 4 7 7 3 -6 -6 -1 2 2 -3 -1 -2 1 5 5 2 -3 -1 -1 -1 0 0 2 7 5 -16 -16 -9 -9 -12 -8 0 0 2 1 2 1 1 2 1 1 -4 -1 -2 3 -4 -5 -5 0 0 0 -4 2 -1 -1 -1 1 1 2 2 2 2 2 3 0 -1 -1 8 8 3 -3 0 0 0 0 6 6 6 -1 -1 -1 -1 -4 -3 -1 2 -3 -6 -6 
0 0 2 1 -3 -3 -1 -3 -3 -3 -1 1 1 1 0 8 4 4 0 0 2 2 -8 -4 -8 -4 -8 -5 1 0 2 0 -1 -1 -2 4 4 4 2 1 -1 -1 -1 2 3 -4 -5 -3 -1 1 2 -3 -3 -1 -1 -1 -3 -3 2 5 2 5 2 6 0 -1 -3 5 -2 7 -2 1 -2 0 0 1 1 -2 3 -2 9 6 3 -2 0 -2 -4 -4 -4 -4 -5 -4 1 1 1 1 1 -1 0 1 1 1 0 4 2 2 -3 1 0 0 -2 -3 -3 4 4 6 3 1 -5 -6 10 10 -1 -6 -6 
1 1 2 1 -2 -1 -1 0 0 0 2 2 2 1 -5 -5 4 5 4 1 2 2 2 10 18 4 -8 -5 1 1 2 1 -1 -1 -2 4 4 4 2 2 2 3 3 3 3 -3 -4 -3 -1 -1 2 -3 -3 -3 -3 -4 -4 -6 -1 -1 -1 7 7 7 -1 -1 -4 -1 -2 7 -1 6 -3 -3 -3 1 1 1 -2 -2 6 -2 3 -2 -2 -2 -2 2 6 -1 -5 -5 -4 -3 1 1 2 2 2 1 1 1 1 2 2 2 -2 -2 -3 -2 -4 -2 -3 4 4 6 3 1 -3 -3 -3 1 -1 1 1 
1 2 3 2 0 0 -1 -2 -1 0 0 0 0 -1 -6 -6 -5 4 5 3 2 2 2 6 18 5 1 0 0 1 1 1 -2 -8 -2 -2 -2 -4 -4 0 1 1 1 1 1 0 1 -1 0 0 0 2 0 2 -3 -4 -4 -4 -1 -3 -4 -3 7 7 -1 -1 -1 -1 -2 0 -1 6 6 1 -3 -4 -2 -2 -3 -3 -2 -2 -2 -2 -2 -2 -21 -2 3 3 2 0 2 0 7 7 6 0 0 1 2 2 4 4 0 -2 -2 -2 0 -4 -4 -4 -7 1 7 8 3 3 -2 -2 6 5 1 1 1 
2 3 3 2 0 -1 -1 -1 0 3 2 2 0 -1 -6 -6 -7 -7 5 2 2 2 2 2 5 2 -6 -16 -16 -6 -1 1 2 1 -4 -2 -2 0 0 -7 -11 -3 -1 0 0 0 1 1 1 1 1 3 3 2 -4 -9 -4 -1 1 -1 -1 3 3 5 1 0 -1 -1 -1 0 0 6 6 4 2 1 1 1 10 -3 -3 -9 -9 -2 8 -2 -9 2 3 5 3 3 3 4 7 3 6 0 0 0 4 4 5 2 0 -2 -2 -2 0 1 -1 -3 -7 -5 -3 7 3 -2 3 1 6 5 1 1 1 
-2 -1 2 1 0 -1 -1 -2 1 2 2 0 -1 0 -4 -1 -7 -7 -7 2 2 2 1 -2 -4 -4 -8 -8 -8 -8 -8 -8 0 0 -4 -2 -2 -1 0 -7 -11 -12 -1 0 0 0 1 3 4 4 3 4 7 7 5 -4 -2 -2 1 -2 -5 3 3 5 1 0 -2 1 2 2 1 1 13 13 4 -4 -4 -2 9 1 1 -9 -9 1 9 1 -8 -2 1 2 2 3 2 2 2 3 6 0 -2 0 4 8 9 3 0 -1 -1 -1 0 1 -1 -4 -10 -7 -5 -1 3 2 2 4 4 5 -4 1 1 
-2 -2 -2 -4 -1 -2 0 -1 1 2 3 3 2 2 0 -1 -4 -5 -7 3 1 -1 -2 -4 -4 -8 -11 -8 -6 -1 0 3 3 3 2 0 4 0 4 0 0 0 1 1 3 0 0 0 0 0 1 3 7 7 2 -12 -9 -6 -2 -2 2 3 5 2 2 2 1 2 6 4 4 1 6 4 4 -2 -5 -2 9 6 1 -3 -3 -1 8 1 1 0 1 1 1 1 1 -2 -2 -2 6 5 5 -2 -2 4 -3 3 0 0 -1 -2 -2 0 0 -3 -5 -7 -5 -4 2 2 2 4 3 3 -5 -4 -4 
1 1 0 -1 0 0 0 0 1 2 3 3 0 0 -1 -1 -4 -3 -5 3 1 -1 -1 -4 -4 -8 -9 2 5 5 4 3 2 2 2 -1 -1 -3 -3 0 6 1 1 1 4 0 3 3 -1 -1 -1 -6 2 2 2 -3 -3 -3 -2 -3 0 6 9 14 2 -9 -10 1 4 2 1 -3 1 3 0 -5 -5 -5 2 2 1 -1 -1 -1 1 -1 1 1 1 1 1 0 0 -2 1 1 5 5 0 -4 -3 -1 -3 1 -3 -1 -3 -12 -2 0 1 0 2 -2 -1 -1 2 2 2 3 3 -1 -5 -5 -5 
1 1 1 2 1 2 1 1 1 1 2 3 2 1 -1 -1 -2 2 4 3 1 -1 -3 -4 -4 -6 -6 -4 2 3 4 4 3 3 6 6 4 -3 -3 6 6 6 1 1 -8 -6 -3 -3 -2 -2 -2 -6 0 0 1 -3 -6 -6 0 0 2 2 5 2 2 1 1 1 8 -1 -1 -16 -4 -4 -1 -4 -1 -1 6 6 2 1 1 2 2 -1 0 0 3 4 2 -2 0 5 5 5 1 4 2 2 0 1 -1 -2 -4 -3 -4 -12 1 4 5 15 9 8 8 5 2 2 2 2 3 -2 -2 -5 -5 
0 2 2 7 7 4 2 2 1 1 -1 -2 -7 -2 -2 0 2 6 6 3 1 -1 -1 -1 8 8 8 -4 -4 -1 -1 -1 -4 1 -5 -5 -5 -1 -1 6 -6 5 -6 -8 -9 -6 -2 -2 -2 -2 -2 -2 -3 -3 -3 -3 -3 4 6 4 2 2 0 -5 0 -5 -14 -10 -4 -1 1 1 1 0 0 -1 -1 -1 -1 0 0 -3 -3 2 4 -3 -5 -5 3 4 1 -6 -6 1 5 5 1 -8 -6 0 0 4 1 1 -2 -3 -4 -13 4 5 5 5 2 5 2 5 -1 0 2 2 2 -2 -2 -2 -2 
0 0 0 2 0 2 0 2 1 1 -6 -2 -2 6 1 2 2 6 6 3 1 -1 1 0 0 0 -4 -4 -4 -1 -1 0 6 7 6 7 4 9 9 12 6 6 5 5 -8 -6 -5 -3 -2 -1 -1 0 1 1 -3 -12 -9 5 6 4 0 0 -5 -5 0 1 1 -1 -1 -1 -1 1 1 1 1 0 5 0 5 0 0 -3 -3 -3 4 2 -5 -5 0 1 -2 -7 -2 0 1 3 1 0 0 4 4 11 4 -5 -5 -5 -10 -4 3 3 -1 -1 -1 3 3 3 2 0 2 2 3 2 2 2 2 
1 2 1 5 1 1 0 -1 0 2 2 1 -2 0 1 1 1 -5 -5 -4 -6 -4 2 2 1 3 3 3 -1 -1 -10 -4 -2 1 1 1 1 9 9 12 3 5 1 1 0 0 -3 -3 -3 -1 -1 -1 -2 -3 -9 -12 -10 2 2 2 0 0 -5 -5 0 0 -6 -1 -1 0 1 3 2 1 1 3 5 3 0 0 0 -3 -3 -3 -1 0 -4 -4 -1 0 0 0 0 0 0 1 0 0 0 6 4 11 1 -1 -1 -5 -10 -4 0 0 0 -1 -1 -3 -3 -3 -7 -3 2 2 4 3 2 2 2 
0 1 0 5 1 1 -1 -1 2 2 2 1 0 0 5 0 -5 -5 -5 2 4 4 4 2 1 0 -4 3 -1 1 0 1 1 4 1 1 3 4 4 3 3 5 2 2 0 0 -4 0 -1 0 0 0 1 1 1 -10 -10 -3 0 0 -1 -1 -5 -5 4 5 -4 0 1 1 -3 -2 0 0 0 1 3 5 5 1 0 -1 -1 -1 -1 0 -1 -1 0 2 2 1 1 1 1 1 1 0 0 2 2 1 1 -5 -1 -1 2 -3 -3 -3 0 3 -1 -3 -3 0 0 -3 2 1 3 1 3 5 5 
-1 1 1 5 5 1 -1 -1 -1 1 1 1 -4 -7 -5 -5 -9 -9 -5 -4 -5 -8 -4 1 1 0 -4 -4 -1 1 1 3 1 0 1 1 3 3 3 3 3 6 2 2 1 1 0 0 0 0 1 1 1 1 8 1 3 -3 -8 -1 -7 -1 -5 1 -5 -6 -5 0 2 1 0 -2 -5 -2 -2 -2 2 3 -1 -1 0 1 -1 -1 0 2 2 -1 0 0 2 0 0 1 1 1 0 0 -1 -1 1 1 1 -1 0 0 3 3 0 -4 -3 3 -3 -3 -3 -1 -1 0 2 1 1 1 5 8 8 
-3 -1 -1 5 5 5 7 2 2 1 0 1 -4 -5 -5 -2 -2 -2 -2 0 -2 -8 -4 -1 1 1 -1 -1 1 3 3 4 1 4 1 2 1 0 -8 -8 -8 -2 2 2 1 1 11 5 5 2 2 1 1 1 8 1 3 -2 -6 -7 -6 -1 1 1 -2 -5 -4 -4 0 0 -2 -5 -5 -2 -2 1 -1 -1 -1 -1 -2 0 0 0 0 6 5 0 -6 -1 2 0 0 0 1 1 0 -1 -1 -1 0 1 10 0 0 0 1 0 -5 -5 -5 -3 0 2 -1 -1 0 2 2 -3 0 10 11 8 8 
-35 -1 -1 1 1 3 6 2 -7 -7 -3 0 -2 -5 2 -2 -2 -2 -2 -4 -5 -12 -4 -1 1 1 0 2 3 3 1 3 3 6 2 2 1 -17 -31 -17 -34 -34 -31 -29 -11 -11 -7 -8 5 2 2 -2 -2 -7 -1 -1 -1 -2 -6 -6 -3 1 1 -2 -2 -5 3 0 0 0 0 0 -5 -5 -5 -2 -2 -1 -1 -1 -1 0 14 6 6 6 5 -8 -8 -2 -1 -1 -1 -1 0 1 -1 -1 -1 -1 0 5 9 4 -1 -1 1 2 2 -3 -5 0 0 3 -1 -1 -1 0 -3 -3 -3 10 11 11 11 
-35 4 3 3 3 5 6 5 2 2 -2 0 0 4 6 6 6 -1 -1 -2 -2 -23 -1 4 7 4 4 7 7 7 1 -1 6 6 2 1 -3 -17 -31 -27 -34 -34 -31 -31 -29 -29 -28 -20 -8 -3 -2 -4 -4 -7 -1 -3 -2 -3 -3 -3 -1 0 -1 -2 -2 2 2 1 -2 1 1 1 1 2 2 -3 -3 -1 0 0 0 0 -1 0 0 0 -1 -4 -4 -1 0 0 -1 0 1 4 -9 -9 3 9 3 9 10 10 -1 -4 -9 1 -3 -3 -5 2 3 3 -1 -1 0 0 -3 -5 -5 -3 -3 3 3 
2 3 2 0 0 3 3 4 4 4 3 3 3 3 4 -4 1 1 1 -2 -2 -2 11 7 7 7 13 13 8 7 -7 -8 6 6 -1 -3 -3 -10 -10 -12 -10 -10 -3 -3 -7 -11 -8 -11 -3 -2 0 -4 -4 -4 0 -3 -4 -3 -3 -1 0 0 -1 -2 -2 0 0 0 0 2 2 3 1 -4 -5 -7 -6 0 1 1 0 -2 -2 -2 -1 0 1 -1 -1 0 0 0 -1 -1 1 1 -4 -2 5 9 0 -4 4 9 1 -8 -9 2 0 2 0 2 0 0 -1 0 0 0 -3 -1 -5 -5 -5 3 3 
2 -2 1 1 3 5 4 4 4 4 3 3 4 4 8 0 1 1 4 4 4 5 13 7 -1 -1 4 7 7 8 16 -4 -8 -11 -14 -8 -3 -3 1 0 0 0 0 1 -3 -8 -10 -8 -2 0 3 3 14 2 1 1 1 -1 -4 -2 0 0 -1 -3 -4 0 0 2 2 3 2 1 0 1 0 -1 -1 1 1 -2 -2 -2 -1 -2 -1 1 4 2 -1 -3 0 0 0 -2 1 1 1 1 5 7 0 -4 1 10 2 -5 -11 -7 -3 -1 -1 0 0 -1 -1 -1 0 -5 -5 -1 -1 -1 -6 -3 -3 
2 -7 -2 -4 0 -1 -4 -4 -2 1 4 5 10 19 0 -4 -5 -3 -2 5 5 14 13 5 -6 -8 -6 -6 4 4 4 4 -8 -11 -11 -3 1 -3 2 0 2 1 0 1 0 -4 -8 -4 0 1 3 12 0 0 0 1 -3 -1 -3 1 1 0 -1 -2 -2 1 0 0 2 3 3 -1 -1 0 -1 -1 -1 -1 -2 -5 -2 -2 0 -2 -2 1 4 4 -3 -3 0 0 0 0 2 1 1 1 1 -2 -4 -5 0 2 2 2 0 0 -1 -1 -1 0 0 0 -1 -1 -1 -5 -5 -4 -2 5 5 -2 -2 
-7 -7 -15 -2 4 11 1 -1 -2 0 0 6 18 19 3 -3 -3 -3 -3 -1 -5 -1 5 3 3 -6 -6 -8 0 4 4 3 -3 -3 1 1 2 2 6 10 14 14 5 5 5 5 -8 1 1 10 12 14 12 1 1 1 1 1 1 1 0 0 -2 -2 -2 1 1 1 2 2 2 -1 0 1 1 -1 -1 -2 -2 -2 -1 0 0 -1 -2 1 4 7 -3 -3 1 1 1 2 3 2 1 0 3 5 -3 -3 2 6 5 5 1 1 1 1 -1 0 0 1 -1 2 -1 2 -3 -4 -4 1 -2 -2 -2 
3 -5 -12 -5 1 -1 -1 -1 -1 -1 -2 5 5 18 3 -3 -3 -2 -2 -2 -6 -4 -3 2 2 -3 -3 -1 -1 0 4 4 1 1 1 3 2 2 -2 -5 14 13 -1 -1 -1 1 -12 1 1 9 16 16 12 12 6 2 0 1 1 1 -1 0 -2 -1 -1 1 -1 1 1 2 5 1 3 1 1 1 -1 -2 -2 -2 -1 0 -1 -1 -2 2 4 7 0 0 1 1 2 3 3 3 0 -3 -4 -3 -3 -1 0 6 5 10 5 4 1 1 2 1 1 1 2 2 2 2 -1 -3 -2 -4 2 2 2 
-12 -12 -5 -1 4 7 1 0 3 3 2 1 1 9 9 9 1 -1 -2 -5 -6 -4 -2 2 2 1 -1 0 -1 0 3 3 1 -1 1 2 -1 -2 -2 0 7 7 -1 -1 0 0 0 0 0 1 10 16 12 12 6 2 0 1 -1 -1 -2 0 0 0 -1 -1 -1 1 2 1 1 0 1 0 1 0 -1 -2 -2 -1 -1 0 0 -1 -2 1 2 2 2 3 1 1 -2 2 3 3 -5 -5 -5 0 0 0 6 7 2 2 2 4 1 2 2 1 1 -1 1 -1 0 0 -1 -1 -3 -3 -3 2 2 
-12 -12 -5 -1 9 9 0 -1 1 2 2 1 1 6 9 9 1 -1 -1 -1 -4 -2 -2 2 0 1 -1 1 -1 5 6 5 -1 -3 -1 0 0 -2 -5 -5 -5 -8 -22 -8 0 0 0 0 -1 -1 -1 3 3 -3 -12 -12 -31 0 -1 -1 -1 0 0 0 -1 -1 0 0 0 -1 -2 -1 -1 0 -1 1 0 0 -1 0 -2 0 -2 0 -2 1 1 2 0 4 4 2 -1 -1 4 3 -1 -3 -7 -1 -1 -1 -1 12 2 2 2 4 -4 -1 1 1 1 -1 -1 -5 -2 -3 -2 -1 0 0 1 1 1 
-21 -21 -11 -1 1 7 0 0 2 2 2 2 1 2 3 3 -4 -4 -4 -2 -7 -2 -1 2 2 1 1 1 4 -5 0 0 0 -2 0 0 0 -1 -2 -2 -3 0 0 0 0 1 1 0 0 -1 -1 -1 -1 -3 -5 -3 -31 -1 -2 -2 -2 0 1 2 1 2 2 2 1 -2 -2 -2 -3 0 -1 0 0 0 -1 0 0 0 -6 -6 -1 -1 -1 0 0 5 4 -1 -2 -2 14 14 -1 -1 -1 0 -1 0 1 7 1 -1 0 4 -1 -1 -1 0 0 -1 -1 -5 -2 -2 -1 0 0 0 1 1 1 
-21 0 -3 0 0 1 -2 -2 1 2 0 1 -1 2 2 -3 -5 -5 -3 1 -3 0 0 0 1 0 2 -9 0 -5 0 0 0 0 0 0 0 0 0 -1 -3 0 -1 -1 -1 0 1 -1 0 0 0 0 0 0 0 0 0 0 0 0 -1 0 1 2 1 2 2 1 -1 -2 -2 -1 0 2 2 3 -1 0 0 0 1 1 1 2 1 1 -1 0 0 6 6 -1 -7 -7 -1 14 0 0 -1 2 1 1 1 0 0 0 3 5 10 4 0 0 0 -1 0 0 0 1 1 0 0 1 1 1 1 
0 1 -1 0 0 2 1 0 0 1 -1 0 1 2 -2 -4 -5 -4 -3 1 0 0 0 -1 0 -6 -8 -12 -12 -18 0 0 0 0 0 0 0 0 0 0 0 0 0 -1 -1 0 1 1 0 0 0 0 0 0 6 3 3 3 -13 -5 -5 2 3 2 1 2 2 1 -1 -1 2 0 0 2 3 3 -2 -1 0 2 2 1 1 2 2 1 1 1 3 5 0 -7 -11 -11 1 5 5 8 -3 2 1 1 1 0 1 3 3 3 4 4 -1 -1 -1 -1 1 1 1 4 4 4 2 2 1 0 0 
1 4 0 0 0 3 2 0 0 0 0 0 4 4 -1 -4 -4 1 1 1 1 0 0 -2 -1 -3 -8 -12 -12 0 0 0 0 0 0 0 0 0 0 0 0 0 0 -1 -1 -2 -1 -1 0 0 0 0 0 0 0 0 0 2 -12 -1 -1 1 1 1 1 1 1 -3 -2 -2 -1 -1 0 0 0 0 -1 0 4 4 1 -2 2 2 15 1 -1 -1 1 5 -1 -4 -4 1 3 4 5 1 -3 -1 -1 0 0 0 0 3 3 3 0 0 0 0 -1 -1 0 2 2 4 4 9 4 4 2 1 1 
-3 3 0 0 0 1 0 0 0 0 0 0 3 3 -1 -1 -1 1 1 2 6 1 1 -3 -3 -6 -9 -8 -11 0 0 0 0 0 0 0 0 0 0 0 0 0 0 0 0 -2 -2 1 0 0 0 0 0 6 6 6 -2 -2 -6 -6 -1 1 1 1 1 1 -3 -3 -3 -1 -1 -1 -1 0 2 0 -1 1 4 4 -14 -4 -2 27 27 10 -1 0 1 1 -1 -4 -4 1 3 1 1 1 -1 -1 -1 0 8 8 1 1 -1 -1 -8 -6 -1 -1 -1 -1 0 2 4 2 -3 -3 -3 2 2 -3 -3 
0 0 -3 -8 -3 -1 -1 -1 -2 0 2 2 3 2 0 0 0 0 -2 -1 6 6 6 -1 -1 -3 -3 -3 0 0 0 0 0 0 0 0 0 0 0 0 0 0 0 0 -3 -3 -2 -1 -1 3 2 -1 -1 -2 -2 0 -2 -2 -6 -6 -1 1 -1 0 -1 -1 -1 -3 -3 -3 -1 -4 0 0 0 -1 -1 -1 -1 -1 -4 -4 6 12 10 5 0 0 -1 0 -1 -3 -4 -4 0 0 1 1 1 -1 -1 -1 0 -1 -2 -1 -2 -2 -5 -5 0 0 0 -1 -1 1 2 2 -2 1 0 1 3 3 3 
-3 -7 -6 -6 -1 0 1 2 2 0 0 0 2 2 0 -2 -10 -3 -10 6 6 18 6 0 0 0 0 0 0 0 0 0 0 0 0 0 0 0 0 0 0 0 0 0 0 0 -1 3 3 3 1 -2 -2 -3 -2 6 6 1 -3 -6 -3 1 0 0 -1 -1 -1 -1 7 2 3 -1 3 2 7 -1 -7 -1 -1 -1 -7 1 6 10 10 6 5 1 0 0 -3 -7 -12 -5 0 -3 -3 -3 1 1 -1 -3 -7 -3 -2 0 0 -2 -5 -5 0 0 0 0 0 1 5 5 2 1 0 -2 -2 -3 -3 
0 0 -6 -6 -2 2 2 2 2 0 2 2 3 2 -2 -2 -2 -2 -3 -1 -1 0 0 0 0 0 1 0 0 0 0 0 0 0 0 0 0 0 0 0 0 0 1 0 -1 0 3 3 3 3 1 -3 -3 -3 -4 4 6 4 -6 -6 -4 1 0 0 -1 -1 -1 4 10 10 10 2 7 2 7 2 8 -1 -1 -1 -1 2 6 7 6 5 5 1 -1 -2 -4 -3 -3 1 1 1 -3 -3 0 0 -1 -2 -7 -8 -3 -2 0 0 1 1 1 2 2 1 1 1 1 5 2 1 0 0 0 -2 -2 
0 0 -3 -1 -1 4 3 3 3 2 -1 -1 2 4 -3 -2 -1 -2 -1 -1 0 0 0 0 0 0 2 0 0 0 0 0 0 0 0 0 0 0 0 0 -1 -1 -1 -1 0 1 4 2 -2 -2 -3 -3 -1 0 -1 4 4 4 1 -2 -2 0 0 -1 -6 -5 2 4 10 3 3 2 2 2 7 10 16 1 1 0 -3 -9 -9 -4 -4 -3 1 1 -1 -4 -6 -9 1 1 1 1 -3 -3 0 0 1 1 2 2 2 3 0 0 -3 1 -1 2 2 2 1 1 5 5 1 0 0 -1 -2 -8 -8 
0 0 -1 2 3 9 1 0 1 4 2 -2 -2 3 2 1 0 -2 -2 -2 -2 0 0 0 0 0 0 0 0 0 0 0 0 0 0 0 1 0 0 0 -1 -1 -1 -5 1 1 2 -2 -2 -2 3 0 0 2 -1 -2 0 1 1 -6 -8 -3 -3 -2 -5 4 2 2 0 -1 0 0 0 0 0 -1 8 -1 3 3 3 -9 -9 -10 -5 -3 -1 1 1 -6 -12 -9 1 1 0 -3 -8 -1 0 0 2 7 7 3 2 3 0 4 0 2 -1 2 2 2 0 -1 3 3 0 -2 -1 2 4 -3 -3 
0 1 0 2 8 9 3 0 4 4 -2 -3 -2 3 0 1 0 -2 -2 -2 0 0 0 0 0 0 0 0 0 0 0 0 0 0 0 1 4 4 0 -1 6 1 4 1 2 2 2 3 1 -2 4 4 2 2 -2 -2 -2 0 0 -4 -4 -3 -3 -2 -4 2 2 2 0 0 -1 0 -13 -1 -1 -1 -7 -2 1 1 1 -10 -3 -10 -5 -5 -3 -1 -4 -13 -27 -9 0 0 -2 -7 -7 -1 0 0 2 2 1 1 0 3 2 2 -5 -5 -3 2 1 3 0 2 3 2 -1 -2 0 2 -3 -3 -3 
1 1 -5 -5 1 9 4 0 0 1 -1 -1 -1 3 0 0 0 -2 -2 0 0 0 0 0 0 0 0 -1 0 0 0 0 -1 1 1 2 4 2 2 2 7 6 4 1 0 2 2 3 1 1 8 11 8 3 2 2 0 0 -4 -6 -4 -3 -1 0 0 0 0 0 0 1 1 3 -8 -8 -11 -2 -2 -2 1 1 1 -6 0 -15 -2 -4 -4 -1 1 -4 -6 0 0 -2 -3 -7 -7 0 2 0 0 0 -7 -2 -2 0 0 4 -3 -3 -3 1 0 1 0 2 2 2 -1 -4 -4 -4 -4 -4 -4 
1 1 -5 0 0 0 0 0 0 1 1 3 3 2 0 0 0 0 0 0 0 0 0 0 0 0 0 0 -1 -1 0 0 -3 -1 -1 4 4 2 0 0 0 2 2 2 0 3 1 2 1 1 2 8 8 3 -1 2 0 0 -4 -4 -3 0 1 1 0 0 -1 0 1 2 2 3 3 3 0 0 -2 -2 1 0 1 -13 -21 -17 -16 -6 -16 -4 -4 -6 -6 -1 0 0 3 -3 -7 -1 2 0 -2 -5 -18 -2 0 0 0 2 -3 -3 0 1 0 0 -3 2 2 -1 -1 -4 -3 -4 -4 -4 -4 
-11 -5 -11 -5 -4 0 0 0 0 0 0 4 4 2 0 0 0 0 0 -1 0 0 0 0 0 0 0 0 0 4 9 -1 -3 -1 3 4 4 2 0 1 0 2 1 1 -1 11 0 2 2 5 8 11 8 3 -1 -6 -6 -10 0 0 0 1 1 1 1 0 1 2 3 2 3 4 4 5 0 0 0 1 8 1 2 -6 -13 -13 -6 -4 -5 0 -4 -4 -2 -1 -1 -2 -2 -8 -8 -1 0 0 -2 -5 -9 2 2 0 0 -4 31 11 2 0 0 0 -1 0 0 0 2 -2 -1 -2 -2 -2 -2 
-5 -3 0 0 0 0 0 0 0 0 0 0 0 0 0 0 9 0 0 -1 -1 5 5 4 0 0 0 0 0 4 12 5 -3 -2 -2 4 0 2 0 0 -4 -1 1 4 1 15 4 4 4 8 12 11 2 -7 -6 -6 -6 -10 0 0 1 1 2 5 5 2 3 3 3 3 3 5 5 5 -1 0 0 1 1 0 -4 -13 -14 -14 -6 -4 -4 1 -4 1 -1 -1 -1 -2 3 -8 -6 -4 -1 0 -1 -1 -5 2 3 2 3 -4 -8 -8 2 0 0 0 -1 -5 -5 -6 -5 -2 0 0 -1 -1 -1 
0 0 0 0 0 0 0 0 0 0 0 0 0 0 4 4 9 -1 -2 -2 -5 5 5 4 1 -2 -2 -2 4 4 2 -1 -1 3 0 1 -1 2 -4 -4 -5 -5 -5 4 9 18 11 4 -5 8 11 11 -4 -6 -6 -6 -8 -8 -1 -1 1 1 1 4 1 1 1 -3 3 3 3 4 0 3 -1 2 2 7 7 1 1 -3 -3 -2 -4 -2 -4 -4 -9 -4 -2 -2 -2 -4 -2 -4 -2 -1 -1 1 -1 -1 -2 -1 3 0 0 -13 -13 -18 0 0 1 1 1 0 -1 -2 -5 -2 2 1 1 -1 -1 
0 0 0 0 0 0 0 0 0 0 0 0 0 0 0 -3 1 1 1 4 -2 -2 4 1 1 -2 -2 -2 1 1 2 -1 3 3 0 0 -7 1 -4 -9 -5 -23 1 4 5 12 4 4 -5 -11 5 4 4 -2 -2 -1 -2 -1 -1 -1 1 1 4 5 4 0 0 -3 0 3 0 0 0 3 -1 0 -1 0 1 7 1 -4 -6 -13 -6 -4 3 3 1 1 2 2 -1 -4 -1 -2 0 -1 -1 -1 1 7 5 -1 0 0 0 -5 -10 -20 -7 1 1 2 1 1 -5 -6 -6 0 0 0 0 -2 -2 
0 0 0 0 0 0 0 0 0 0 0 5 8 1 -3 -3 -3 0 1 4 -2 -5 -2 -2 1 -2 -2 -2 -1 1 1 -1 3 4 -8 -7 -7 -7 -9 -9 -4 -9 -8 3 5 10 1 -3 -5 -5 -5 4 4 -2 -2 -2 -2 -1 -1 -1 0 1 1 4 1 0 0 -1 -1 0 0 0 1 3 3 2 -1 0 3 15 15 -3 -6 -6 -6 -6 -6 -9 -9 -5 2 2 2 1 -1 -1 -1 -1 -1 -1 1 6 2 -1 0 -1 -2 -4 -5 -7 -1 1 2 2 1 1 -1 -1 3 0 0 -2 -2 -2 -2 
2 0 0 0 0 0 0 1 1 3 -6 3 3 3 1 -3 0 1 1 2 0 0 -2 1 2 1 0 -1 1 1 1 -1 -7 -7 -7 4 -7 -7 -9 -4 -2 5 5 3 3 -3 -6 1 0 -3 -3 -2 3 -2 -2 0 0 -1 -1 0 0 1 1 0 0 0 0 0 5 5 3 0 1 1 1 1 -1 -1 -1 3 4 1 -4 -6 -6 -3 3 -3 -5 -5 2 2 7 10 3 -1 -1 -1 -1 -1 1 3 3 0 0 0 -1 -1 -1 -1 1 1 3 3 3 1 -1 -5 -5 0 0 -1 -1 -1 -1 
2 0 0 0 0 0 4 19 19 3 -6 -1 0 5 6 5 0 -2 -2 -6 -1 0 2 -7 1 1 1 0 1 1 -1 -5 -7 0 4 14 -3 -3 -11 -2 1 5 4 -2 4 -3 -2 -2 1 0 0 1 1 -2 0 2 3 3 0 0 1 1 -2 -2 -2 1 -1 -1 1 -1 3 -1 -2 -5 1 1 -1 -1 -1 1 4 1 -2 -6 -6 1 4 2 -5 -8 -8 -5 1 2 1 -1 -1 -1 -1 -1 0 0 2 -1 -1 -2 -2 -2 -1 -1 4 1 4 5 3 2 0 -4 -4 0 0 -1 -1 0 0 
2 0 1 0 4 -1 -3 -1 3 3 -6 -6 -1 1 6 9 9 2 -2 -5 -1 0 -3 -7 1 1 1 1 1 0 -5 -5 -5 0 4 18 4 3 -2 -2 -2 1 1 -2 -3 -3 -2 0 1 1 1 1 -2 -2 2 2 3 3 0 -2 1 1 0 0 0 1 -1 1 5 4 0 -1 0 -2 0 0 0 -1 -1 -1 2 2 2 0 1 3 7 3 2 -8 -8 -5 -2 1 1 -1 -1 -1 0 0 0 0 2 0 -1 -1 -1 -1 10 1 1 1 0 1 2 2 1 0 0 6 1 0 0 0 0 
3 1 3 5 4 3 2 3 3 3 -6 -6 -6 -5 0 6 6 -2 -2 -4 2 1 1 -3 1 -1 -1 -1 0 0 -4 -4 -4 -2 3 18 9 -2 -2 -2 0 1 -2 -4 -4 -2 0 -2 -1 1 3 4 1 4 2 2 2 -1 1 -2 -2 -2 0 0 0 1 1 -1 1 -1 -1 0 0 -1 -2 -17 0 0 8 0 2 0 0 0 0 1 3 2 2 0 -3 -2 1 1 1 0 -1 -1 0 0 -1 -4 -1 -1 -1 -1 -1 -5 -1 1 1 1 0 1 1 1 1 0 3 3 1 0 -1 -2 -2 
3 3 3 3 0 2 0 3 2 0 -6 -8 -6 -8 -2 -1 5 5 -2 -1 4 1 0 -2 -2 -2 -1 -1 0 0 -4 -4 -4 -2 0 3 9 6 0 -2 0 2 3 1 -2 -2 -2 -2 -1 3 4 8 4 7 5 2 -1 -1 -1 -1 -1 1 1 1 0 1 5 2 2 1 0 1 2 1 0 0 18 28 8 8 8 2 2 1 0 0 0 1 2 0 -2 -2 1 1 1 -2 0 -1 -1 -2 -2 -1 1 1 0 0 0 -5 -5 1 1 1 -1 0 1 1 1 -1 -1 0 0 0 1 -2 -2 
-1 -1 3 7 0 2 2 4 2 0 -4 -1 -1 -5 -3 -2 -1 -1 -2 -2 -1 1 1 1 -2 -1 -5 0 0 0 0 0 0 -4 -8 -8 -5 -3 0 1 1 3 3 -5 -2 0 1 0 -1 -1 4 8 8 6 5 5 -1 -1 1 1 1 1 -1 -1 -1 1 15 2 0 0 1 1 2 1 1 -4 -4 -12 1 8 8 2 2 2 0 0 0 -1 -1 -1 -2 -3 1 -3 0 -4 0 0 -1 -2 -3 -4 1 1 1 1 1 -5 -5 -5 -1 1 4 4 0 0 -2 -1 -1 -1 0 0 0 -2 -2 
-7 -4 -4 -4 0 0 0 4 2 2 -1 2 3 0 0 -1 -1 -2 -2 -2 -1 0 0 -2 -2 -2 -8 -8 -4 -4 -4 1 0 0 -5 -12 -5 -4 1 1 -7 -13 -13 -13 -2 -2 2 -5 1 1 10 10 10 6 0 0 -1 0 1 1 1 3 1 -1 -1 1 5 2 2 0 2 1 3 2 2 2 -4 -12 1 19 9 9 2 1 0 0 0 0 -1 -2 -2 2 6 0 1 0 2 0 -1 -3 -2 7 7 1 1 2 6 6 -5 -4 -1 1 4 3 0 3 -2 -1 -2 -1 0 0 0 0 0 
-1 -4 -3 -3 0 0 4 5 2 0 0 2 1 0 -1 -1 -1 -2 -2 -1 -1 -1 -1 7 5 -2 -8 -8 -4 -4 -3 1 1 -1 -5 -5 -5 -4 5 6 -7 -13 -13 -13 -8 -4 2 -2 0 0 2 7 -2 -4 -6 0 0 0 -1 1 1 3 -1 -1 -1 0 1 -4 0 0 1 0 1 1 2 0 -4 -12 -3 -3 -1 2 2 2 0 0 0 0 0 -1 0 0 0 -3 -2 0 1 0 0 -1 -1 -1 1 1 1 1 1 6 1 1 0 0 3 3 0 0 0 0 -3 -3 0 1 0 0 0 
1 0 0 0 1 4 4 2 0 -3 -1 1 0 0 0 0 -1 -1 -2 -1 -1 0 0 -1 -2 -6 -8 -8 -1 0 0 1 -1 -1 -1 -4 -4 -4 5 -12 -8 -8 -6 -7 -4 -4 -2 -2 1 1 2 7 3 -4 -6 0 1 0 -1 -1 -1 4 2 0 -1 0 -3 -5 -4 1 1 0 0 0 1 0 -2 -3 -3 -3 -2 -2 1 1 0 0 0 2 4 4 2 0 2 0 1 0 0 0 0 -1 -1 -1 1 1 0 1 0 2 1 1 1 1 -1 0 0 5 1 1 0 1 1 2 2 -1 -1 
2 1 1 0 1 8 8 2 -4 -4 -3 -1 -1 -1 -1 1 -1 -1 -1 0 0 2 0 -1 -4 -11 -6 0 0 0 0 -1 -2 -1 0 -2 -5 -5 1 -10 -4 -4 -4 -1 -4 -2 -1 1 1 2 9 4 3 0 0 0 1 0 -1 -1 -1 3 1 0 0 0 2 0 0 1 0 0 -1 0 0 0 -2 -3 -3 -3 -3 -6 -2 0 0 2 0 2 4 4 3 0 0 -1 -1 0 0 0 1 -1 -3 -3 -1 0 0 -2 -2 2 2 1 0 -1 -1 1 1 1 1 1 1 1 1 2 3 3 3 
2 2 2 1 2 8 -2 -4 -4 -3 -1 -1 -1 -1 3 2 0 0 0 2 1 2 0 0 -4 -4 -1 0 0 0 0 0 -1 -1 -1 -1 -2 -2 -2 -2 1 2 -2 -1 -1 1 1 1 1 9 9 4 3 3 1 0 1 1 1 0 2 3 3 1 1 2 2 1 1 1 0 0 -1 0 0 0 0 1 1 1 -6 -6 -2 0 0 0 1 2 0 0 0 0 -1 -1 1 1 1 1 1 -5 -3 -1 1 1 -2 -2 -2 -1 0 0 0 2 2 2 1 1 1 1 1 1 2 3 3 3 3 
10 6 6 2 2 -1 -2 -2 -4 0 1 1 1 -1 -1 -1 -1 -1 0 2 2 2 0 0 0 -1 0 0 0 0 0 0 0 0 0 -1 -2 -2 1 2 2 2 -1 -1 -1 -1 -1 1 -1 1 -2 2 2 2 1 -3 -1 1 1 1 0 -2 1 1 0 -1 -8 1 1 -1 0 0 0 0 0 1 1 1 0 0 -13 -7 0 0 0 0 0 1 -1 0 0 0 -1 -1 0 1 1 1 0 -5 -2 -2 -1 1 3 4 2 2 0 0 0 0 2 1 0 -2 -1 -1 0 0 0 0 0 2 2 
3 3 2 2 1 -1 -4 -10 -10 1 1 4 1 0 -1 -3 -3 -1 0 1 1 0 0 0 0 0 0 0 0 0 0 0 0 0 0 2 -2 -2 -2 0 0 -1 -2 -3 -1 1 1 1 1 1 -2 2 2 3 2 -1 -1 1 1 1 0 1 0 4 -1 -8 -9 -1 -1 0 1 1 1 1 1 2 2 2 0 -2 -13 -1 -1 -1 0 0 1 1 0 0 0 0 -1 -1 -1 1 1 0 0 0 1 2 1 3 4 12 2 2 0 0 0 2 0 1 0 1 -1 -1 -1 0 0 0 -1 0 0 
3 1 2 2 2 -2 -4 -4 -4 0 1 0 0 0 -1 -3 -3 -1 0 1 0 0 0 0 0 0 0 0 0 0 0 0 0 0 2 -2 -2 -3 -2 0 0 0 -1 -3 -1 -2 1 -2 -2 -2 -2 2 2 2 -1 -3 -1 0 1 1 0 0 0 0 0 0 0 0 0 0 1 1 2 0 -1 -1 0 2 0 1 1 2 2 -1 -1 0 0 1 1 2 0 1 0 0 -1 0 0 0 0 1 3 4 1 3 4 8 -2 -1 -1 2 0 2 -2 1 0 0 -1 -1 0 0 -1 -1 -1 -4 -4 
3 0 -1 -1 1 -2 -4 -6 -2 -1 1 2 0 0 0 -2 -3 -2 3 3 1 0 0 0 0 0 0 0 0 0 0 0 0 0 2 0 0 -2 -2 -2 -3 0 -4 -3 -3 1 1 1 1 1 3 3 -1 -1 -1 -1 -1 0 1 1 1 0 0 0 0 1 0 1 0 0 1 1 3 24 -2 -5 -5 2 2 2 1 -1 -3 -3 -2 0 1 1 1 -1 -2 1 1 4 1 2 2 3 1 3 4 4 1 1 1 4 -3 -1 0 1 0 2 2 3 4 4 0 -1 -1 -1 -1 -1 -1 -1 -1 
1 1 0 -1 -1 -2 -2 -1 -1 -1 -2 1 0 3 0 1 -3 -2 -8 3 0 0 0 0 0 0 0 0 0 0 0 0 0 4 3 0 0 0 1 0 0 0 0 0 -5 -2 2 2 2 1 0 -3 -3 -1 0 -1 -1 -3 1 3 3 -1 0 -1 0 1 1 1 8 1 2 2 3 3 -6 -21 -26 1 3 23 2 -4 -4 -2 -2 -2 -1 -1 -1 -25 -21 -2 0 4 1 2 1 2 3 3 3 -1 -1 1 4 4 0 -1 -1 1 6 6 8 8 8 4 -2 -2 -2 -3 -1 -1 -1 -2 -2 
0 1 0 0 0 2 3 -1 -2 -1 -1 1 1 3 0 -1 -3 -3 -3 2 1 1 0 0 0 0 0 0 0 0 0 0 0 0 0 0 0 0 0 -2 -4 -4 -5 -3 -5 2 2 2 3 3 3 -3 -1 2 1 1 0 -3 0 2 3 2 1 1 -1 1 1 1 0 -3 -1 3 5 3 1 -4 -1 1 2 -2 -7 -7 -7 -2 -2 -2 -2 -2 -2 -25 -3 -2 0 2 1 1 1 8 6 1 2 -1 1 4 4 4 0 -1 1 2 6 6 2 2 4 4 -2 -2 -2 -3 -3 0 0 0 0 
0 1 1 2 2 3 3 1 -3 -3 -2 -1 0 1 0 -1 -2 -1 -1 -1 0 1 0 0 0 0 0 0 0 0 0 1 1 2 2 0 0 0 1 0 -2 -4 -5 -4 -3 -3 -3 -1 -1 0 0 -4 -4 0 0 -2 -2 -3 3 3 2 0 0 1 1 1 1 1 0 -3 1 1 2 0 0 -4 1 1 4 1 -4 -4 1 1 1 -2 -1 -1 -1 -3 -3 -3 0 0 1 0 1 1 2 -7 -4 -7 -2 8 8 8 0 -1 -1 2 -3 -1 0 0 -2 -2 -2 -2 -1 -2 -2 -2 0 0 0 
-1 0 1 6 5 5 3 -2 -4 -3 -1 0 0 0 0 -1 -1 -1 -1 2 -1 1 0 0 0 0 0 0 0 0 1 1 1 1 1 0 0 0 1 1 0 -4 -5 -3 -1 0 -3 -3 -1 -1 -2 -4 -4 0 0 -2 -2 6 6 2 0 0 0 2 2 3 1 0 -3 -4 -1 2 2 0 0 -1 1 -1 1 1 0 0 0 1 3 3 1 1 1 0 0 0 8 1 1 -1 1 1 2 -2 0 0 0 2 2 2 0 1 2 4 -3 -2 0 2 2 -2 -1 -1 -1 -1 -2 0 0 0 0 
0 1 5 6 5 5 1 0 -2 -2 -1 0 0 0 0 -2 -1 -1 -1 0 0 0 -2 0 0 0 0 0 0 0 1 1 2 2 2 0 1 1 1 1 0 0 -4 -1 -1 0 0 0 -1 -1 -1 -4 -4 0 0 0 0 5 6 3 0 0 0 1 2 0 0 -2 -3 -3 -1 1 0 -1 0 1 1 0 0 1 0 3 1 1 1 0 1 1 1 0 0 2 3 2 1 1 2 -1 -4 -4 -1 0 0 0 0 2 0 1 -2 1 -2 -2 -1 2 2 1 -1 -1 -1 4 6 4 3 5 5 
-1 -1 0 5 1 1 1 1 0 0 0 0 1 1 -3 -3 -1 -1 0 2 1 1 0 0 0 0 0 0 0 0 1 2 2 2 1 0 1 1 1 1 0 0 0 0 1 1 0 0 0 0 0 0 0 0 0 0 0 0 3 3 1 0 0 0 0 1 1 0 -1 0 -1 0 0 1 1 1 -1 0 -1 0 -3 0 -3 -5 -5 -4 -1 0 0 0 2 3 3 1 1 1 2 0 -2 -1 2 0 0 2 2 3 2 2 1 1 1 0 1 2 12 2 2 2 1 1 1 4 6 8 8 
-10 -10 -8 -2 -1 0 0 1 1 0 0 0 1 1 -3 -3 -1 0 2 2 2 1 1 0 0 0 0 0 0 0 1 1 1 2 0 0 1 1 1 0 0 0 0 0 1 1 1 5 5 0 0 0 0 0 0 0 0 0 3 3 3 1 0 0 0 0 -1 -1 -1 0 0 1 0 1 1 1 1 0 0 0 0 3 1 -2 -5 -4 0 0 -1 -1 2 -1 -2 -2 1 1 2 0 0 -1 0 0 0 0 2 3 3 2 1 1 1 -1 -1 1 1 -2 -1 1 6 1 1 1 3 5 5 
-10 -10 -8 -2 -1 -1 1 4 6 2 2 2 3 0 0 0 0 0 2 2 1 1 2 2 0 0 0 0 0 0 1 1 1 1 1 1 1 0 1 0 0 0 0 1 2 1 1 5 5 0 0 0 0 0 0 0 0 0 -1 6 7 9 0 0 -2 0 -1 -1 0 0 1 1 2 1 0 0 -1 0 1 2 2 3 0 0 -2 1 1 1 0 0 0 -2 -5 -5 0 0 0 0 0 0 0 0 2 2 2 2 3 2 2 1 1 1 0 1 2 1 1 1 4 0 1 0 1 -1 -1 
-3 -3 -1 -1 -1 -1 1 1 6 2 6 3 4 0 0 -1 -1 -2 -2 1 1 1 2 2 0 0 0 0 0 0 0 -1 -1 -7 1 -1 1 -1 1 0 1 0 0 0 1 1 1 8 5 0 0 0 0 0 0 0 0 0 -1 5 -2 7 -3 -3 -3 -3 2 -1 2 1 1 2 2 0 0 0 -1 -1 2 2 2 1 0 0 0 1 1 1 1 0 1 -1 -5 -5 0 0 0 0 0 0 0 2 1 0 1 1 2 2 2 2 -1 -2 -1 0 2 1 1 0 1 0 3 1 -1 -8 -8 
1 -1 -1 -1 -1 1 1 19 9 2 2 3 0 0 0 -1 -1 -2 -2 1 2 1 2 1 6 0 0 0 0 0 0 -1 -1 -1 1 0 0 0 0 0 0 0 0 0 0 0 0 1 1 0 0 0 0 0 1 1 3 3 2 2 -2 -8 -2 -4 -4 -4 -3 -3 4 2 2 9 9 9 4 0 -1 -1 1 -1 -2 -2 0 2 1 1 1 1 1 0 2 1 0 -8 0 0 0 0 0 0 0 2 1 0 1 2 2 2 2 1 -1 -1 -1 0 2 2 2 0 0 1 2 2 0 -2 -2 
1 1 1 1 1 1 38 38 6 2 6 4 0 0 0 -1 -2 -1 -1 2 2 2 2 -1 0 0 0 0 0 0 0 0 0 -2 -2 -2 0 0 0 0 0 0 0 0 0 0 0 -2 -2 3 3 0 0 0 6 5 5 1 1 1 -19 -9 -2 -3 -2 -9 -11 -11 23 23 12 1 -4 9 7 7 4 0 5 5 2 -2 0 0 1 1 1 -1 2 0 2 0 0 -1 -1 -2 0 1 1 0 0 1 0 -1 -3 1 1 2 2 1 1 -2 -1 -2 10 2 2 0 -1 0 0 2 2 1 1 
-4 1 1 1 1 40 40 40 36 20 20 2 -1 0 0 -1 -1 0 1 3 3 2 1 -3 0 -3 6 0 0 0 0 0 0 -3 -2 0 0 0 0 0 -2 0 0 0 0 0 0 -2 -1 3 3 0 -3 -3 1 1 3 1 1 1 -1 -3 -2 -2 -2 -9 -13 -19 -1 4 4 -1 -1 6 6 6 0 -4 -25 -3 6 2 2 0 1 -3 -1 -1 2 -1 1 0 1 -1 0 -2 0 1 1 1 2 1 1 -1 0 -5 1 1 2 1 3 -9 -9 -3 10 13 3 -1 -4 -1 0 2 3 2 2 
-2 0 -1 3 0 9 38 38 6 6 6 0 0 -2 -2 -2 -1 0 2 2 2 2 0 -1 -1 -1 3 0 0 0 0 0 0 -2 -2 -2 0 0 0 0 0 0 0 0 0 0 -2 -1 -1 3 2 -1 -4 -4 1 1 2 -1 1 -1 0 0 1 -1 0 -1 -5 -11 2 2 2 -1 -1 0 1 6 -2 -2 0 2 6 4 4 0 12 1 -1 -1 -1 -2 1 1 1 -10 -1 -2 0 1 1 1 1 1 1 0 -1 -5 -2 -1 1 2 10 4 -9 -3 3 4 3 1 -13 -6 0 4 4 3 3 
-2 -2 -3 -3 0 0 2 2 2 0 0 0 -8 -6 -3 -2 1 1 1 1 2 2 1 -1 -1 -1 1 -3 2 0 0 0 0 0 0 0 0 0 0 0 0 0 0 0 0 0 0 1 1 2 -1 -1 -2 -2 1 -1 0 0 2 -1 0 1 1 1 0 0 0 0 0 2 1 -1 0 0 0 0 0 -2 0 0 2 0 4 -8 -8 -3 8 8 0 -2 0 18 18 -10 -6 -2 -1 1 2 5 1 -1 1 -1 1 -1 1 0 0 -1 1 1 1 3 3 4 2 0 -9 -3 1 3 6 -2 -2 
-1 -1 -4 -4 0 0 2 0 0 0 0 0 -20 -20 -3 1 1 2 1 0 -3 0 -2 -1 -1 0 0 0 3 1 0 0 4 6 1 0 0 1 1 1 0 -1 0 0 0 0 0 1 1 -1 -2 -2 -2 -1 -1 -1 -1 0 0 0 0 1 2 1 0 0 0 0 -2 -2 -3 -3 0 0 0 1 0 0 0 0 0 -3 -2 -2 -2 -2 8 7 0 -2 -2 9 8 -2 -6 -3 -2 -1 1 1 -1 -6 -4 -6 -2 -1 0 0 0 -3 0 1 1 1 0 0 0 -1 -2 -2 0 1 6 6 6 
-1 -1 -1 1 9 5 9 0 0 0 0 0 -8 -8 -3 2 0 2 0 0 0 0 -1 -1 -1 0 0 0 2 1 1 1 4 5 1 1 0 0 -1 -2 -1 1 1 0 0 0 0 1 1 1 -2 -2 -2 -1 -1 -1 -1 0 0 0 0 1 3 1 0 0 0 0 -2 -3 -3 -2 1 2 2 2 0 0 0 0 0 0 -3 -3 -8 -18 0 7 7 1 0 8 6 6 -2 2 -2 -2 -1 2 2 -6 -4 -7 -7 -1 1 1 0 -7 -7 0 0 1 0 -1 -1 -1 -1 -2 -1 0 0 3 3 
7 7 8 8 9 9 9 5 0 0 0 0 0 0 0 0 0 10 0 1 0 -2 -2 -1 -1 0 0 2 2 1 1 2 2 5 2 1 -1 0 -1 -2 -1 3 1 0 -1 -1 -1 0 0 1 -2 -1 -1 0 0 0 0 0 0 0 0 0 1 -1 -1 0 0 0 -3 -3 -1 0 1 2 2 2 0 0 0 0 0 0 -2 -2 -2 -2 0 7 7 1 7 8 5 5 6 6 0 -2 -1 2 2 -14 -16 -9 -7 -1 5 5 0 -3 -2 0 0 0 -1 -1 -1 -1 -1 -2 1 1 3 3 3 
16 7 16 1 1 1 2 2 0 8 10 8 0 0 0 0 0 10 7 9 1 0 -2 -1 1 1 1 1 2 1 2 2 2 2 -1 -2 -2 -1 -1 -2 -2 1 1 0 0 -1 -1 0 0 1 1 0 1 0 2 -1 0 0 0 0 0 1 2 0 0 0 0 0 -1 -1 -1 0 1 0 0 0 0 1 1 1 1 1 -1 -3 -2 -1 0 10 7 7 7 6 5 5 -4 6 2 2 2 2 2 2 3 2 2 3 8 8 4 -1 -1 1 4 4 1 1 0 -2 -2 -3 0 -1 0 3 3 
7 -3 1 1 1 1 0 -1 -1 0 0 0 0 0 0 0 7 10 7 6 0 0 -2 -1 -1 -1 1 0 1 0 1 1 2 4 -2 -2 -2 1 0 -3 -6 -7 0 2 5 2 -1 -4 0 0 1 0 1 2 2 0 0 0 -2 1 0 0 0 0 0 0 0 -1 -1 -1 0 0 0 -1 -1 -2 0 0 0 1 1 1 -1 -2 -1 -1 10 10 -4 -3 11 6 -19 -6 -4 0 -3 2 4 4 2 -1 -10 -10 3 17 8 7 2 -1 0 2 4 3 1 1 0 -2 -2 -3 0 0 0 3 3 
0 -3 1 1 1 0 -2 -3 -20 -20 -8 -3 0 0 0 0 0 6 23 6 2 -1 -1 -1 1 1 1 -1 -1 -1 -1 -1 -1 -2 -3 -2 -2 1 1 -1 -3 -6 -5 -2 5 -4 -25 -34 1 8 1 1 2 2 -1 -1 -2 0 -2 0 0 2 2 0 0 0 0 -1 -1 -1 -1 0 0 0 -1 -2 0 0 0 0 -1 -1 -2 -2 -1 0 0 0 -4 -3 11 6 -15 -6 -3 4 -3 3 3 4 4 3 5 1 3 3 7 4 3 2 1 2 4 3 3 2 -1 0 -2 -1 -1 1 0 2 2 
-1 -1 -1 1 1 1 0 0 -16 -26 -26 -8 0 0 0 -2 -2 6 6 0 0 0 0 -1 0 1 1 1 0 0 -1 -1 -1 4 -2 4 -2 -1 -3 -5 -10 -7 -2 -2 -2 -4 -2 -1 6 8 1 -3 1 2 2 2 2 2 -2 0 0 0 0 0 0 0 0 -1 -1 -2 0 1 2 1 0 0 0 0 0 -1 -5 -3 -2 -2 1 0 0 0 2 2 11 -4 -21 -15 5 6 1 1 -4 1 4 5 5 -1 3 9 9 4 3 0 0 2 5 3 3 3 0 2 -2 1 -1 1 1 2 2 
1 0 0 0 1 1 0 0 -3 -20 -9 -7 -3 0 -2 -2 -2 5 5 5 0 0 0 0 0 -1 -1 1 -1 0 -1 0 1 3 2 -2 -2 -1 -2 -2 -2 1 1 -2 -2 -4 -2 -1 2 2 2 1 -1 -1 -1 0 0 -2 -2 0 0 0 4 4 2 0 0 -1 -1 -2 -2 0 2 2 1 0 0 1 0 0 -3 -2 -2 -1 -1 0 0 1 1 1 0 0 0 0 5 6 1 -4 -8 0 7 10 12 1 0 3 9 9 4 2 0 0 3 3 1 -6 -9 2 -1 2 2 2 1 1 1 
1 0 0 0 0 0 0 -2 -3 -5 -7 -7 -7 -6 -2 0 0 0 0 5 0 0 0 -1 -1 -1 -2 1 1 1 1 1 1 2 -1 -2 -4 -2 -3 -3 -4 1 2 4 4 -2 -13 -11 0 2 2 -1 -2 -2 1 2 1 0 -1 0 0 2 3 3 1 1 1 -1 -2 -2 0 -1 0 1 1 6 2 2 1 0 -1 -1 -1 -2 -2 0 1 1 1 0 0 0 0 0 0 0 0 0 -10 -10 0 7 -8 -8 -15 0 12 12 12 -12 -13 -12 6 3 -6 -9 -9 2 -7 -7 -10 0 0 1 1 
1 0 0 -1 0 0 0 -2 -2 -2 -2 -3 -4 -4 0 3 0 -4 4 6 10 10 1 1 -1 -2 -2 -2 -2 2 1 1 1 1 0 -1 -4 2 2 4 2 4 7 10 4 -24 -24 -11 35 35 4 0 -1 -8 0 1 0 -1 -1 0 2 3 0 0 0 0 0 -1 -1 -1 0 -1 0 4 4 6 5 6 2 1 0 0 -1 -1 -2 -2 0 1 0 0 0 0 0 0 -8 0 0 0 0 0 7 7 7 0 -8 0 -7 2 -7 -7 -7 0 0 -4 -9 -18 -9 -4 -3 0 1 2 1 1 1 
1 -1 -2 -2 -1 -1 -1 -1 -2 -2 -3 -1 -3 0 3 3 0 -6 0 6 10 10 7 -1 2 -1 -2 -2 -4 -2 1 1 1 0 0 -1 0 -1 2 2 2 2 0 -7 -24 -24 -24 -11 -1 -1 4 0 2 2 1 1 -1 -1 -1 2 2 3 0 0 -1 -4 -1 -3 0 0 0 -2 -2 -2 -1 5 5 9 9 9 2 1 -1 -1 -2 0 0 0 0 0 0 0 0 -8 0 0 0 0 0 0 -4 -5 -4 1 1 1 -7 -7 -7 -7 -7 0 0 0 -1 -3 -1 -3 -3 -3 -2 -3 1 -3 -3 
1 -1 -2 -2 -1 0 0 0 -1 -1 -2 -1 -1 0 0 3 3 0 4 10 29 10 0 -1 -1 -1 -3 -4 -4 -1 1 1 1 1 0 0 2 1 1 0 0 0 -9 -9 -17 -24 -16 -6 -1 -1 0 -7 0 0 0 -1 -1 -2 -2 0 0 0 0 -7 -7 -12 -1 0 0 0 0 -3 -10 -2 2 -1 2 2 6 6 0 2 1 1 -1 3 0 2 0 0 0 0 0 0 0 0 0 0 0 0 4 0 7 8 8 1 -7 -7 -4 -4 0 0 0 0 0 -1 -1 -3 -2 -2 1 1 1 -3 -3 
1 1 2 -1 -1 -1 0 -1 -1 -1 -1 -1 -1 -1 -1 -1 9 9 9 9 3 2 0 -10 -1 -3 -3 -3 -2 -1 -1 0 0 0 0 0 1 1 1 0 1 0 -6 2 1 -3 -16 -14 -6 -3 -7 -7 11 11 4 -1 -1 -1 4 6 0 0 0 -7 -7 -12 -1 0 0 0 0 0 -10 -4 -2 -3 2 2 3 1 0 0 -1 1 1 3 0 0 0 0 0 0 0 0 0 0 0 0 0 0 0 0 4 4 1 1 -1 -4 -4 -4 -3 0 0 0 0 -1 -1 -2 1 -2 -1 -3 -3 -3 -3 
3 2 3 2 2 0 0 0 1 -1 0 0 0 -1 -1 -1 9 9 4 9 3 3 0 -1 0 -3 -3 -2 0 0 0 0 0 0 0 0 1 1 0 0 1 2 2 2 2 2 -6 -14 -6 3 -7 -7 22 30 33 14 4 2 4 2 0 0 -4 -7 -4 4 4 0 0 0 0 0 0 -2 -2 -3 -3 2 1 1 0 0 -3 -1 1 6 1 -2 0 2 0 0 0 0 0 0 21 21 0 0 0 0 -3 -3 -4 1 1 1 -1 -1 0 0 0 0 0 -1 1 -1 1 0 0 -3 -3 -3 -3 
1 1 2 2 1 0 1 1 2 -1 0 0 0 -1 -1 -1 4 1 0 0 4 4 4 0 0 0 -1 -1 0 0 0 0 0 0 0 0 -1 -1 -1 -1 2 6 7 2 2 2 -6 -6 -4 -4 -8 -7 3 24 30 14 1 2 4 6 0 0 0 4 4 4 0 0 0 0 0 0 1 0 -2 -2 1 3 2 1 1 0 -1 -1 -1 -1 -1 -3 -2 0 2 2 0 0 1 17 21 21 3 0 0 0 5 1 -4 1 8 12 -1 -1 0 0 0 0 0 0 2 1 1 0 0 -1 -1 -3 -3 
1 1 1 2 1 1 0 1 2 1 0 -1 -1 -2 -2 -1 1 1 0 -2 0 -1 -1 0 0 0 -1 -1 0 0 0 1 1 1 1 0 0 0 -1 -1 -1 6 3 2 2 -5 -6 -6 -3 3 -2 -2 -2 3 3 1 1 1 2 0 -1 0 4 7 4 -2 -2 8 8 10 1 6 6 2 1 -2 -3 1 1 1 1 -1 -1 -1 -2 -1 -1 2 2 2 2 2 1 1 1 11 11 11 -2 0 0 0 -2 2 -8 1 -9 8 -1 3 0 0 0 0 2 2 2 -1 0 0 2 0 -3 -3 -3 
1 1 0 0 0 0 0 1 1 0 0 0 0 -1 -2 -1 1 1 -2 -3 -3 -2 -2 -3 -3 -2 -2 -1 -1 0 0 0 -1 -1 -3 -2 0 0 0 -1 -4 6 4 2 3 -5 -1 -4 -3 -1 -1 -1 -1 0 0 0 1 1 6 2 -1 -1 -1 7 -2 -4 -5 -1 1 0 0 6 8 4 2 -3 -3 3 3 3 1 1 -1 -1 -5 -2 -2 1 -2 -2 -3 0 1 2 1 4 0 -2 -2 -3 -2 2 2 3 -1 -1 -3 12 7 6 4 4 0 0 0 0 -6 -6 2 2 2 0 -9 -9 -9 
1 2 1 1 0 0 0 1 1 0 0 0 0 0 -1 -1 -3 1 -3 -4 -3 -2 -1 -3 -3 -8 -5 -5 -1 -1 0 -1 -2 -3 -3 -2 0 0 0 -9 -9 -6 -1 -1 3 3 -1 -4 -1 3 3 2 2 2 0 1 3 1 3 -1 -1 -3 -1 0 -1 -4 -1 5 5 1 1 8 9 2 -8 -8 -3 5 8 7 3 2 -1 -4 -5 2 1 2 1 1 -8 -3 0 0 0 0 -1 -2 -2 -1 -1 -1 -2 -1 -2 -1 5 7 0 0 0 3 0 0 0 -3 -6 -6 5 5 3 -3 -2 -2 -2 
0 0 1 1 1 1 1 1 0 0 0 0 0 0 2 0 -3 -4 -4 -1 -2 -1 0 0 -3 -4 -3 -2 -1 1 1 0 0 0 0 4 -1 0 0 0 -9 -6 -3 -2 3 3 3 -9 5 -1 4 -1 2 0 0 1 1 0 0 -1 -4 -4 -4 0 -1 -3 -1 5 5 -1 -1 -3 0 0 -8 -9 2 8 10 7 7 7 3 -4 -5 5 7 9 1 2 1 1 1 2 4 4 0 -2 0 -1 -1 -1 -1 -1 -1 -1 5 5 0 0 0 3 1 0 -5 -6 -3 -1 5 -3 -3 -3 -2 -7 -7 
-1 0 0 1 1 1 1 0 0 0 0 0 -1 -1 0 0 -2 -2 0 1 1 -1 1 1 1 -3 -2 -2 0 1 1 0 0 4 5 4 2 2 -1 -2 -9 -3 -3 -3 -2 -3 -3 -8 -1 -4 -1 -24 -9 -9 0 0 1 0 0 -2 -4 -4 -1 0 0 0 3 5 4 -1 -1 -3 -1 -1 -1 -1 2 3 1 0 5 5 2 -5 2 7 7 9 1 2 1 2 2 3 3 -1 -3 -3 -1 0 0 -1 -4 -1 -1 0 3 3 0 0 0 0 3 3 0 -1 -1 -1 5 5 -4 -4 -2 -2 -2 
-1 -1 0 0 1 1 1 0 1 1 1 0 -1 -1 -1 0 -1 0 0 1 1 1 1 -1 -1 -1 8 1 1 1 0 -4 0 1 6 4 2 2 -1 -1 -3 -3 -3 -3 -2 -2 4 4 4 3 -1 -9 -9 -11 -2 -1 0 0 -1 -1 -2 -4 -2 0 -1 -1 -2 -2 -1 3 3 -1 0 0 2 -1 1 0 -1 -6 -4 5 8 8 8 14 7 1 0 -6 -3 0 2 4 4 4 -8 -3 0 2 2 7 -1 0 -1 -1 -1 0 2 0 0 0 1 1 1 0 -5 -5 6 6 -4 -4 -8 -8 -8 
-1 1 0 0 0 -1 0 0 2 1 2 1 -3 -3 -3 -1 -1 0 -1 0 1 1 1 0 1 -1 3 1 1 -2 -5 -5 0 3 6 3 2 2 -1 -2 -3 -1 1 2 2 3 9 8 3 -1 -2 -2 -2 -2 -2 -1 0 0 -1 -1 -1 -1 -2 -1 -1 0 1 1 1 4 4 3 0 -1 0 -1 1 1 -1 -3 -4 -1 -1 3 8 14 1 -4 -6 -13 -7 -13 -1 3 3 -7 -10 -7 -2 -1 -1 2 -1 0 0 0 2 3 2 0 0 0 1 1 1 1 -5 -5 0 9 5 2 -4 -1 -1 
-1 1 1 1 3 0 0 0 2 0 2 0 -1 -2 -3 -1 -1 0 0 0 -1 0 -1 -1 -1 -1 21 10 10 -2 -2 -2 0 3 3 3 2 2 -1 -3 -7 -3 -1 2 2 3 9 4 -1 -2 -1 1 1 -2 -3 -3 -1 -1 -1 -1 -1 -1 -3 -2 -1 1 1 1 4 3 3 3 2 -1 2 2 2 2 -1 -4 -4 -1 4 8 10 10 -1 -6 -4 -7 -5 -5 -5 -5 -1 -3 -3 -2 4 4 3 7 0 0 0 2 2 0 0 0 0 0 0 1 2 3 3 -2 -3 5 3 2 -3 -1 -1 
-1 0 0 0 -3 -3 -11 -1 0 0 2 -1 -2 -3 -3 -2 -1 0 0 0 -1 0 0 1 2 1 3 10 3 -8 -2 2 2 3 2 3 2 2 -1 -1 -9 -9 -1 5 3 2 1 -4 -1 -2 -1 1 1 -2 -3 -3 0 -1 -3 -1 3 3 0 0 1 1 1 0 1 3 4 3 0 0 1 2 2 2 0 -2 -1 -1 -1 3 4 3 -3 -6 -6 -6 0 -4 -3 -5 -1 3 3 -2 -2 -2 1 3 0 1 2 3 2 0 0 0 0 -1 0 1 1 3 1 0 -3 0 -2 2 1 0 0 
0 0 0 0 -2 -2 -2 -1 0 2 2 0 -1 -2 -1 -2 0 1 1 0 0 0 -3 1 4 14 23 6 2 0 -2 1 2 6 2 2 -1 -1 -2 -2 -9 -9 -7 2 1 -1 -3 -3 -1 -1 -1 0 0 -3 -4 -3 0 -1 -1 0 0 0 -1 -1 2 -1 0 0 7 6 3 2 1 1 1 1 1 2 1 -1 -1 -1 0 0 0 2 -1 -3 -2 -2 2 2 -1 -5 -5 -5 4 -2 -2 -4 1 3 3 -2 1 1 1 0 0 0 0 -1 -2 -2 1 2 1 1 -1 0 0 2 1 1 1 
0 0 -1 -3 -3 -3 -1 0 0 2 2 3 0 -2 0 1 1 1 0 -1 -1 0 1 2 2 2 1 2 2 0 0 2 2 2 0 0 -1 -1 -2 -1 -6 -9 -5 0 -2 -2 -2 -1 -1 -1 1 0 0 -1 0 0 0 0 0 0 0 0 0 2 -2 -1 -1 0 3 4 2 1 1 1 1 1 1 1 1 1 1 1 1 1 0 2 -1 -3 -2 -2 8 10 3 -1 -1 -5 -2 -5 -4 -4 -1 1 3 1 3 1 0 0 0 0 0 -1 -2 -2 -2 1 0 1 0 1 0 0 0 1 1 
0 0 -1 -3 -1 0 2 4 2 2 0 2 2 1 1 1 1 1 0 -1 -1 -1 -1 1 2 4 6 2 1 0 1 0 1 2 0 0 -1 -2 -3 -2 -5 0 1 0 -2 -1 1 1 0 0 1 2 3 0 0 0 0 -1 -1 -1 0 -1 -1 -1 -2 1 1 2 3 3 2 1 2 2 -1 1 1 2 3 1 1 1 3 1 4 2 2 -1 -1 -1 2 8 3 1 -1 -1 -2 -2 -2 -1 1 -1 3 3 4 0 0 0 0 0 0 -1 -2 -2 -1 1 2 2 1 1 0 0 0 0 0 
-2 -3 -1 -1 0 1 4 4 3 0 0 0 2 0 2 1 1 0 1 -1 -1 -1 0 0 0 2 4 -2 -2 -2 1 -2 -2 -2 0 -1 -1 -1 -1 1 -1 1 1 0 -2 -2 1 1 1 0 1 1 1 -1 0 0 0 0 0 -1 0 0 0 1 -1 1 1 2 3 3 4 1 2 1 1 -1 -1 1 2 2 2 2 3 4 4 3 1 -5 0 0 2 -1 -2 -1 -1 -1 -1 -1 -1 3 3 1 1 1 4 1 0 0 0 0 0 0 -1 0 1 2 2 2 3 0 0 0 0 0 0 
-3 -3 -3 0 1 1 2 3 2 -3 -2 0 2 2 2 0 1 0 0 -1 -1 -1 1 0 0 2 2 -2 -2 -2 0 -3 -3 -4 0 0 -1 -1 -1 1 1 2 2 0 -1 -3 -1 0 1 0 0 0 1 -1 0 0 0 0 0 -1 -1 0 1 1 1 1 2 2 3 1 1 0 2 2 2 0 0 1 3 2 3 3 4 4 4 3 3 0 1 1 2 0 -1 -1 0 1 -1 -1 -1 3 4 0 0 1 5 4 1 0 0 0 0 0 -1 0 0 2 2 2 4 -4 -15 -4 0 0 0 
-3 -3 0 17 3 2 2 2 -2 -4 -3 -2 0 0 1 -1 -1 -1 -1 -1 0 -1 0 0 0 1 2 -2 -2 -1 0 0 0 0 0 1 -1 1 1 1 1 1 1 0 0 -1 1 1 1 0 0 -1 -2 -1 -1 -1 0 0 1 -1 2 1 2 1 1 1 5 5 1 0 1 -2 0 0 -1 -1 0 0 2 -1 2 2 -1 1 7 8 8 1 1 1 2 2 1 1 1 1 0 -1 -1 4 4 0 0 0 1 6 3 1 0 0 0 0 -2 0 0 0 2 2 0 -4 -15 -4 1 1 1 
0 0 -3 -3 1 1 0 -2 -3 -3 -3 -2 2 2 0 -1 -1 -1 -1 0 0 1 0 -1 -1 0 2 2 -2 -2 0 0 0 2 5 1 1 1 1 1 1 -2 1 1 1 1 -1 0 2 1 0 -1 -1 -1 -1 -1 -1 -1 1 1 3 3 3 1 0 0 1 1 1 -1 -1 -3 -2 -1 2 0 3 3 3 -1 3 -10 -1 -1 1 8 8 1 -2 -9 -9 4 9 6 1 1 1 1 3 4 0 -1 -2 -1 -1 8 8 14 3 1 0 0 -3 0 -1 0 -2 2 0 0 -16 -20 -12 -8 -8 
2 1 2 -1 1 -1 1 -3 -3 -5 -3 3 2 0 -1 -1 -1 0 2 1 1 1 0 -1 -1 -1 2 2 -2 -2 0 0 1 2 4 0 0 1 1 1 1 -2 -2 1 2 1 1 0 1 0 2 -1 -1 -1 -1 -1 -1 -1 -1 0 3 3 4 0 0 0 0 -1 -1 -1 1 1 -1 -1 -1 -1 -2 -2 -2 -2 -2 -10 -1 -1 10 8 1 -2 -4 -9 -9 3 6 6 1 -4 -8 -8 3 7 7 3 -3 -2 -3 1 1 14 1 0 0 0 -2 1 0 0 -2 -2 -4 0 0 4 5 3 3 
3 2 2 -3 -2 -2 -1 -1 -3 -3 -2 4 4 3 0 0 0 2 2 1 1 1 0 0 -1 -1 -1 -1 -1 -2 -1 -1 0 0 0 -1 0 1 1 1 1 -2 -4 -3 0 -2 0 -1 0 0 2 1 1 -1 -1 -1 -1 -1 -1 0 1 3 3 -6 -3 -3 -1 -1 -1 -6 -7 -3 -3 -1 2 2 1 -2 -1 -1 0 -1 -1 -1 -1 -1 -1 -2 -4 -9 -9 -5 1 1 1 1 1 -8 7 10 12 10 -2 -2 -3 1 1 5 4 4 4 2 2 2 2 2 -5 -10 -9 -16 -4 1 2 2 2 
3 2 0 -1 -1 -1 -1 1 -2 -3 -3 -1 4 8 8 -1 -1 -1 3 1 1 0 1 1 0 -1 -1 -1 -1 -1 -1 1 0 0 -1 -1 1 1 1 1 1 -1 -2 -2 0 0 0 -1 -1 -1 1 -1 -1 -1 -1 -1 -1 -1 0 0 0 -1 -1 -4 -2 -2 0 0 0 0 0 1 0 0 0 0 -2 -2 -2 -2 -1 -1 0 -1 0 1 1 0 -2 -2 -5 -5 1 1 1 -4 -8 -8 -3 7 13 14 13 -3 -3 1 2 2 2 1 -4 2 3 3 6 1 -5 -10 -6 -5 1 1 4 4 4 
0 0 -1 -1 -8 -3 -3 5 -2 -2 -3 -1 4 8 8 -2 -1 -1 3 -1 -1 -3 0 1 1 0 -1 -1 -1 -1 -1 1 1 -1 -1 0 1 1 1 1 -1 -1 -1 0 0 0 0 0 -1 -1 0 -1 -1 -1 0 -1 0 0 0 0 -2 -2 -3 -1 -1 -1 1 1 0 0 -2 -2 0 2 2 7 1 -1 -4 -1 0 0 0 0 0 0 1 1 0 -7 -5 1 1 0 -2 -2 -2 -2 0 4 11 14 7 -1 -1 3 3 3 4 4 0 0 0 1 -2 -3 -4 -5 4 2 1 -1 1 2 2 
0 0 -1 0 0 1 1 -2 -2 -3 -4 -3 3 7 -3 -8 -8 -2 0 -3 -3 -3 0 5 6 6 3 0 -2 -2 1 4 4 -2 -3 0 1 0 -1 -1 -1 -1 -1 1 0 0 0 0 -1 -1 -1 -1 -1 -1 -1 0 1 1 0 0 0 -1 -3 -1 -2 -1 0 1 0 0 0 1 2 4 6 2 -5 -4 -4 -1 -2 0 0 0 0 0 2 0 0 0 1 1 2 2 -2 -2 -5 -3 -3 0 1 1 -4 -3 0 3 3 2 1 -1 -1 -1 0 1 1 -4 -4 -4 -2 2 2 -1 -1 -2 -2 
0 0 0 0 0 1 1 0 -3 -3 -3 -1 0 0 -2 -3 -1 0 0 2 -1 -1 -7 -1 6 7 6 2 -1 -2 -2 4 4 -2 -2 0 0 -1 -1 -1 -3 -3 -2 1 -1 0 -1 1 -1 1 0 1 1 2 2 0 1 0 0 -1 0 3 -2 -2 -3 -1 0 0 -1 -1 -1 -1 1 2 6 6 -4 -3 -3 -1 1 1 0 0 0 -2 -1 -1 1 1 1 1 1 -2 -2 -2 -2 -2 -5 -13 -9 -1 -4 -1 0 0 0 -2 -2 -1 0 -1 -3 -3 -3 -3 -4 -4 -3 -2 -2 -6 -7 -7 -7 
1 0 0 0 0 2 1 0 -2 -2 -3 -1 -1 -1 -1 -1 -1 -1 -1 -1 -1 0 -1 -1 -3 0 0 2 3 2 -3 -3 -3 -2 -2 1 0 -1 -1 4 5 -2 -2 0 0 1 -1 -1 -1 0 0 1 0 1 1 2 1 1 1 0 2 2 1 -2 -3 -1 0 0 -1 -1 1 1 -1 -1 6 6 -9 -5 -1 1 2 1 0 0 -2 -2 -1 -2 -1 -1 1 -2 -2 -1 1 -2 -2 -2 -5 -11 1 1 -1 -1 0 0 0 0 -1 -1 1 0 1 -2 0 -3 -11 -12 -12 -2 -2 -6 -12 -31 -31 
1 0 -1 -1 0 1 0 0 -1 -1 0 -1 -1 -1 -1 -1 -1 1 1 2 0 0 -1 -1 -3 -3 -2 2 3 2 -4 -4 -3 8 2 2 0 -1 -3 -1 -3 1 1 2 1 3 1 1 -1 0 0 1 1 1 1 1 1 3 2 0 2 0 0 -2 -2 0 0 0 -1 1 1 1 -2 -2 -4 -4 -7 -5 1 4 3 2 0 2 2 2 -2 -2 1 1 1 0 0 -1 -1 -1 -1 -1 -1 1 -2 1 -1 -1 -1 0 0 0 1 1 2 0 0 -2 0 -2 -3 -12 -12 -2 -2 -2 -7 -31 -31 
1 1 -1 -1 1 1 1 0 1 0 0 0 0 -1 -1 -2 -2 0 3 3 -2 -2 -8 -3 0 0 0 0 3 3 2 0 0 4 4 4 2 -3 -4 -4 -2 1 1 2 1 1 1 -1 -1 -1 0 1 1 1 0 1 1 3 0 0 0 0 0 -1 0 0 0 0 1 1 1 3 -2 0 -7 -5 -7 -3 6 6 8 3 2 2 2 10 3 3 -3 1 -3 -3 -3 -1 -1 -1 -1 -1 -1 1 1 3 -1 -1 -1 -1 0 1 1 1 1 -2 1 0 0 -2 0 0 1 1 2 8 9 7 7 
1 1 -1 -1 0 0 0 0 3 1 0 -1 0 0 0 -2 -2 0 3 3 0 -4 -4 -4 -3 0 4 4 3 2 -4 0 2 4 5 3 1 -9 -4 -4 -2 -1 -1 1 -2 -1 -1 -1 -1 0 0 1 1 1 1 1 0 0 0 0 0 0 -1 -1 -1 0 0 0 1 1 0 3 -3 -2 -5 -7 -7 -5 0 1 8 8 10 3 10 6 3 1 1 1 1 0 -3 -2 -1 3 3 6 0 1 1 3 3 -2 -2 -2 -1 0 1 0 0 -2 -2 0 0 0 1 0 1 1 2 8 9 7 7 
2 2 -1 -1 0 0 0 1 3 1 1 0 1 0 0 -2 -2 0 3 3 0 0 -3 -4 -3 0 2 4 4 2 -1 -1 0 1 3 2 1 -6 -6 -4 -2 -2 -1 -3 -3 -1 0 1 1 1 0 0 1 2 1 0 -2 -1 0 0 0 -3 -3 -3 -1 -1 0 -1 0 0 0 4 4 -1 -2 -2 -3 -3 2 1 1 1 -1 -6 -3 -1 2 1 1 6 6 -3 -4 -4 0 3 0 -1 -1 0 0 6 3 3 -1 -2 -3 -1 0 0 0 -2 -2 -1 0 0 0 0 1 1 2 2 2 3 3 
0 0 -1 -1 0 0 1 1 1 1 1 0 1 1 1 -1 -1 0 2 2 2 0 0 0 0 1 1 4 -2 -1 -13 -1 0 1 1 1 0 -1 -2 -2 -1 -1 -1 -1 0 0 0 1 1 1 0 0 1 1 1 -2 -2 0 0 1 0 -2 -2 -1 -1 -1 2 2 2 0 0 0 -4 -2 -1 -1 -1 -5 2 1 1 -1 -1 -1 1 1 2 1 1 0 -1 -4 -9 -9 0 3 6 6 0 0 0 6 3 3 3 1 -3 -2 -1 0 0 -2 0 0 2 0 0 0 0 1 2 2 1 2 2 
-1 -1 -1 -1 -1 1 2 2 1 1 1 1 2 2 1 1 1 1 2 2 2 1 2 5 5 3 1 1 -2 0 0 0 1 1 1 1 1 1 -1 -1 0 0 1 -1 0 3 3 2 1 1 1 1 1 1 1 0 0 0 0 0 0 -2 -2 -1 1 1 1 0 0 -1 0 0 -4 -1 -1 0 1 1 4 4 1 -1 -1 0 0 0 2 0 2 0 -1 -4 -4 -4 1 1 3 -1 -1 -10 -10 -5 1 3 1 1 -2 -2 -2 0 1 -1 0 -1 0 0 0 0 0 2 2 2 -1 -1 -1 
-4 -4 -1 -1 -1 1 2 8 2 1 1 1 2 2 2 2 6 -3 -3 -3 2 2 2 4 4 3 0 3 0 0 0 2 2 1 1 1 2 1 -1 -2 0 0 -1 -1 0 2 0 0 2 2 1 1 1 2 1 1 0 1 1 0 0 -1 1 1 1 1 1 0 0 0 0 0 0 1 2 2 2 0 1 -2 -1 -1 0 0 1 2 7 3 0 -18 -2 -2 0 0 1 0 3 -3 1 1 2 -1 1 1 1 1 0 1 -2 1 1 0 0 0 0 1 -1 0 0 0 2 2 -1 -1 -1 
-2 -1 -1 -1 -1 -2 -1 2 2 5 3 3 2 2 8 8 8 -5 -10 -5 -2 9 3 3 3 4 4 4 5 5 5 3 2 -1 -1 2 57 36 2 -2 -1 -2 1 1 2 1 0 0 2 2 1 1 0 2 1 1 1 2 2 0 0 0 0 0 -1 -1 -1 -1 -1 -1 0 0 0 0 2 2 2 1 1 -2 0 0 1 0 1 0 7 -9 -9 -30 -30 -2 0 1 2 2 3 -1 0 0 1 -1 -1 -1 0 0 0 1 1 1 1 1 -1 -1 -1 0 -1 0 0 0 1 0 -2 -3 -3 
-2 -2 -1 0 -2 -3 -3 1 2 8 8 2 1 -2 -2 19 19 -10 -16 -11 -2 13 9 4 3 0 4 8 9 8 3 3 3 -1 -1 5 46 46 -1 -3 -2 -2 0 1 2 1 0 -2 -2 -1 -1 0 0 0 -1 1 1 1 0 0 0 0 0 0 -1 -1 -1 0 0 0 -1 -1 -1 0 2 2 2 0 0 -1 -1 0 0 1 1 -2 -2 -4 -7 -9 -18 -2 0 0 0 0 2 2 0 0 0 0 -1 -1 -1 0 1 2 5 2 1 1 0 -1 -1 0 -1 0 0 0 0 0 -1 -2 -2 
-2 -2 -1 0 -2 -3 -3 1 2 8 8 2 1 -2 -2 19 19 -10 -16 -11 -2 13 9 4 3 0 4 8 9 8 3 3 3 -1 -1 5 46 46 -1 -3 -2 -2 0 1 2 1 0 -2 -2 -1 -1 0 0 0 -1 1 1 1 0 0 0 0 0 0 -1 -1 -1 0 0 0 -1 -1 -1 0 2 2 2 0 0 -1 -1 0 0 1 1 -2 -2 -4 -7 -9 -18 -2 0 0 0 0 2 2 0 0 0 0 -1 -1 -1 0 1 2 5 2 1 1 0 -1 -1 0 -1 0 0 0 0 0 -1 -2 -2 
