0 0 0 0 0 0 0 0 0 1 1 -1 1 -1 1 0 0 -2 1 0 1 1 0 1 0 0 0 0 0 0 0 0 0 0 0 0 0 0 0 1 1 -1 0 0 0 0 0 0 0 0 0 0 1 0 0 0 0 0 0 0 0 -1 0 -1 0 0 0 0 -1 -1 0 0 0 0 -1 0 0 1 0 0 0 0 0 0 0 0 -1 0 0 0 0 0 -1 -1 0 0 0 0 0 0 0 0 0 0 0 
1 0 0 0 0 0 0 0 0 0 0 -1 0 -1 1 -1 0 0 1 0 0 0 0 1 0 0 0 0 -1 -1 0 0 0 0 0 0 0 1 0 0 0 0 -1 -1 0 0 1 -1 1 1 0 -1 0 0 0 0 0 0 0 0 0 0 -1 1 0 0 1 0 0 0 0 0 -1 0 1 0 0 0 0 0 -1 0 0 0 0 0 0 -1 0 0 0 0 0 0 0 0 0 0 1 0 0 0 0 0 0 
0 1 -1 0 1 -1 0 0 0 0 1 1 0 -1 0 0 -1 -1 1 0 -1 1 0 1 0 -1 0 1 0 0 0 0 0 0 0 0 0 1 0 -1 0 0 1 -1 0 0 1 0 0 -1 -1 0 1 0 1 0 0 0 0 -1 0 0 0 1 0 0 -1 1 -1 1 0 0 -1 0 0 0 -1 -1 0 1 -1 0 0 0 -1 1 0 0 1 0 0 0 1 0 0 0 -1 0 0 0 0 0 0 0 0 
-1 0 0 1 0 0 0 0 0 0 0 0 0 0 0 0 -1 0 1 -1 0 0 0 0 0 -1 0 0 0 0 0 0 0 0 0 0 0 0 0 1 0 1 0 -1 0 1 0 0 0 0 0 0 0 0 0 0 0 0 0 0 0 0 0 0 0 0 -1 0 -1 1 1 0 0 1 0 0 -1 0 0 0 -1 0 1 1 0 0 0 1 0 0 0 -1 -1 0 0 0 0 0 0 0 0 0 0 0 0 
0 0 0 -1 0 0 -1 0 0 0 0 0 0 0 1 0 0 -1 1 0 0 0 0 0 -1 -1 1 -1 -1 0 0 0 0 0 0 0 0 -1 0 0 0 0 0 -1 -1 0 1 1 -1 -1 0 0 0 0 0 0 0 0 0 0 0 0 1 1 0 0 0 0 0 0 1 0 -1 0 1 0 0 0 -1 0 -1 -1 0 0 0 1 0 -1 -1 0 0 0 0 0 0 0 0 0 0 0 0 0 0 0 0 
0 0 0 -1 0 0 -1 0 1 0 0 0 0 0 0 0 0 -1 2 0 0 1 0 0 0 0 0 0 0 -1 0 0 0 0 0 0 0 -1 0 0 0 0 -1 -1 -1 -1 0 0 0 0 0 0 -1 0 1 0 0 0 0 0 0 0 0 0 0 0 0 0 0 1 1 1 -1 0 0 0 1 1 0 1 0 -1 1 0 0 -1 0 0 0 0 1 -1 0 0 0 0 0 0 0 0 -1 0 0 0 0 
-1 0 0 -1 0 -1 -1 0 -1 -1 0 0 0 0 0 0 0 0 1 1 1 1 0 -2 0 0 0 0 -1 0 0 0 0 0 0 0 0 0 0 0 1 0 0 -1 -1 0 0 1 0 0 0 0 -1 0 0 0 0 0 0 0 0 0 0 1 0 0 0 0 0 1 0 1 -1 -1 0 0 0 0 0 0 0 0 0 0 0 0 0 -1 0 0 1 0 0 0 1 0 0 0 0 0 0 0 0 0 0 
-1 -1 0 1 0 0 0 0 0 0 0 0 0 0 0 0 0 0 1 0 0 0 0 -1 0 1 0 -1 -1 0 0 0 0 0 0 0 0 0 0 0 0 0 -1 -1 0 -1 1 0 -1 0 0 0 -1 0 0 0 0 0 0 1 0 0 0 1 0 0 0 1 -1 1 0 0 -1 1 0 0 0 0 1 1 0 -1 -1 1 0 0 0 -1 0 0 0 0 0 0 0 0 1 0 0 0 0 0 0 0 0 
0 1 0 0 0 0 0 0 0 0 0 0 0 0 0 0 0 -1 1 0 -1 0 0 0 0 -1 0 1 1 -1 0 1 0 0 0 -1 0 0 0 0 0 1 1 0 -1 -1 1 0 -1 0 0 0 -1 0 0 0 0 0 0 0 0 0 -1 0 0 0 0 0 0 1 0 1 -1 -1 0 0 -1 -1 0 1 0 -1 0 0 0 1 1 0 1 0 0 -1 0 0 0 0 0 0 0 0 -1 0 0 0 0 
-1 1 5 0 1 0 0 0 0 0 0 0 0 0 0 0 1 0 1 0 0 -1 1 0 0 1 1 1 0 -1 0 0 0 0 0 0 0 0 0 0 0 0 0 -1 0 -1 0 -1 0 0 0 0 -1 0 0 0 0 0 0 0 0 0 0 1 0 0 0 1 -1 0 0 0 -1 1 1 0 -1 1 1 0 -1 0 0 1 0 1 0 -1 0 0 1 -1 0 0 0 0 0 0 0 1 0 0 0 -1 0 
1 5 6 4 0 1 1 0 0 0 0 0 0 0 0 0 0 -1 0 0 -1 -1 0 0 -1 1 0 0 0 -1 -1 0 0 -1 1 0 0 0 0 -1 0 0 0 0 0 0 0 0 -1 -1 0 0 0 0 0 0 0 0 0 0 0 0 0 0 0 0 -1 1 0 1 0 0 -1 1 0 0 -1 0 1 0 -1 -1 0 1 0 0 1 -1 0 0 1 1 -1 0 0 0 -1 0 0 0 0 0 0 0 0 
11 6 6 0 6 2 0 1 -1 1 0 0 0 0 0 1 -1 -1 1 0 -1 0 0 -1 -1 -1 0 0 -1 -1 -1 1 0 0 0 1 0 0 0 0 0 0 0 -1 0 -1 0 0 0 0 0 0 -1 0 0 0 0 0 0 0 0 0 0 -1 0 0 1 0 0 0 0 1 -1 0 0 -1 1 1 0 -1 1 1 0 0 0 1 0 -1 1 0 1 0 -1 0 0 0 0 0 0 0 0 0 0 0 0 
0 -5 13 -2 14 7 -4 1 -1 -1 -1 0 0 0 0 0 0 0 0 0 0 -2 0 0 1 -1 1 0 1 -1 0 0 0 0 0 0 0 0 0 0 0 0 0 0 0 0 0 0 -1 0 0 0 -1 0 0 0 0 0 0 -1 0 0 0 1 0 0 0 0 -1 0 0 1 -1 1 0 0 0 0 0 0 -1 -1 -1 0 0 1 0 0 0 0 1 -1 0 0 0 -1 0 0 0 0 0 -1 0 0 0 
3 -3 9 -9 -12 -13 1 1 0 0 0 1 0 0 0 0 0 -1 1 1 0 0 0 -1 0 -2 0 0 1 0 0 0 0 0 0 0 1 0 0 0 0 0 0 0 -1 0 0 0 0 -1 0 0 0 0 0 0 0 0 0 0 0 0 0 1 0 0 1 0 0 1 0 0 0 0 0 0 1 0 0 0 -1 1 -1 -1 -1 0 0 0 1 0 0 -1 0 0 0 0 0 1 0 0 0 0 0 0 0 
9 -4 -14 -7 -3 -13 -11 -2 6 4 8 -1 0 0 0 0 0 -1 1 0 1 -2 0 0 1 0 1 0 0 0 0 -1 0 0 0 0 0 0 0 0 0 0 0 -1 0 -1 -1 0 1 0 0 1 0 0 1 0 1 0 0 0 0 0 0 0 0 -1 1 0 1 0 0 0 0 0 0 0 0 0 1 1 0 0 0 0 0 0 0 -1 0 0 1 0 0 0 0 0 0 0 0 0 0 -1 0 -1 0 
-9 -9 4 -3 5 -7 -4 8 -6 -14 -8 -3 0 -1 0 0 0 -1 0 -1 0 -1 0 0 0 0 0 0 1 -1 0 0 0 1 0 0 -1 0 0 0 0 0 0 0 0 -1 1 0 0 -1 0 -1 0 0 0 0 0 0 0 0 0 0 0 0 0 0 1 0 0 1 0 0 -1 0 0 0 1 0 0 1 1 -1 -1 -1 0 1 0 0 0 0 0 -1 0 0 0 0 0 0 0 0 0 0 0 0 1 
-15 -6 -4 -3 -1 -4 2 2 -10 0 -2 -1 1 0 0 0 0 1 1 0 0 0 0 0 0 0 1 0 0 1 0 0 1 0 1 0 0 0 0 0 0 0 0 0 1 0 0 0 0 -1 -1 0 -1 0 0 0 0 0 0 0 0 0 0 0 0 -1 -1 0 -1 0 0 0 0 0 0 0 0 0 0 0 0 0 1 0 0 1 0 -1 0 0 1 1 0 0 -1 0 0 0 0 1 -1 0 0 0 0 
-5 -1 -1 0 0 -1 3 0 -1 -1 0 0 0 0 -1 0 0 -1 0 0 0 -1 0 0 0 0 0 0 0 0 0 0 1 -1 0 0 -1 0 0 0 0 0 0 -1 0 -1 0 0 1 0 0 0 -1 0 0 0 0 0 0 0 0 0 0 0 0 0 1 0 0 -1 -1 0 0 0 0 0 0 0 0 0 1 -1 0 -1 0 0 0 -1 1 0 0 1 1 0 0 1 0 0 -1 1 0 0 0 1 0 
-4 -1 0 -1 1 1 1 4 -5 -1 0 1 1 -1 1 0 0 1 0 0 0 0 1 1 1 0 -1 0 -1 1 -1 1 0 1 0 0 0 1 1 0 0 0 0 0 0 0 0 0 0 1 0 0 -1 0 0 0 0 0 0 0 0 0 0 0 0 0 0 0 0 0 0 0 0 0 0 -1 0 0 0 -1 -1 0 0 0 -1 0 0 -1 1 1 0 1 0 0 1 0 0 0 0 0 0 0 1 -1 0 
-1 -1 1 -1 1 1 2 3 -5 0 -1 0 0 0 0 0 0 0 -1 0 0 -1 0 -1 1 0 -2 1 0 0 0 0 -1 0 0 0 -1 0 0 0 1 0 0 0 0 -1 0 0 0 0 0 0 0 -1 -1 0 0 0 0 0 0 0 0 1 0 0 0 0 0 0 0 0 0 0 0 0 0 1 -1 0 0 0 0 -1 0 0 0 0 0 0 0 1 0 1 1 1 0 0 1 0 0 1 0 0 0 
-4 -1 0 2 3 5 14 0 -1 -1 0 0 0 0 0 0 0 0 0 0 -1 0 1 0 0 1 1 0 1 0 -1 0 0 1 1 0 -1 0 0 0 0 0 0 0 0 0 0 0 0 0 0 0 0 0 0 0 1 0 0 0 0 0 0 0 0 0 0 0 0 0 0 1 1 1 0 -1 -1 -1 0 1 1 0 0 0 1 0 0 0 0 0 0 1 0 0 -1 0 -1 0 0 0 1 0 0 0 0 
-1 0 1 2 -1 1 13 -4 -5 0 0 0 1 0 0 0 0 0 0 0 0 -1 1 -1 1 -2 1 0 2 0 -1 0 -1 -1 1 1 1 0 0 0 0 0 0 0 0 0 0 0 0 0 0 0 0 0 -1 0 0 0 -1 0 0 0 0 0 0 0 0 0 0 0 0 0 0 0 0 0 0 0 -1 0 0 1 -1 0 1 0 0 0 -1 0 0 1 0 -1 0 0 0 0 1 -1 0 0 1 0 1 
-1 -3 3 3 -6 0 -8 -13 -1 0 0 0 0 0 0 0 0 0 0 0 0 -1 1 -1 1 1 1 -1 1 0 -1 -1 0 -1 0 -1 -1 1 -1 1 0 0 0 0 0 -1 0 0 0 0 0 0 0 0 -1 0 0 -1 1 0 0 0 0 0 0 0 0 0 0 0 0 -1 0 0 0 0 0 0 0 1 1 0 1 0 1 0 0 1 -1 1 0 0 0 0 0 -1 -1 0 -1 1 0 1 -1 -1 -1 
-11 0 7 -6 -2 -1 -2 0 0 0 -1 -1 1 1 -1 1 0 1 1 0 0 0 1 -1 0 -2 1 0 0 0 0 0 0 -1 0 1 -1 1 0 -1 0 0 1 0 0 0 0 0 0 0 0 0 0 -1 0 0 -1 1 1 -1 0 0 0 0 0 0 0 0 0 0 0 0 1 0 0 -1 0 0 0 0 1 0 0 -1 1 0 0 0 0 0 0 0 -1 0 0 0 0 0 0 0 0 0 1 1 0 
-4 -4 6 -2 -4 0 0 0 0 0 0 0 1 -1 0 0 0 1 0 0 0 -1 1 0 1 0 1 0 0 0 0 0 0 0 0 1 -1 0 0 -1 -1 0 0 0 0 -1 0 0 0 0 0 0 0 0 0 0 -1 0 1 0 0 0 0 0 0 0 0 0 0 0 0 0 0 0 0 0 1 0 0 0 0 1 0 0 1 0 0 1 -1 0 0 0 0 1 -1 1 -1 0 0 0 -1 -1 0 1 -1 
-1 -3 5 1 -3 -2 1 0 0 -1 -1 0 1 0 0 0 0 0 0 0 0 -1 1 0 1 -1 0 0 1 -1 -1 -1 1 -1 1 -1 -1 1 0 -1 -1 0 0 0 0 -1 0 0 0 0 0 0 0 -1 -1 0 0 0 0 0 0 0 0 0 0 0 0 0 0 0 0 0 0 0 0 0 0 0 0 0 1 1 0 0 0 0 0 0 -1 0 0 0 -1 -1 1 -1 -1 0 -1 0 -1 1 0 0 0 
3 -3 -1 -4 -1 -2 -1 0 0 0 0 0 0 -1 0 0 0 0 0 0 0 0 0 -1 1 -1 1 0 0 0 0 0 0 0 1 0 0 -1 0 0 0 0 0 0 0 1 0 0 0 0 0 0 0 0 0 0 1 1 1 0 -1 0 0 0 0 0 0 0 0 0 0 0 -1 0 0 0 0 0 0 0 1 0 0 -1 1 0 0 0 -1 1 -1 0 -1 1 0 1 0 1 1 -1 1 0 0 0 1 
-6 -1 -1 -1 -2 -1 1 0 0 0 0 0 1 0 0 0 0 0 0 0 0 0 0 0 0 -1 1 -1 1 0 -1 2 0 0 0 1 0 0 1 0 0 -1 -1 1 0 0 0 0 0 0 0 0 0 1 0 0 0 0 0 -1 -1 1 0 0 0 0 0 0 0 0 0 0 0 0 0 0 0 0 0 0 0 0 0 0 1 0 0 0 -1 0 0 1 1 1 -1 1 -1 -1 1 0 0 -1 1 0 0 
0 1 2 -3 0 1 2 0 3 3 0 1 1 1 0 0 0 1 0 0 0 0 0 0 0 0 0 0 -1 1 0 0 0 0 0 -1 -1 1 0 0 0 1 0 0 0 1 0 0 0 0 0 1 -1 0 0 0 0 0 0 0 0 -1 0 0 0 0 0 0 0 0 0 0 0 0 0 0 0 0 0 0 0 0 0 0 1 0 -1 1 0 0 -1 0 -1 0 -1 0 0 -1 -1 0 1 0 1 1 0 
0 0 2 -3 0 1 1 1 4 1 1 1 2 3 -2 1 0 1 -2 0 -1 0 1 -2 0 0 1 -1 0 -1 0 0 1 0 0 0 -1 0 0 1 0 0 0 0 0 0 -1 1 -1 0 0 0 0 0 0 0 0 1 0 0 0 -1 0 0 0 0 0 0 0 0 0 0 0 0 0 0 1 0 -1 0 0 0 0 -1 1 0 0 -1 -1 1 0 0 0 -1 0 0 0 0 0 0 -1 0 0 1 1 
0 2 1 -1 0 1 0 2 -2 2 -2 1 1 1 2 1 2 0 -1 -1 0 0 1 0 0 0 0 -1 0 0 0 0 0 -1 1 0 0 0 0 -1 0 0 -1 0 0 1 0 0 -1 0 1 0 0 0 0 0 0 0 0 0 -1 1 -1 0 0 0 0 0 0 0 0 0 0 0 0 0 0 0 0 0 0 -1 0 0 1 0 0 0 -1 0 0 0 -1 1 1 1 1 0 1 0 -1 0 1 1 0 
0 2 -1 -2 1 0 0 0 2 0 2 -2 3 7 6 1 -5 0 -2 1 0 0 0 0 0 -1 0 0 1 0 0 0 1 0 0 0 0 -1 0 0 0 0 -1 0 1 1 0 0 0 0 0 0 -1 0 0 0 0 0 -1 0 0 1 0 0 -1 0 0 0 0 0 0 0 0 0 0 0 0 0 -1 0 0 0 1 -1 1 0 0 0 -1 1 0 0 0 0 0 0 1 0 0 0 0 -1 0 0 0 
0 -1 1 0 1 -2 -1 0 0 8 3 3 3 5 -22 -4 -4 -2 -1 0 0 0 0 0 0 0 1 0 0 0 0 1 -1 -1 -1 0 0 0 0 1 -1 1 -1 0 0 0 0 0 0 0 -1 0 0 0 0 0 0 0 0 0 0 0 1 0 0 0 0 0 0 0 0 0 0 0 0 0 0 0 0 0 0 0 0 0 0 0 0 0 0 0 -1 0 0 0 -1 1 1 0 0 0 0 0 0 1 1 
-2 0 1 -3 -1 0 1 1 5 5 -2 -1 10 -7 -10 -3 -3 0 1 0 0 0 1 0 0 -1 0 0 0 0 0 0 0 1 0 0 -1 0 1 0 0 -1 1 -1 0 0 -1 0 -1 0 0 1 0 0 0 0 0 0 0 0 -1 0 -1 -1 -1 0 1 0 0 0 0 -1 0 0 -1 0 0 0 0 0 -1 0 0 -1 0 0 0 0 0 0 0 0 0 0 0 0 0 0 0 0 0 -1 1 0 0 
-2 1 0 1 1 3 1 -1 2 2 1 -2 -8 -8 -4 -1 0 0 1 1 0 0 0 0 1 0 0 0 0 0 1 -1 0 0 -1 1 0 -1 0 1 -1 1 0 1 -1 0 0 0 -1 0 1 1 0 0 0 0 0 0 0 0 0 1 0 0 0 0 1 0 0 0 0 -1 0 0 0 0 0 0 0 0 0 0 0 -1 0 0 0 0 -1 0 0 0 -1 1 0 0 1 0 0 -1 0 0 0 0 0 
-4 0 2 3 2 -4 -1 -3 4 -2 13 0 -2 6 2 -2 1 0 2 1 0 2 0 0 2 -2 1 0 1 0 0 0 0 0 0 -1 0 0 0 0 1 -1 0 -1 0 1 -1 1 -1 0 -1 1 0 0 0 0 0 0 0 0 0 1 0 0 0 0 0 -1 0 -1 1 0 0 -1 1 0 0 0 0 0 0 0 0 -1 0 0 0 0 0 0 0 0 0 1 1 0 1 0 0 0 0 0 -1 -1 1 
1 -1 0 1 -2 0 3 2 5 1 -1 -3 6 -5 -1 4 0 2 5 23 5 1 2 0 -2 0 -1 3 3 4 1 0 0 0 0 0 1 -1 0 1 0 0 -2 0 0 0 -1 0 -1 -1 0 -1 0 0 0 0 0 0 0 0 0 0 0 0 0 -1 1 -1 0 0 1 0 0 -1 1 -1 0 0 0 0 0 0 0 -1 1 0 0 0 -1 1 0 0 0 0 0 -1 1 0 0 0 0 0 -1 0 0 
0 0 0 -1 -1 -1 -1 -4 3 5 -2 3 18 -17 -5 1 -3 0 3 27 2 -4 -4 -1 2 0 1 5 -1 -5 0 0 0 0 0 0 1 0 1 1 0 1 0 0 -1 0 1 1 -1 0 -1 0 0 0 0 0 0 0 0 0 0 0 0 0 0 1 0 -1 0 -1 0 -1 0 -1 0 0 0 0 0 -1 0 0 0 0 1 0 0 1 0 0 0 0 0 0 0 0 1 0 0 -1 0 0 0 0 0 
1 0 1 0 1 1 1 5 -4 0 -7 1 -7 0 8 -6 -4 -1 12 10 -21 9 5 -1 1 -1 1 -1 -1 -2 0 -1 0 0 0 0 -1 0 1 1 -1 -1 0 0 -1 1 -1 0 0 1 -1 1 0 -1 0 0 0 0 0 0 0 0 1 0 0 0 0 -1 1 0 0 1 0 -1 0 -1 0 0 0 0 0 0 0 0 0 1 0 0 0 0 0 0 0 0 1 1 1 0 0 0 0 1 1 -1 0 
0 0 0 0 0 0 -2 -2 -4 -3 -3 8 -4 -4 -4 -4 2 5 5 39 8 -33 -9 0 -1 -2 0 -1 -1 2 0 -1 0 0 0 0 0 0 0 1 0 1 -1 -1 -1 1 -1 0 1 -1 0 -1 0 0 0 0 -1 0 0 0 0 0 0 0 0 0 0 0 0 1 0 -1 0 0 -1 0 0 0 0 0 0 0 0 0 0 0 0 1 0 0 0 0 -1 1 0 0 1 0 0 0 0 1 0 -1 0 
0 0 0 0 0 0 1 0 0 -1 0 -2 -5 0 -5 -2 -5 -2 -6 -2 -37 -16 -4 -2 0 0 0 -1 0 0 1 1 0 0 0 0 0 0 0 1 0 1 -1 0 1 2 4 2 2 2 5 6 0 0 0 1 0 0 -1 0 0 0 0 0 0 0 0 -1 0 1 1 -1 0 -1 0 0 0 0 0 0 0 -1 0 0 0 0 0 0 0 0 0 0 -1 0 1 -1 0 0 0 0 0 -1 0 -1 0 
0 0 2 0 -1 -2 -2 1 0 1 0 2 -3 -1 -2 0 -2 4 -1 -1 1 -3 -1 0 -1 0 0 0 0 2 2 3 11 1 10 2 0 1 0 0 0 0 2 3 8 4 12 -4 -2 -2 -5 1 9 0 1 0 0 -1 -1 0 0 0 0 0 0 0 0 0 1 1 1 -1 1 1 -1 0 0 0 0 0 0 0 0 -1 0 0 0 0 0 0 0 0 0 0 0 0 1 0 0 0 0 0 0 0 0 
1 2 1 1 -1 2 1 0 0 1 0 0 0 -1 -1 0 3 -4 -1 0 0 0 1 -1 1 2 4 4 0 0 0 -8 -12 -4 6 11 3 0 0 1 0 2 10 3 -10 0 7 1 11 1 0 -2 -1 -4 -1 0 -1 -1 0 -1 0 0 0 0 0 0 0 0 0 0 1 0 0 0 0 0 0 0 0 -1 0 0 0 1 0 0 0 0 0 0 0 0 0 0 0 0 1 0 0 -1 0 0 0 0 0 
1 0 43 -8 3 0 1 1 0 0 1 0 0 0 -1 0 0 -4 0 0 0 1 1 8 8 15 10 0 -3 1 -1 -2 -2 0 -7 -1 -6 5 2 2 2 6 -3 0 -2 -1 4 6 -23 0 -3 -2 -10 -1 0 0 0 0 -1 1 0 0 0 -1 0 0 0 0 0 0 0 0 -1 0 0 0 0 -1 0 0 0 0 0 0 0 1 0 0 0 0 0 0 0 0 0 0 0 0 0 0 0 0 0 1 0 
1 24 40 43 -20 7 -1 1 0 0 0 0 0 0 1 1 0 0 0 0 1 6 13 18 -3 -12 -17 -1 0 0 -1 0 1 0 0 0 0 -3 8 6 15 1 11 5 -1 -3 7 -7 -5 -4 0 0 0 0 0 0 0 0 1 -1 0 0 0 -1 0 0 0 0 0 0 0 0 0 0 0 0 1 -1 0 -1 0 0 0 1 0 1 -1 0 0 0 0 0 0 0 0 0 0 0 0 0 0 0 0 0 0 
15 91 88 5 73 -8 59 2 4 2 0 1 1 0 1 1 -1 -2 2 3 2 4 6 -1 -6 -7 5 0 1 4 2 5 6 2 5 -1 1 1 -3 -3 -9 -9 2 5 5 0 2 -6 1 -3 -6 0 1 -1 0 1 1 1 0 -1 0 0 0 0 0 0 1 0 0 0 0 1 1 0 0 1 0 0 0 0 -1 0 0 0 1 1 0 0 0 0 0 0 0 0 0 0 0 0 0 0 0 0 0 1 0 
89 93 -13 1 9 42 68 52 1 -1 1 0 1 0 0 1 0 -1 0 1 0 9 -4 -3 0 -1 5 14 10 2 0 7 7 11 -1 9 0 2 12 1 3 -3 2 5 -7 2 7 -1 -1 -6 -3 -1 0 0 0 1 0 1 0 -1 0 0 0 -1 0 0 0 0 0 0 0 -1 0 0 -1 1 0 0 1 1 0 -1 0 0 0 0 0 0 0 0 0 0 0 0 0 0 0 0 0 0 0 0 0 0 0 
59 -1 20 10 2 -1 -7 -13 18 -9 -1 1 1 0 0 0 1 2 1 1 0 0 -5 -4 -2 -4 -11 -12 -3 -4 -2 -4 -12 -6 1 -2 1 14 17 12 2 11 13 -3 -8 0 -6 -13 -2 -10 -2 0 -1 0 0 1 -1 0 1 0 0 -1 0 1 0 1 0 0 0 0 0 0 0 0 0 0 0 0 0 -1 0 1 1 0 1 0 0 0 0 1 0 0 0 0 0 0 0 0 0 0 0 0 0 0 0 
-16 16 5 1 2 -3 -6 10 4 68 17 36 10 2 3 2 3 2 1 1 2 31 9 7 1 2 6 -2 4 0 0 6 -1 1 -7 2 15 8 -6 -17 -19 -19 -17 -4 -2 -1 -5 -4 -3 -3 -1 0 0 -1 0 1 -1 0 0 0 0 0 1 0 1 0 0 0 0 0 1 0 0 1 0 0 0 0 1 -1 -1 -1 0 0 0 0 -1 0 0 0 -1 0 0 0 0 0 0 0 0 0 0 0 0 0 0 
3 10 6 3 1 6 1 2 1 4 23 -17 16 51 15 64 32 18 11 6 58 94 20 73 53 127 5 3 1 0 8 5 0 3 0 -5 -10 -11 -10 -1 -7 2 0 -4 -1 -2 0 0 0 0 0 0 0 0 1 1 0 1 0 -1 1 -1 2 0 0 0 -1 0 1 0 0 0 0 0 0 1 0 0 0 0 0 -1 0 0 0 0 -1 0 0 1 -1 0 0 0 1 0 0 0 0 1 0 0 0 0 0 
18 12 10 7 3 0 -3 0 -4 2 1 4 5 7 98 48 47 33 29 137 72 22 14 -7 34 -12 29 15 13 18 9 -14 -4 -6 6 2 5 0 0 -3 0 0 0 0 0 0 0 0 -1 1 0 0 -1 0 0 1 0 0 0 0 0 0 1 -1 0 1 0 0 0 0 1 0 1 1 0 0 0 0 0 0 0 0 0 1 0 0 -1 0 1 0 -1 -1 -1 1 0 -1 1 -1 -1 1 -1 0 -1 0 0 
12 9 0 0 0 -1 -13 -3 2 1 2 -1 1 2 -1 -1 3 3 17 4 -1 23 1 5 4 2 -1 -6 13 -70 -1 -5 -7 -14 0 2 2 7 2 -3 1 0 0 0 0 0 0 0 -1 0 1 0 0 0 1 0 -1 0 0 -1 0 0 1 0 1 -1 0 0 1 0 0 -1 0 0 -1 0 0 0 0 1 0 0 0 -1 0 0 0 0 -1 0 1 -1 0 0 0 0 0 0 0 0 1 0 0 0 0 
0 0 -7 -12 -23 -23 -5 -8 1 1 -1 0 2 0 -3 2 -10 -3 -11 0 -11 9 -1 1 -5 -6 6 10 -4 -23 -19 4 2 0 -1 -5 -6 -15 -6 -1 -2 1 1 -1 -1 1 -1 0 1 1 0 0 0 0 0 0 0 0 0 0 1 -1 1 0 0 0 0 -1 0 0 0 0 1 0 -1 0 0 0 0 0 0 0 0 0 0 0 0 -1 1 1 0 1 -1 0 0 -1 0 1 0 0 0 0 0 2 0 
-4 -9 -12 3 -1 26 26 16 -1 -3 4 0 0 -6 2 1 15 2 3 6 0 7 10 -7 0 -1 11 -1 6 34 4 51 24 -1 3 0 -1 0 1 -4 4 4 6 11 8 1 3 1 0 0 1 1 0 1 0 2 0 0 0 0 1 5 1 0 1 0 0 1 0 1 1 -1 0 1 0 0 0 0 0 0 0 -1 0 0 0 0 -1 0 1 0 0 0 1 0 0 0 0 0 0 0 1 1 5 20 9 
4 -7 15 29 2 8 0 -4 -1 0 0 -4 1 -2 9 8 -3 3 13 -1 -1 0 -4 -1 -3 1 3 2 4 1 0 0 8 70 12 51 2 4 1 1 0 2 -3 -1 -2 13 2 5 10 5 12 3 -2 2 2 7 -1 -1 1 1 5 24 7 18 0 14 1 1 0 0 1 0 1 1 -1 0 0 0 0 0 0 0 -1 1 0 0 0 0 0 0 1 0 0 0 0 0 0 1 1 2 1 20 69 43 37 
0 3 2 -12 -10 0 0 -4 -2 -2 -2 2 7 -3 -4 0 0 0 -3 -2 -1 -3 1 1 -4 11 4 5 -6 1 1 3 0 11 6 15 72 28 35 85 8 15 -3 -1 0 6 -11 -9 -7 -15 -8 -4 -4 -1 4 6 11 1 1 2 9 4 -11 -10 18 23 31 4 1 3 0 0 0 2 -1 1 1 0 1 0 0 0 0 0 0 0 0 0 0 0 0 0 0 0 1 6 5 3 8 9 44 70 13 16 18 
-9 11 -4 -10 22 -35 -19 2 2 -2 -2 2 14 13 -11 -15 -3 -15 0 -5 0 -10 7 0 9 7 4 -12 10 1 3 3 3 -2 -2 0 1 6 5 17 52 10 59 10 1 3 -3 -1 -1 0 1 -1 0 2 19 27 9 22 15 1 0 17 -10 25 32 30 -1 20 15 0 0 0 1 0 -1 0 0 1 1 1 0 -1 0 0 0 1 0 0 0 0 0 0 -1 0 7 5 -4 8 21 44 0 -9 -16 -6 -2 
21 2 -12 4 6 -19 23 10 0 -1 0 5 -19 -14 -7 -7 -3 23 0 -2 0 4 -5 -2 4 0 -7 6 5 4 7 -4 -4 0 -1 2 -5 -3 -1 1 2 6 -5 44 40 -4 1 0 0 0 1 0 0 1 3 33 -1 -13 4 0 5 1 -13 9 15 13 -7 4 30 4 -3 0 -1 0 0 0 0 -1 0 0 1 0 0 2 1 0 0 0 0 1 2 2 1 1 5 13 0 6 16 -20 -26 9 13 4 -8 
-6 -4 0 0 -2 -10 1 1 -3 1 0 -15 -22 9 4 0 12 -12 -3 1 0 0 3 8 2 -16 -7 0 5 5 -7 -8 -2 3 1 -17 0 -8 5 3 2 5 0 5 18 32 -11 2 -1 0 1 0 0 1 4 14 -12 -13 -19 -9 0 -1 -3 48 12 -6 1 3 -22 -13 1 -1 0 0 0 0 0 0 1 1 -1 0 1 2 0 0 0 2 0 1 1 1 3 3 3 -6 -5 5 10 -6 16 11 26 32 24 
1 6 2 -9 -9 3 2 -2 -2 0 1 -13 28 13 3 0 0 -15 5 3 -2 -7 -5 -7 -13 14 -1 13 9 -2 -5 -8 6 -2 -5 4 -6 10 2 -1 -7 -4 -1 0 -1 12 24 -6 2 -1 1 0 0 0 11 -2 -5 -20 4 10 13 5 22 24 7 -44 -21 -1 0 -16 51 18 -4 1 -1 3 0 -1 0 0 1 1 -2 0 1 1 0 2 -1 3 2 10 25 22 13 9 25 32 29 27 23 17 32 16 -1 
-3 -31 -19 -9 25 10 22 7 -3 -6 -4 -2 13 4 -7 -2 -7 -2 5 -8 -15 5 6 6 0 -2 5 5 -9 -5 -10 16 0 7 1 2 9 9 0 2 -4 26 3 0 -2 1 15 56 -6 18 0 1 1 1 0 19 -25 -3 -5 10 22 47 46 22 -36 -40 -10 -28 -23 -57 -12 -15 33 -6 26 15 27 13 0 3 1 -1 0 1 -1 1 -1 1 5 5 20 22 26 -8 15 18 9 21 -3 5 -1 12 3 -3 1 
1 3 24 4 4 -8 0 0 -4 -6 -1 -6 7 -1 -10 17 29 -9 -10 -1 25 20 -25 -4 -2 -1 -3 -8 9 19 -1 -2 -9 11 10 3 1 1 2 5 0 7 1 6 -9 5 1 3 24 -12 52 1 3 1 1 0 1 -10 14 26 18 21 -7 -6 -9 55 27 42 29 2 12 -5 -37 -38 -5 -28 10 17 63 -3 6 0 -1 2 -1 1 -1 0 -3 7 -5 -1 4 1 6 8 2 -5 -12 9 25 28 -7 -7 -7 
-3 21 0 -3 -20 -21 10 -8 0 -6 -2 0 -7 -10 -9 -3 1 5 -3 2 6 0 3 8 2 2 2 -4 -6 -1 -1 -17 11 0 -2 -4 1 0 0 -1 -1 -19 0 -17 2 -3 10 2 2 4 -10 71 -2 15 4 1 1 6 -5 -14 14 -3 -1 6 6 17 -1 -2 16 31 7 26 10 13 16 10 11 -12 -8 -2 -10 2 0 1 0 0 1 3 3 4 6 -7 23 24 11 6 -5 -3 -1 -9 15 -13 -14 0 -12 
0 -8 0 6 21 6 -16 -7 -4 -15 -6 4 12 2 24 16 -23 -15 -6 -22 5 6 -8 3 9 0 2 6 3 29 2 5 7 -11 -18 -4 5 -3 -3 -2 -5 22 13 18 2 2 -1 0 0 1 2 -4 39 -1 43 12 1 2 16 -16 -10 -5 -13 1 -6 -13 0 -2 -11 3 4 -4 32 0 31 19 1 18 0 -18 -15 -4 2 0 0 2 3 -1 -1 1 -4 12 -2 17 10 -3 -9 -7 -16 8 -11 -21 5 -29 -31 
-4 -26 1 0 2 -16 -19 3 -7 0 0 7 -13 -15 4 0 0 0 -9 22 -8 0 2 21 7 12 3 -1 9 -2 -4 -3 -18 -5 -7 2 2 -11 -9 0 0 3 8 14 5 -4 0 1 1 0 1 1 -1 3 -5 45 34 -4 1 12 -8 -5 6 -10 0 5 -1 5 -9 -10 13 -9 -17 -9 -10 -20 -13 -14 -13 -30 -15 -3 -3 0 0 0 -1 0 -1 0 4 0 22 -4 -15 -54 -29 1 16 6 -9 31 -23 -13 6 
13 -8 2 -15 17 7 -4 -11 -9 21 11 6 0 8 -7 0 0 0 0 2 -14 11 -7 0 0 0 -5 -6 -9 -11 -7 -3 -2 5 7 17 2 1 4 1 -1 -2 -13 6 -3 -5 -2 1 0 2 1 1 -1 -3 3 -2 20 103 1 35 13 2 1 8 1 3 0 -2 0 5 12 -4 4 -1 5 -8 -5 -8 -5 3 -3 1 0 1 -3 -3 -2 -1 0 0 4 -1 4 22 13 -7 30 19 5 3 3 4 -18 12 22 
-14 2 -9 -2 6 0 2 26 3 3 5 10 1 -11 -15 -6 -26 -25 2 0 -1 -14 -11 -11 -8 0 -8 -3 -2 -5 1 2 -3 -1 4 -7 -11 -4 -7 -9 -3 -7 4 -14 -24 -17 7 0 1 1 0 -9 -9 -13 -1 1 8 5 21 6 77 66 1 -1 -4 -29 -14 -8 -34 -3 -22 -8 -9 0 1 10 4 9 30 -13 11 -1 -1 0 0 0 0 0 2 2 0 -3 24 -1 8 31 36 -3 -14 4 -10 14 -4 20 15 
-22 11 2 19 11 15 -1 -7 -7 6 1 -13 1 5 -1 4 3 18 5 1 7 13 0 14 7 1 1 4 1 -4 11 -3 -5 -1 8 -6 -6 4 9 3 1 -1 4 8 11 30 12 2 1 -1 -3 -6 0 0 3 1 -4 0 1 6 7 31 2 29 75 80 31 19 -23 -26 -32 -45 19 -6 -9 -7 -9 6 9 26 3 22 -5 1 1 0 0 4 5 0 -2 2 44 39 -9 -16 -17 -46 -26 1 35 -15 17 8 -8 
4 0 4 5 10 1 0 5 8 7 0 0 22 -7 -14 0 0 4 6 -4 0 -14 0 0 0 5 0 -4 0 7 2 -2 -2 -1 10 1 4 3 6 -1 1 1 5 3 16 6 -2 -2 -2 -1 -2 -14 -4 1 7 1 11 5 2 3 3 0 0 1 10 19 14 81 40 120 88 50 51 30 -4 0 -4 -11 -1 -1 -4 -39 5 -6 0 11 44 41 0 -4 4 62 45 -4 -20 2 -5 -12 7 25 -2 21 2 -5 -7 
4 1 7 5 0 -10 2 2 0 0 0 -3 0 13 21 0 3 3 -9 -11 15 -10 0 -17 7 0 3 0 11 9 2 6 2 4 3 4 10 -3 -17 1 0 3 4 0 3 -2 0 0 -2 0 -8 0 -2 10 5 -1 -2 -5 -12 0 1 2 -1 1 2 2 0 0 1 -4 -6 39 0 55 9 4 53 -3 -8 7 1 -18 -17 0 -3 52 42 -32 -30 -10 46 37 9 8 8 5 -9 -5 14 6 20 -2 -19 -7 -24 
6 3 -11 -24 -26 -7 4 -15 0 0 0 4 -4 1 -5 2 0 -29 -12 1 -10 -1 15 12 -2 -3 -15 -20 0 -7 -6 -2 0 -1 1 1 1 6 -2 4 10 -4 -3 2 -2 -2 -1 -1 -1 1 -2 -3 0 6 -4 -5 7 11 13 4 -3 -2 -1 0 2 1 -4 7 2 -3 0 -1 -11 -7 2 -5 2 56 5 0 8 -32 8 8 25 23 -45 -41 13 52 40 9 14 -32 -9 -9 -7 7 7 -1 0 -17 -5 -12 -40 
0 0 0 1 10 5 -7 -10 -1 5 -2 -6 0 0 -7 -21 -20 -9 -10 -7 2 5 6 0 -1 2 7 17 4 6 -2 -1 0 -1 0 0 -1 0 1 2 2 8 2 -2 -3 0 -2 -3 0 0 -1 -8 -3 -2 -2 7 1 2 -4 -11 -2 0 1 0 3 2 0 1 -3 -7 -4 -5 -18 2 16 -3 -5 -4 18 -7 1 -12 4 19 18 -2 -30 55 37 24 -12 16 1 1 -9 -8 2 -15 -9 -14 6 0 -10 -2 -23 
0 0 0 6 0 6 4 -4 7 11 9 -5 -11 -25 -7 -2 30 0 4 3 17 -6 0 4 8 8 0 -23 -38 -29 -9 2 4 -1 -1 1 1 0 0 3 4 3 2 -6 0 0 -1 -1 0 -1 -2 1 -3 8 6 -1 -1 -7 -9 2 5 0 2 3 2 0 1 -1 -10 2 0 2 -5 13 -5 0 1 7 -8 14 -11 -8 15 26 -14 -23 33 1 -9 -13 4 9 -9 -18 0 -2 -11 -7 -1 -2 30 4 -10 17 -6 
-10 -2 -3 0 -26 -7 2 6 5 16 -1 0 22 12 12 -1 2 -10 -3 21 -8 0 0 -10 -16 0 0 12 1 6 12 7 6 1 4 1 -1 0 1 5 2 2 0 -7 2 -2 0 0 -1 -1 1 -14 -7 2 0 -6 2 3 0 8 0 -2 0 0 2 -1 0 1 -6 1 0 -2 -4 -3 7 0 -2 -5 -2 -4 18 -18 1 -3 6 36 2 -15 -16 4 9 4 -19 -14 -19 0 -10 0 -1 24 -9 -20 -7 -6 -28 
12 12 8 -6 -1 5 1 -2 -20 -5 -12 -11 -2 -25 11 -9 -5 15 -4 -8 18 17 -14 -19 -24 11 -29 6 8 7 0 3 0 0 2 4 1 0 4 3 1 1 0 0 -5 3 0 0 0 -1 -1 1 -3 4 4 1 3 0 5 3 0 -1 4 -2 -4 1 0 -5 -14 -6 5 -1 -8 5 6 7 0 1 -3 2 2 55 -9 13 -11 -16 -16 -10 16 7 7 4 -49 -15 -8 -5 1 -8 2 -9 0 -6 15 -11 2 
-10 -3 6 9 21 18 4 -14 -7 -17 6 -2 17 -7 -6 9 -2 -16 13 0 -8 -5 0 -1 24 22 0 -7 -7 5 3 0 0 0 0 0 -3 1 6 2 1 -2 1 1 2 -6 4 0 0 0 2 0 4 5 7 6 -4 3 -8 -2 1 4 3 3 5 4 -3 -3 -9 5 3 -3 2 8 5 1 -5 -13 -4 1 0 0 34 -12 71 -9 -9 -33 1 -19 0 -43 -38 -7 -12 -12 -12 -14 3 7 14 26 22 17 19 
2 17 0 0 0 -3 -5 4 9 10 32 6 0 -8 11 16 -17 -6 0 -12 22 -3 12 8 -1 -8 -14 -3 12 6 0 -10 -2 0 -6 -14 -3 8 -3 0 0 0 0 -4 -2 1 -1 1 2 0 0 0 0 0 0 -7 -6 3 5 10 7 5 7 1 0 -3 -1 -5 5 6 0 4 6 0 3 4 8 1 11 5 2 2 -1 2 -3 17 106 2 34 -30 -47 -75 -16 1 5 -8 4 5 16 7 17 13 9 -16 -26 
20 0 -12 -16 2 -3 -3 -4 -11 -2 -10 -11 -3 -14 0 0 0 2 -11 19 -17 -19 8 -2 -10 26 12 -1 7 -17 -24 -18 5 -21 -3 7 -6 10 3 -4 -7 -6 -6 -6 0 -5 4 2 4 0 -4 0 1 -1 -5 -3 -6 -4 5 -3 1 2 0 -1 -1 -6 -2 -1 3 1 0 0 1 5 1 -3 0 3 6 1 2 0 0 -2 0 3 1 5 1 70 60 34 10 0 0 -1 5 -10 9 -19 1 -3 -49 -53 -22 
4 -8 -9 7 2 2 1 0 -6 7 12 -12 -2 29 -15 -14 0 0 3 0 -11 -2 4 3 3 3 11 10 -11 12 10 3 2 7 -6 -3 7 5 -9 -5 6 2 -3 -3 1 -3 -2 -3 9 -2 -1 3 1 -1 -5 6 2 -1 7 9 5 1 0 0 -3 -5 5 2 2 0 3 4 5 2 -1 1 2 3 2 0 1 1 3 -1 3 3 1 1 1 -1 20 -7 -4 29 8 3 1 -2 -19 -34 -19 -2 -20 -5 -1 
0 9 -8 14 12 -2 0 -1 3 6 1 2 6 -10 -6 9 -10 0 -4 -20 -11 14 7 -21 -7 -4 -9 -13 -2 -1 -9 3 -9 10 5 9 4 -8 -9 -7 8 -2 -5 -5 3 6 2 -3 5 1 0 2 0 2 0 2 14 5 6 6 2 2 -2 0 -9 -8 2 -2 4 1 0 3 1 2 2 -1 3 0 2 1 2 2 -2 2 3 1 2 -1 2 1 0 4 5 57 59 12 16 3 3 0 -3 -1 -1 -1 -1 
-19 -28 14 6 -16 -11 -2 1 -5 1 1 1 5 0 -8 2 1 8 2 16 28 0 -10 -7 11 1 24 28 11 -6 -4 -2 6 7 4 16 5 16 16 16 21 0 16 14 -9 -8 -5 6 4 2 3 0 -1 2 2 6 2 2 4 3 6 0 -1 0 0 4 5 0 -1 -2 -2 4 4 7 0 -2 2 2 -1 0 -5 -1 0 1 -2 -3 2 1 0 -1 1 0 7 -1 3 53 35 142 42 43 46 45 126 41 50 
11 -16 -20 -8 -11 9 4 2 4 0 13 1 2 3 -1 4 -3 -1 -7 0 -1 -9 10 0 -13 -1 -16 0 0 11 17 0 13 0 2 0 -4 0 -18 -35 -27 -4 -18 -4 4 -3 13 5 2 2 4 0 0 1 0 -1 1 -4 -15 -18 -10 0 -1 1 1 -1 2 1 -4 3 1 -6 -2 -6 1 -16 -1 -2 4 0 7 -3 -2 2 2 2 1 0 0 0 0 3 0 -6 -5 3 3 7 1 23 13 85 26 5 40 
20 0 21 5 4 1 1 6 2 0 0 0 -9 1 9 -5 -3 4 2 1 -17 -2 -23 -34 -20 18 5 7 7 0 6 0 0 -8 -4 -4 -1 2 19 32 20 15 3 20 12 0 8 2 2 1 1 2 2 -3 -2 0 -2 -13 -20 -9 13 -5 0 -4 -2 2 5 -1 -9 4 8 5 -7 0 -3 18 12 -1 -5 1 -1 -4 -1 4 1 -2 1 1 0 0 -1 1 0 -5 7 6 0 -4 -2 -2 0 -1 0 -1 -1 
16 9 8 4 12 4 4 3 0 0 1 3 -2 0 -4 7 9 4 2 2 -1 -7 -16 20 6 0 -7 -14 -4 0 -11 8 -1 -22 -4 -18 -11 15 14 3 0 0 4 0 -5 5 11 3 1 -1 0 1 1 -1 -3 -1 -5 -8 5 6 0 8 -11 -6 1 7 -1 2 7 -5 -5 3 17 20 -3 11 -7 -10 6 -16 -7 -4 9 5 6 5 0 0 -1 -1 0 -1 2 1 -1 2 -2 -1 3 4 2 0 0 0 0 
0 0 0 0 0 0 1 0 -5 2 0 4 2 5 5 3 5 1 1 0 0 16 15 0 0 0 -9 -5 -24 0 -5 19 -9 1 7 -7 23 10 -2 0 0 -2 -2 -1 -5 7 3 0 0 0 0 0 -5 -2 2 1 0 -14 -4 -4 0 -17 -4 0 -4 -9 -10 0 -4 -7 9 -17 0 -2 -17 6 1 21 -6 -4 0 12 15 -10 -3 -8 -2 -1 0 0 1 3 1 -1 -2 -1 2 1 1 1 2 0 0 -1 0 
0 0 0 0 -2 0 0 -2 -5 -3 -3 0 0 0 0 0 2 0 0 -6 -12 1 0 -12 -6 -14 2 4 -1 0 0 -9 6 3 -3 -21 15 0 -4 4 -13 -4 -6 -1 -5 9 2 -2 0 -1 0 0 2 0 1 -3 1 -4 -16 7 -5 9 -4 -3 0 -1 22 0 -10 2 2 4 -6 0 15 14 7 -20 -14 -5 8 12 -8 -11 -17 -14 10 0 -1 0 1 -1 0 0 2 3 2 0 -1 1 -1 1 0 -1 -1 
2 -15 -21 5 5 -8 0 0 0 1 -1 3 0 0 -1 -2 2 -1 -2 0 4 -6 -9 0 14 7 6 -4 0 5 -9 -6 -10 -9 -12 15 4 -3 1 -7 -8 10 12 3 -5 -1 -4 -2 -7 -18 -3 -11 0 -1 0 1 1 -9 -2 -5 4 8 5 3 19 0 -19 -15 -2 -2 0 -1 -2 -20 -13 -8 4 -14 10 9 11 -7 -12 10 -19 5 2 1 0 0 -3 0 0 2 -1 8 7 -1 2 2 1 0 -1 -1 -1 
3 -3 31 19 0 -2 4 3 0 0 -4 0 4 0 0 0 2 0 0 1 3 3 7 6 -6 -4 -4 -6 -18 -12 0 12 20 35 30 0 -2 -17 -16 -11 6 21 -15 7 -2 4 -6 0 6 -10 -3 0 -13 4 4 2 2 5 -3 -4 1 -17 -16 -2 -2 -9 6 21 11 -8 -3 -12 23 28 -12 13 2 -8 34 38 2 1 0 -26 0 7 1 0 0 0 2 2 1 0 -2 -12 0 -9 -2 0 0 0 -1 0 -1 
0 0 -6 -27 -9 8 -2 -6 0 0 -1 -1 -8 -4 -11 0 0 0 -3 4 4 4 6 3 5 5 -12 -19 -7 -2 -5 4 0 -4 -1 0 -15 16 12 2 20 -8 -17 9 -5 3 8 0 13 10 22 0 12 -21 -6 -14 -10 -12 1 0 14 7 11 12 4 -3 1 -4 2 -7 3 4 -11 -35 26 20 -19 -9 -22 6 -3 -14 -31 2 6 4 -1 -1 0 1 1 -1 -4 -5 -5 -10 17 4 1 0 0 1 0 -1 0 
-18 -12 -20 19 17 0 -1 -5 0 0 2 2 -8 9 7 1 -4 0 0 3 0 3 0 0 -6 -5 -1 -8 -8 5 13 -9 -5 -2 -8 8 8 0 -8 4 0 -3 -13 -26 -19 -7 -3 -7 -1 -2 -1 5 -7 -3 24 0 36 2 -2 5 -2 4 -12 7 15 0 -9 -4 -12 0 0 5 -8 23 8 -6 16 20 14 3 17 -8 14 5 2 1 3 10 -1 8 -4 1 -5 -14 -12 15 -11 2 -2 0 0 0 0 -1 -7 
2 4 6 13 0 4 7 0 1 0 -8 -1 3 0 8 4 -7 -4 -7 -12 6 0 -1 -1 0 0 8 6 -5 17 -9 -11 4 -20 12 9 -8 -9 -3 3 -18 -4 3 -2 16 2 5 -9 7 -12 7 4 1 -6 -13 2 -6 -20 -19 -18 -9 2 7 16 -2 -22 3 -1 -6 15 9 15 3 -16 7 12 -1 -10 -14 3 -16 3 -27 -3 5 -1 8 -13 -6 2 -12 -4 3 25 -8 14 0 6 1 1 1 -2 0 -2 -5 
10 -8 -23 -12 -22 -21 -20 -21 -12 -12 1 5 3 1 3 2 3 7 3 3 -4 1 -3 0 -12 -13 -1 -3 4 -11 -10 -1 20 1 0 8 21 -7 12 0 3 -1 2 -5 14 7 2 -3 -7 11 9 7 5 10 0 9 15 -2 12 -13 -2 15 9 -5 -19 -10 -1 8 -4 -2 -4 -12 -1 12 9 16 0 -33 -8 10 4 -5 -19 3 1 -7 -12 -9 -9 -12 4 -1 -4 0 -6 0 -3 -4 -2 3 -1 1 0 -3 -5 
0 11 0 17 5 12 5 15 31 20 0 0 0 0 0 -2 0 1 -10 1 -5 1 -1 -7 -2 -2 -3 2 4 3 -12 1 -18 15 -5 -11 -12 16 -25 -23 7 -8 -8 13 7 -19 -19 -7 2 14 -14 -15 5 -3 -6 0 16 2 -1 12 0 2 4 1 -5 21 10 3 0 -1 -5 -23 -14 -16 -21 -13 -21 16 40 34 3 -8 -2 8 0 5 0 15 -11 -6 6 9 0 5 -1 -2 6 -4 -1 3 3 0 0 -8 9 
0 -5 6 8 0 3 0 20 0 0 0 -2 -11 0 0 -1 0 0 -15 -2 3 4 8 8 0 2 -2 -14 -4 -10 -9 -11 6 6 -13 -10 2 -3 -16 -2 -3 -3 -6 2 -2 -1 -10 7 1 -7 -6 7 -17 -20 0 -8 -7 -9 -19 11 -10 -9 -14 9 11 5 -15 -8 -11 -6 3 0 0 16 18 -12 24 0 0 0 10 -9 20 3 4 7 -11 4 5 21 28 7 -8 -3 1 8 -7 2 1 -9 -13 -3 0 1 3 
-15 -12 0 1 1 0 -11 0 -6 0 -12 -3 -17 -4 -8 -4 -7 1 1 -4 -2 -16 0 -2 -3 -5 8 8 3 -2 -4 9 14 -16 -3 -2 3 -5 -4 -13 -5 11 9 10 -14 2 -16 2 21 -2 1 -10 -3 -3 1 -11 -18 -8 -14 12 -11 6 8 24 8 10 13 12 5 6 13 -17 0 -7 6 -14 -1 -19 -6 -11 0 -6 8 -3 0 -9 -2 0 12 -6 8 -13 6 3 -1 -3 17 3 0 8 -19 11 0 1 4 
1 4 -2 9 -13 -1 -12 10 -19 1 2 9 -17 -11 2 6 4 3 1 1 3 10 -7 -9 -10 3 -6 0 -6 -2 -2 -4 0 -5 1 16 26 -7 5 8 9 16 -11 -8 0 4 6 7 -16 -6 7 -2 11 -11 1 18 11 22 43 18 27 31 5 -3 -7 -8 -12 -1 -7 -14 -10 -7 -4 21 26 -28 -24 -13 -16 12 16 -5 0 0 -13 5 4 -6 -21 -12 -15 3 6 -17 -5 9 0 1 -9 -4 9 9 0 3 7 
-2 -11 -3 -11 6 13 -3 4 12 -6 3 0 -2 -2 4 8 8 3 1 2 1 -1 12 17 10 -9 3 -4 -7 2 0 0 14 15 -4 -4 -6 -6 3 4 8 3 12 3 0 6 -11 -36 -9 -1 -7 -3 -12 10 2 5 4 6 7 -9 -4 -13 -21 -11 -11 -5 12 16 7 5 -6 14 10 -3 -27 -25 39 18 -6 -1 -4 -5 2 8 2 -16 15 2 -6 18 32 4 2 15 0 -6 1 5 -6 3 6 0 3 -8 -24 
-2 1 6 9 12 7 0 -10 -5 -7 -3 10 2 7 7 3 0 0 0 1 1 2 -2 2 6 9 17 6 2 -4 -4 -24 -9 -12 0 5 0 -1 9 4 -8 13 1 -7 -5 -16 -29 -12 10 2 10 -10 -1 0 -2 4 -7 2 2 6 -15 -9 5 5 20 1 -10 0 0 7 0 -18 1 7 37 14 -25 -29 8 -10 -9 19 3 -11 5 -4 -16 29 5 8 -12 0 -15 1 -4 0 1 0 8 -5 -3 -2 -19 -8 11 
3 -4 8 7 0 -12 6 6 -10 -2 -5 5 3 9 0 0 0 -3 0 0 0 0 0 2 0 2 0 0 0 -5 10 3 -3 1 8 0 -11 -1 -7 2 3 3 -14 -1 -2 17 9 29 26 16 20 -6 3 4 12 8 3 3 0 0 8 -3 9 10 0 -1 -3 -2 -14 -1 -10 -10 22 19 -20 -34 -13 0 -6 -25 27 21 0 7 -34 -29 -3 -23 -20 3 3 -4 17 8 -19 22 -2 1 -9 11 1 -2 -15 14 31 
14 3 1 2 6 1 -12 -14 11 9 12 11 8 -3 0 7 -2 1 7 -4 -2 -2 0 0 0 -2 -4 0 0 0 -5 10 -16 6 -20 0 -9 10 -1 7 4 6 -8 10 7 10 0 0 0 0 -3 -1 0 6 12 0 -3 -3 -6 -16 -12 -2 11 -13 -38 2 -11 -5 -17 -18 4 14 10 -19 -15 -9 -11 -11 20 28 22 -21 0 -5 20 23 10 -7 17 8 -4 13 22 -25 -7 17 -6 -18 -6 -10 -25 0 13 0 -15 
-6 0 -10 -2 2 0 12 19 6 0 0 0 0 -6 -4 0 1 -2 -9 -1 7 2 0 -3 -1 -4 7 -6 -20 -20 9 0 2 17 26 3 9 -10 -15 -12 3 10 -9 -3 -9 -17 -7 -8 -21 -10 -4 -5 1 -7 -11 -17 -5 6 -13 -17 9 8 1 -5 -3 11 -11 1 11 7 23 13 0 -4 4 18 26 40 35 6 0 -4 38 -13 1 -15 0 7 21 17 13 13 -33 -19 19 -15 -9 -2 0 -15 6 -2 -5 0 -3 
