0 0 0 1 1 1 2 -2 1 -1 -1 -1 0 0 1 0 0 0 0 0 0 0 0 0 0 0 0 1 0 0 0 0 0 0 0 0 0 0 0 -1 0 0 0 0 0 -1 0 0 0 0 0 1 0 0 0 0 1 0 0 1 0 0 0 0 0 0 0 0 0 0 0 -1 0 0 0 0 0 0 0 0 0 0 0 0 0 0 0 0 1 0 0 0 0 0 0 0 1 0 0 0 0 0 0 0 0 
0 0 0 0 0 0 0 0 0 -1 0 0 0 0 0 0 0 0 0 0 0 0 0 0 0 0 0 0 0 0 0 0 0 0 0 0 0 0 0 0 0 0 0 0 0 0 0 0 0 -1 0 0 0 0 0 0 0 -1 0 0 0 0 0 0 0 0 0 0 1 0 0 0 0 0 0 0 0 0 0 0 0 0 0 0 0 0 0 -1 1 0 0 0 0 0 0 0 0 0 0 0 0 0 0 0 0 
0 0 0 1 0 0 0 0 0 0 0 0 1 0 1 1 0 -1 0 0 0 0 0 0 0 0 0 0 0 0 0 0 0 0 0 0 0 1 0 0 0 0 -1 1 0 0 0 -1 0 0 -1 0 1 0 -1 0 0 1 0 0 0 1 1 0 0 0 0 0 0 0 0 0 0 0 0 0 0 0 0 -1 0 0 1 0 0 0 1 0 -1 -1 0 0 0 0 0 0 0 0 0 0 0 0 1 0 0 
0 0 0 0 0 0 1 0 0 -1 0 0 0 -1 0 0 0 0 0 0 0 0 0 0 0 0 0 0 0 0 0 0 0 0 0 0 0 0 -1 0 0 0 0 0 0 0 0 0 0 0 0 -1 0 0 0 0 0 0 0 -1 0 0 0 0 0 0 0 0 1 0 0 0 0 1 0 0 -1 0 0 0 0 0 0 0 0 1 0 0 1 0 0 0 0 0 0 0 1 0 0 0 0 0 -1 0 0 
2 0 0 0 0 0 0 -1 0 0 0 1 2 0 0 1 0 -1 0 0 0 0 0 0 0 0 0 0 0 0 0 0 0 0 0 0 0 0 1 1 1 0 -1 0 0 1 0 -1 0 0 0 0 1 0 0 0 0 -1 0 1 1 0 0 0 0 0 0 0 0 0 0 0 0 0 0 0 0 1 0 0 0 0 0 0 -1 0 0 0 0 0 0 0 -1 0 0 0 -1 -1 0 0 0 0 0 0 0 
0 1 0 0 0 0 1 -1 -1 -1 0 0 0 0 0 1 0 0 1 0 0 0 0 0 0 0 0 0 0 0 0 0 0 0 0 0 0 0 1 0 0 -1 1 0 0 1 0 0 0 0 0 0 -1 0 -1 0 1 0 0 -1 0 0 0 0 0 0 0 0 0 0 -1 0 0 -1 0 0 0 -1 0 0 0 0 -1 -1 0 1 0 0 0 0 0 0 1 0 0 0 -1 0 0 0 0 0 0 0 0 
-1 0 0 0 0 0 -1 -1 -1 0 1 1 0 0 0 -1 1 0 0 0 0 0 0 0 0 0 0 0 0 0 0 0 0 0 0 0 0 0 0 0 0 1 0 0 -1 -1 0 0 0 0 0 1 0 0 0 0 0 -1 0 0 -1 0 0 0 0 0 1 0 0 0 0 0 0 0 0 0 0 0 -1 0 0 0 0 0 1 0 0 1 0 0 0 0 0 0 0 0 0 0 0 0 0 0 0 0 0 
-1 0 -1 1 0 0 0 0 -1 -1 -1 0 1 0 -1 0 0 0 -1 0 0 0 0 0 0 1 0 0 0 0 0 0 0 0 0 0 0 1 1 0 0 0 1 0 0 1 0 -1 0 1 0 0 0 0 0 0 0 0 0 -1 0 0 0 0 0 0 -1 0 0 0 0 0 0 0 0 -1 0 1 0 -1 0 0 0 0 0 0 1 0 0 0 0 0 1 0 0 0 -1 0 0 0 0 0 0 0 0 
0 0 0 -1 0 0 1 0 0 1 0 0 -1 -1 1 0 1 0 0 0 0 0 0 0 0 0 0 0 0 0 0 1 0 0 0 0 0 0 0 -1 0 1 1 0 0 0 0 0 0 0 0 1 -1 0 0 0 1 0 0 -1 0 0 0 0 0 0 0 0 0 0 0 0 0 0 0 0 0 0 0 -1 0 0 0 0 1 0 0 0 0 0 0 0 -1 0 0 0 -1 0 0 0 0 0 0 0 0 
0 0 0 1 0 0 0 0 0 0 0 1 1 0 0 1 0 0 -1 0 -1 0 0 0 0 0 1 0 0 0 0 0 0 0 0 0 0 0 0 0 0 0 0 0 0 1 0 -1 0 -1 0 0 1 0 0 0 -1 0 1 1 0 0 0 0 0 0 0 0 0 0 0 0 0 1 0 0 0 0 1 1 0 0 0 0 -1 -1 0 -1 0 1 0 0 0 0 0 0 0 0 0 0 0 0 0 0 0 
0 0 8 4 3 1 2 0 0 0 0 0 -1 1 1 -1 0 -2 -1 0 0 0 0 0 0 0 0 0 0 0 0 0 0 0 0 0 0 0 -1 -1 0 0 0 0 0 0 0 0 0 1 -1 0 -1 0 -1 0 0 0 -1 -1 0 0 0 0 0 0 0 0 0 0 -1 0 -1 0 0 0 0 0 0 1 1 0 -1 -1 0 0 0 0 0 0 0 0 0 0 0 0 1 0 0 0 0 0 0 0 1 
5 11 -6 8 23 6 1 0 1 0 0 0 1 -1 0 0 0 1 0 -1 -1 0 0 0 1 -1 1 0 0 0 1 0 0 0 0 0 0 0 0 0 0 0 0 0 -1 0 0 0 0 0 1 0 0 0 0 0 0 0 1 0 0 0 0 0 0 0 0 0 0 0 1 0 1 0 0 0 0 1 0 0 1 0 1 1 0 0 0 0 0 1 0 0 0 0 0 0 0 0 -1 0 0 0 0 0 0 
-7 0 12 3 13 34 0 3 3 0 0 0 0 -1 -1 0 0 0 -1 0 1 0 0 1 -1 1 0 0 0 0 -1 0 0 0 0 0 0 0 0 0 0 0 0 0 0 0 0 1 0 0 1 0 0 0 0 -1 0 1 0 0 1 0 0 0 0 0 0 0 0 0 0 0 1 0 0 0 0 0 0 0 0 0 1 0 -1 -1 0 0 0 0 0 -1 0 0 0 0 0 0 0 0 0 0 0 0 0 
0 -4 3 -6 -33 0 24 -2 0 0 0 0 0 0 0 0 0 -1 0 1 0 0 0 0 0 0 -1 0 1 0 0 0 0 1 0 0 0 0 0 0 0 0 0 0 0 0 1 0 0 0 0 0 -1 0 -1 0 0 0 1 -1 0 -1 0 0 0 0 0 0 0 0 0 -1 0 1 0 0 -1 0 0 0 1 0 0 0 0 0 1 0 0 0 1 0 0 0 0 0 -1 0 0 0 0 0 0 0 0 
6 6 -6 -12 0 -30 -16 0 2 0 6 3 1 -1 0 0 0 0 0 0 0 0 -1 0 0 0 0 0 0 0 0 -1 0 0 0 0 0 0 0 0 0 0 0 0 0 0 0 0 0 0 0 0 1 1 0 0 0 0 0 0 0 1 1 0 0 1 0 -1 0 0 1 0 0 0 1 -1 0 0 0 1 0 0 1 1 1 0 0 1 0 0 0 0 0 0 0 0 0 0 0 0 1 0 0 0 0 
-1 -7 3 0 3 -5 -2 -1 -19 -9 -3 17 0 0 0 0 0 -1 -1 0 0 -1 0 0 0 0 -1 1 -1 -1 0 0 0 0 0 1 0 0 0 0 0 0 0 0 1 0 0 0 0 0 -1 1 -1 -1 0 1 0 0 -1 0 0 -1 0 0 0 0 0 1 0 0 -1 0 0 0 0 0 0 1 0 -1 0 0 -1 -1 1 1 1 0 0 0 0 1 0 0 0 0 -1 0 0 0 -1 0 0 0 0 
1 -3 -2 -7 -4 -7 -1 -6 -4 -1 -3 -6 -1 0 0 0 0 -1 0 -1 -1 0 0 0 0 0 0 0 1 1 0 0 0 -1 0 0 0 0 0 0 0 0 0 0 0 0 -1 0 0 0 0 1 0 0 0 0 0 0 1 1 0 0 0 1 0 0 0 0 0 0 0 0 1 0 0 0 1 -1 1 1 0 0 0 0 0 0 -1 0 0 0 1 -1 0 0 0 0 0 0 0 0 0 0 0 1 1 
-13 0 1 1 1 -1 0 5 1 -1 0 0 0 0 0 0 0 -1 -1 0 0 0 -1 0 0 1 0 0 0 -1 0 0 0 1 1 -1 0 0 0 0 -1 0 0 1 0 0 0 -1 0 0 0 0 0 0 0 1 0 0 1 -1 0 0 0 0 0 -1 -1 0 0 0 -1 0 0 0 1 0 0 0 0 -1 0 0 -1 0 0 0 1 0 0 0 0 1 0 0 0 0 0 1 1 0 0 0 0 0 0 
0 0 -1 0 0 0 -1 4 0 0 0 0 0 0 0 0 0 0 0 0 0 -1 0 0 -1 0 0 1 0 1 0 0 0 0 -1 0 0 0 0 0 0 0 0 0 0 0 -1 -1 1 0 0 1 0 0 0 0 0 0 0 0 0 -1 1 0 0 0 0 1 0 0 0 0 0 -1 1 0 0 0 0 0 1 0 0 0 1 0 0 0 0 0 0 0 0 0 0 0 0 -1 0 0 0 0 0 0 0 
1 -1 0 0 0 0 0 -3 -2 0 0 0 0 0 0 0 0 0 0 0 2 0 0 0 0 0 -1 -1 0 0 0 0 0 -1 0 0 0 0 0 0 0 0 0 0 0 0 0 1 1 0 0 0 0 0 0 0 0 0 1 0 0 0 0 0 0 0 0 -1 0 0 0 0 0 0 -1 -1 0 0 0 0 1 0 0 0 0 1 0 0 0 0 0 0 0 1 0 0 0 0 0 0 0 1 0 0 0 
-2 0 0 0 1 2 6 12 0 -1 0 0 0 0 0 -1 0 0 0 0 0 1 0 0 0 0 1 1 -1 0 0 0 0 0 0 1 0 0 0 -1 0 0 0 0 0 0 0 0 0 0 0 0 0 0 0 0 0 1 0 1 0 0 0 0 0 0 -1 0 0 0 0 1 0 1 -1 0 0 0 0 0 0 0 0 0 0 0 0 0 0 0 -1 0 0 -1 0 0 1 0 1 0 0 0 0 0 0 
-2 0 0 4 1 -1 4 3 -4 0 -1 0 0 0 0 0 0 0 0 -1 1 0 0 1 -1 0 1 0 0 0 0 0 0 0 0 1 0 0 0 0 1 0 0 0 0 0 0 0 0 0 0 0 0 0 0 0 0 0 0 0 -1 0 0 0 0 0 0 0 0 0 0 -1 0 0 1 0 -1 0 0 -1 -1 1 -1 0 0 0 0 1 0 0 0 0 0 0 1 0 0 0 -1 0 -1 -1 1 0 0 
1 0 0 0 3 0 0 -18 0 0 0 0 1 0 0 1 0 0 0 0 1 0 1 0 1 -1 0 0 1 0 0 0 0 1 1 -1 0 0 0 0 1 0 1 0 0 0 0 0 0 0 0 0 0 0 0 1 0 0 0 -1 1 0 0 1 1 -1 0 0 0 0 0 0 1 0 1 1 0 1 0 0 1 0 0 0 0 0 0 -1 0 0 -1 0 0 0 0 -1 0 0 -1 0 0 0 0 0 -1 
0 -2 0 8 1 0 -11 -1 -1 1 0 0 0 0 0 0 0 0 0 0 0 0 -1 0 0 0 0 0 0 1 0 0 -1 0 -1 0 0 1 0 0 0 0 -1 0 0 0 0 0 0 0 0 0 0 0 0 0 0 1 0 0 0 1 1 0 0 0 1 1 0 0 0 -1 0 0 0 0 1 0 1 1 0 0 0 0 1 1 0 0 1 0 1 0 0 0 0 1 0 0 0 1 -1 1 1 0 0 
-5 -2 2 -1 0 3 1 0 0 0 0 0 1 0 0 0 -1 0 1 0 -1 0 1 0 0 1 -1 0 0 0 0 0 1 -1 0 1 -1 -1 1 0 1 -1 0 0 0 0 0 1 0 0 0 0 0 -1 0 0 0 0 1 0 0 0 -1 0 0 0 0 -1 0 0 0 0 0 0 0 0 0 0 1 0 1 0 0 0 0 0 0 1 1 1 0 0 1 -1 0 0 0 0 -1 0 -1 0 0 0 1 
3 0 -2 0 -2 -1 1 -1 0 0 -1 -1 0 0 0 0 0 0 0 0 0 0 0 0 0 0 1 1 0 -1 0 0 0 0 0 1 1 0 0 0 0 0 1 0 0 0 0 0 0 0 0 0 0 0 0 0 0 1 0 0 1 1 1 1 0 -1 0 0 0 -1 0 0 0 0 0 0 1 -1 -1 0 0 1 0 0 0 0 0 0 -1 0 0 -1 -1 0 0 0 0 0 0 0 0 0 0 0 0 
11 -3 0 -4 -2 0 0 1 0 -1 0 0 0 -1 1 0 0 0 0 0 0 0 0 0 0 1 0 0 0 0 0 1 0 -1 0 0 -1 0 0 0 -1 0 0 0 1 1 -1 1 0 0 0 1 1 0 0 0 0 0 0 0 0 0 0 0 -1 0 0 1 0 0 0 0 0 0 0 0 0 1 0 1 1 1 0 0 0 0 0 1 1 1 1 0 0 -1 0 1 0 0 0 -1 -1 -1 -1 0 1 
-9 0 0 -1 0 -1 0 -1 1 0 1 1 0 -1 0 0 1 0 0 0 0 0 0 0 0 1 0 1 0 1 1 0 0 1 -1 -1 0 -1 0 1 0 0 0 0 0 0 0 0 0 0 0 0 0 0 0 0 0 0 0 0 0 0 0 0 0 0 0 0 0 0 0 0 0 0 -1 -1 0 -1 -1 -1 1 1 0 -1 -1 1 0 -1 -1 -1 -1 0 0 1 0 0 0 1 0 1 0 1 -1 0 1 
0 0 3 0 0 0 1 0 0 2 3 0 1 0 1 1 -1 -1 0 2 0 0 0 0 0 0 0 0 0 -1 1 0 0 -1 0 0 -1 1 1 0 0 1 -1 0 -1 0 1 0 0 1 0 1 0 0 0 0 0 0 0 0 0 0 0 0 0 0 -1 0 0 0 0 0 0 0 1 0 0 0 1 0 -1 0 0 0 0 -1 0 0 0 0 1 0 0 0 0 -1 0 0 1 0 0 -1 0 0 0 
1 1 0 1 0 0 2 0 7 -1 3 4 0 3 0 3 1 0 2 -1 0 0 0 0 0 0 0 0 0 1 0 0 0 -1 1 0 0 -1 0 0 2 1 1 0 0 1 0 0 0 0 0 1 0 0 0 0 -1 0 0 0 0 0 0 0 0 0 1 0 0 0 0 0 0 -1 0 0 0 0 0 0 -1 0 -1 -1 0 1 0 1 0 0 0 0 1 0 0 0 0 1 0 0 1 0 0 0 1 
1 0 3 -1 0 1 -1 0 -1 2 3 3 1 3 3 5 1 0 -1 0 0 0 0 0 0 0 1 0 0 0 0 1 0 0 0 0 0 0 0 0 -1 0 1 0 0 1 1 0 0 1 0 -1 0 0 0 -1 1 0 0 0 0 0 0 0 -1 0 0 1 0 -1 0 0 0 0 0 0 0 1 0 0 1 0 0 1 0 0 0 0 -1 -1 0 0 -1 1 0 0 1 0 1 0 0 0 0 -1 0 
2 1 -2 -2 0 2 0 0 2 0 -4 0 3 3 11 4 -3 2 0 -1 0 0 0 0 0 0 0 0 0 0 0 1 0 -1 0 0 0 0 -1 0 0 0 -1 1 0 0 0 1 0 0 0 0 0 0 0 0 0 0 1 1 0 0 0 0 0 0 -1 0 -1 1 0 0 0 0 0 0 0 0 0 0 0 0 0 0 0 0 0 1 0 1 0 0 1 0 1 0 1 0 0 1 0 0 0 0 -1 
0 -2 0 2 0 -2 1 -2 -6 0 6 1 3 -1 0 -6 -2 -2 -2 0 -1 0 0 0 0 0 0 0 0 0 0 0 0 0 0 0 1 -1 0 0 0 0 0 0 0 1 0 0 0 0 1 0 0 1 0 -1 0 0 0 0 0 0 0 0 0 0 0 0 0 -1 0 0 0 0 0 0 0 0 0 -1 0 0 0 0 0 -1 0 -1 0 0 0 0 1 0 1 0 0 0 -1 0 0 -1 0 0 1 
-1 2 -1 0 0 -1 0 3 0 -5 -2 0 9 0 -4 -2 -2 1 0 1 0 1 0 0 0 0 0 0 0 0 0 0 0 0 0 0 0 1 0 0 0 0 0 0 0 -1 2 0 0 1 0 0 0 -1 0 0 0 0 0 0 0 0 0 0 0 0 0 0 0 0 0 0 0 0 0 0 0 0 0 0 0 0 -1 0 0 0 0 0 0 0 0 0 0 1 0 0 0 0 0 0 0 0 0 0 0 
2 0 0 2 2 1 1 0 3 3 -6 3 0 -9 -2 0 1 0 0 2 2 1 0 2 0 0 1 0 1 0 0 0 0 0 0 0 0 0 0 0 1 1 0 1 0 0 0 0 0 0 0 0 0 0 0 0 -1 0 1 0 0 0 0 0 0 0 1 0 0 0 0 0 0 0 0 0 0 0 0 0 0 0 1 1 0 0 -1 0 0 -1 0 0 0 0 0 0 0 0 0 0 0 0 0 0 0 
-2 0 -2 2 5 -1 -1 -1 4 -3 2 -1 5 0 4 2 1 1 3 3 2 0 0 0 1 0 2 0 0 0 1 0 0 0 0 0 0 1 0 0 -1 0 0 1 0 0 -1 0 0 0 0 0 0 0 0 0 1 1 0 1 0 0 1 0 0 0 0 0 0 0 0 0 1 0 0 0 0 0 0 -1 0 0 0 0 0 0 1 0 0 0 0 0 0 0 0 0 0 0 0 0 0 0 0 0 0 
1 1 0 2 -4 2 0 7 3 0 -9 -6 -9 20 1 3 3 6 3 21 15 5 8 4 0 1 0 2 3 5 2 0 0 0 0 0 0 0 0 0 1 0 0 -1 0 0 1 0 0 0 0 0 0 -2 0 0 0 0 1 0 0 -1 0 0 0 0 0 1 0 0 0 0 0 0 0 0 0 0 0 0 0 0 0 0 0 -1 0 0 0 0 0 0 0 0 0 0 0 0 0 0 0 0 0 0 0 
0 0 -1 -1 0 0 -4 0 3 0 0 -9 -1 -25 0 5 1 -1 -2 0 10 8 -3 -2 0 1 4 2 -2 0 3 3 1 0 0 0 0 0 0 0 0 0 0 1 0 1 0 0 0 0 0 0 0 1 0 -1 0 1 -1 1 0 0 0 0 0 0 -1 0 0 0 0 0 0 0 0 0 0 0 1 0 0 0 0 0 0 0 0 0 0 1 0 0 0 0 1 0 1 0 0 0 1 0 0 0 0 
-1 -1 -2 0 1 3 4 -1 0 -3 -7 -1 0 0 0 -6 -6 2 0 -27 0 19 26 0 -1 -3 0 -3 0 -6 0 0 1 0 0 0 0 0 0 0 0 0 0 0 0 0 0 0 0 0 1 0 1 0 0 1 1 0 0 0 0 1 0 0 0 0 0 0 0 0 0 0 1 0 0 0 0 0 -1 0 0 0 0 0 0 0 0 0 0 0 0 0 0 0 0 0 1 0 1 0 0 0 0 0 0 
0 0 0 0 -1 -2 -2 0 -5 -2 -3 0 0 -1 -10 -1 5 0 4 9 -8 -14 0 8 0 -2 -1 0 -1 1 0 0 0 0 0 1 0 0 0 0 0 0 0 0 0 0 0 0 0 1 1 0 0 1 0 -1 -1 0 1 0 0 0 0 0 0 0 0 0 0 0 0 0 -1 0 0 0 -1 0 1 0 0 -1 0 0 0 0 0 0 0 0 0 0 0 0 0 1 0 0 0 0 0 0 0 0 0 
1 0 1 1 -1 4 2 0 -1 -2 0 -5 -1 -1 -5 -4 -5 -6 -5 -18 -33 18 -4 -1 6 0 1 0 1 -1 -1 2 0 0 1 0 0 0 1 1 0 0 -1 0 1 0 -2 4 2 3 7 7 2 0 -1 0 1 0 -1 0 0 0 0 0 1 0 0 -1 0 -1 0 0 0 0 0 0 0 1 0 0 0 0 1 0 0 0 0 0 0 0 0 0 0 0 0 0 0 0 0 -1 0 1 0 1 0 
0 1 1 0 -1 -1 -3 2 1 0 0 0 -5 0 1 1 -1 5 -2 -6 0 -5 -1 2 -4 0 0 0 2 1 -2 5 19 3 2 0 1 1 0 0 0 0 1 2 7 0 11 1 0 -1 -10 -4 22 1 0 0 0 1 0 0 0 1 0 0 0 0 0 0 1 0 0 0 1 0 1 1 -1 0 0 0 0 0 0 0 0 0 0 0 0 0 0 0 0 0 0 1 -1 0 0 0 0 0 0 1 0 
2 1 2 6 0 0 1 0 0 0 1 1 -3 -2 0 -1 0 8 5 0 2 -1 0 -1 0 0 7 1 4 0 0 -13 4 5 0 13 10 0 1 0 0 1 4 15 0 2 -2 -13 11 0 4 -8 8 12 0 0 0 1 0 0 1 1 0 0 0 -1 -1 -1 0 0 0 0 0 0 -1 -1 0 0 0 0 0 0 1 0 0 0 0 0 1 0 0 0 0 0 0 0 0 0 0 0 0 0 0 0 0 
2 -1 46 0 17 3 2 2 0 2 1 1 1 0 0 0 1 -8 0 1 1 1 1 0 10 21 16 12 0 -1 0 -1 -7 0 -17 -21 6 17 0 3 6 1 -6 0 -10 3 12 15 0 12 -5 -5 -21 0 0 1 0 0 0 0 0 -1 0 0 1 0 0 2 0 0 0 0 0 1 1 0 0 1 0 0 0 0 0 0 0 0 1 0 -1 0 0 0 0 0 0 0 0 -1 0 0 0 0 0 1 0 
0 -2 0 129 61 25 5 0 3 2 2 2 0 1 2 1 3 0 2 0 0 4 0 30 9 7 -29 0 1 0 -1 0 0 2 2 1 -4 0 11 4 19 11 0 14 8 -11 1 0 -11 -1 6 0 0 -1 0 -1 0 0 0 0 0 0 0 0 0 0 0 0 0 0 1 1 0 1 0 1 -1 0 0 0 1 0 0 -1 0 0 -1 1 1 0 1 0 0 0 0 1 -1 1 0 0 -1 0 1 0 1 
8 -38 92 3 109 56 18 59 6 3 2 1 0 1 1 0 -4 -2 2 5 2 -7 2 -5 -7 10 0 7 5 4 7 0 9 17 13 3 0 4 -9 -11 -13 0 -14 -10 15 0 0 -4 8 11 -2 0 0 0 0 0 0 0 0 0 0 0 0 0 0 0 0 0 1 -1 1 0 -1 0 0 0 1 0 0 1 1 -1 0 0 1 1 0 0 0 0 0 1 1 0 1 -1 0 1 0 0 2 1 0 1 1 
-45 81 -19 -8 3 22 67 80 45 4 2 0 1 0 0 0 0 1 0 -1 -4 3 -9 0 -9 -10 8 16 12 3 2 6 6 5 7 7 5 1 1 4 5 4 7 6 1 1 1 -4 0 -6 2 -1 -1 -1 0 -1 0 0 0 0 0 0 0 0 0 0 0 0 0 0 -1 0 -1 -1 1 0 1 0 0 0 1 0 0 1 0 -1 1 0 0 1 0 0 0 0 1 2 -1 0 0 1 -1 1 0 0 -1 
84 17 -9 12 0 2 1 -3 2 0 2 5 2 2 0 1 2 1 0 0 0 0 -3 -3 0 -13 -29 -13 -5 0 -1 -17 -2 -9 0 4 9 2 24 0 19 21 16 -8 0 -1 -8 -14 0 0 -2 0 -1 -1 0 0 0 0 0 0 0 1 1 0 0 0 0 0 0 0 0 0 0 1 0 0 1 0 -1 1 0 1 0 0 0 1 0 0 0 0 0 1 -1 0 0 -1 1 -1 0 1 1 0 0 0 0 
-13 9 21 0 1 1 -10 0 0 90 88 19 21 0 3 3 2 3 0 2 2 3 10 0 5 4 2 -5 0 0 6 6 -3 0 -10 -12 7 32 0 -6 -39 -2 -23 0 1 -3 -2 -5 0 -6 -1 0 0 0 0 1 1 0 0 1 1 -1 0 0 0 0 1 0 0 0 0 0 0 0 0 0 0 0 0 0 0 -1 0 1 0 0 0 0 0 0 0 1 2 0 1 0 0 1 0 0 0 0 0 0 0 
-31 6 0 -2 2 2 9 0 7 -3 50 48 0 97 50 3 28 0 18 15 3 74 0 120 107 33 43 0 1 -4 -3 16 0 9 2 -2 -17 0 -25 -3 -19 1 0 -7 -2 -5 -1 0 0 0 1 0 0 0 0 -1 0 0 2 0 0 0 0 0 1 -1 1 0 -1 0 0 0 0 0 0 0 0 0 0 -1 -1 0 0 -1 0 0 -1 0 1 0 0 0 0 0 0 -1 0 0 0 0 0 0 0 0 0 
2 0 18 7 3 1 0 3 -9 1 2 0 19 17 154 92 0 89 84 124 108 0 12 13 73 29 0 97 81 36 -4 0 -1 3 10 7 0 2 1 0 0 0 0 0 0 1 0 0 0 0 0 0 0 0 0 1 0 1 0 1 0 0 0 0 0 0 0 0 0 -1 1 0 0 0 0 0 0 0 0 1 0 0 0 0 0 0 1 0 0 0 0 -1 1 0 0 1 0 1 0 -1 1 0 1 0 1 
-2 10 2 2 0 0 -14 10 -4 3 0 0 0 0 -4 -10 -4 -3 9 -2 3 11 -2 3 9 6 2 -17 18 16 35 -6 -10 -20 -10 4 2 8 8 3 1 2 1 1 0 0 1 1 1 0 0 0 0 0 0 0 0 0 0 0 1 0 0 0 1 1 1 0 0 0 0 0 0 0 0 0 0 1 0 0 0 0 0 0 1 0 0 0 0 1 0 0 0 0 0 0 0 0 0 0 -1 2 0 0 0 
0 -6 -4 -20 0 -32 -12 -13 2 0 -3 2 3 0 0 4 -12 -3 -14 0 1 25 -2 1 0 -1 -3 17 5 0 33 44 4 4 0 -11 -12 -15 -11 0 4 3 2 1 0 0 1 0 1 0 0 0 1 0 0 1 2 1 0 0 0 1 1 0 0 0 0 1 0 0 1 -1 0 0 0 1 1 1 0 0 0 0 0 0 0 0 1 0 0 0 0 0 0 0 0 -1 0 0 0 1 0 0 1 6 3 
-21 2 -1 0 3 26 18 33 0 0 3 0 -2 0 3 9 4 5 0 4 2 -3 14 -5 0 1 12 -3 8 29 15 62 76 11 2 2 0 2 0 -4 -1 4 4 0 10 7 1 3 0 1 1 0 1 0 1 3 2 2 0 1 1 4 7 0 0 1 1 1 0 0 1 1 1 0 1 0 -1 1 0 0 0 0 1 0 0 0 0 0 0 0 1 0 1 0 1 -1 0 2 1 0 -1 2 6 10 18 
14 -30 0 24 18 14 3 0 0 2 1 0 0 0 2 7 -2 2 7 0 0 3 0 1 7 0 2 6 5 2 0 0 49 145 52 0 6 2 4 4 0 -5 3 1 -15 17 14 0 21 11 8 7 0 7 0 -1 0 0 2 1 0 9 0 41 11 0 2 0 1 2 0 1 0 0 0 0 1 0 1 0 0 1 0 1 0 1 1 0 0 -1 0 0 0 1 0 1 0 0 1 0 3 5 33 44 0 
32 0 21 0 0 -2 0 3 -1 -1 0 1 9 1 -4 0 4 4 -2 3 -3 -3 -2 13 4 -5 1 2 -2 -1 1 3 -2 11 52 82 70 28 26 5 3 0 -10 -10 1 -9 4 9 -5 11 -11 0 -7 -3 -2 4 0 0 0 1 1 0 -8 -17 23 32 0 5 4 5 2 0 1 1 0 0 0 0 0 1 0 0 1 0 1 0 0 -1 1 0 1 0 0 0 0 4 1 1 0 2 26 42 11 0 10 
-1 -11 0 0 -3 -3 -3 -11 -1 -2 -2 2 -27 0 -2 -23 -8 0 0 0 3 -1 -6 0 0 10 6 -7 0 3 4 1 5 0 -1 2 43 91 0 117 149 59 30 0 3 5 -14 -11 0 -8 -2 -4 1 1 1 22 23 19 7 2 -1 6 -5 -6 9 -29 36 23 5 -1 2 0 0 0 0 0 0 1 1 0 -1 1 0 1 0 0 0 1 0 0 0 1 1 1 1 -14 -4 0 7 53 52 1 0 -11 -11 
29 -1 -2 8 0 14 43 0 1 1 -3 0 0 -12 -2 -10 -3 0 -2 -10 1 7 0 0 -2 3 -10 0 11 5 6 0 0 1 1 1 -15 0 3 0 14 30 0 98 167 19 20 0 2 2 1 1 0 0 -5 10 17 0 21 17 1 -9 -11 6 -15 41 13 20 46 20 1 3 1 0 0 0 0 0 1 0 1 0 0 1 0 0 0 1 0 0 1 1 0 1 -1 15 24 9 27 19 -34 -16 -12 0 -24 
26 -4 -21 0 -16 -2 0 4 -1 4 4 0 -22 11 0 2 0 18 3 14 0 0 7 -5 1 -21 0 -6 7 5 -6 0 -6 5 1 -1 0 -20 6 5 6 0 -1 4 16 138 0 17 2 1 1 0 1 0 0 -17 0 11 -12 -10 6 0 0 0 12 -19 -7 1 0 -9 29 3 6 0 2 2 1 0 0 0 0 0 1 0 0 3 1 1 0 2 5 4 9 0 6 -12 -18 7 0 -24 11 29 43 20 27 
0 0 0 -11 -4 0 -21 1 0 0 0 -6 33 19 6 0 -12 -25 -9 0 0 -2 4 14 24 0 -8 5 4 0 0 -6 0 -19 -1 0 34 11 -8 -4 0 -27 -2 8 4 0 120 56 29 3 0 3 0 2 0 0 -21 -10 40 14 0 31 40 39 10 -33 -66 0 -39 -19 44 72 0 29 5 2 9 0 6 1 0 -1 0 0 -1 1 3 0 0 7 6 22 0 58 27 31 59 0 58 27 33 4 37 25 0 
-8 -31 -32 -2 -2 9 24 15 0 1 -8 4 -1 -9 -2 0 -19 0 -7 13 -16 6 5 4 0 -7 7 4 -33 -12 -10 18 10 19 2 2 0 18 5 -1 10 28 8 2 6 -3 4 108 56 28 4 1 2 0 0 0 -21 -10 -6 1 17 40 51 6 38 -18 8 -28 -13 -60 -43 0 6 -11 30 28 0 44 8 7 2 0 0 0 1 0 0 -2 -2 0 14 0 -3 -5 -6 0 0 -6 -8 -24 -3 0 -3 -5 -10 
-1 1 0 0 16 0 1 3 0 0 -1 -6 1 0 -15 -9 14 0 0 8 24 21 -7 0 0 0 2 -5 0 36 4 8 -14 1 0 5 2 1 3 5 -4 6 -4 -9 3 12 -5 0 39 61 103 3 2 2 2 2 -5 -10 3 22 14 15 -5 9 3 63 45 38 9 15 30 -5 -28 -49 -21 -16 -28 19 68 21 8 1 1 1 0 0 0 1 -3 -2 0 -9 -7 -9 6 0 3 -2 -6 10 0 19 -8 -8 -4 
9 35 0 0 -28 -22 -10 0 0 3 -3 1 0 -16 -30 27 -9 0 10 18 15 0 0 -1 -24 -8 4 0 -20 -31 -15 6 0 11 1 -5 0 0 1 3 -2 -18 0 8 -7 6 15 0 4 26 70 147 0 4 4 2 1 0 -1 -8 13 0 0 2 12 30 17 0 22 50 22 45 0 2 7 4 11 -11 -11 36 11 2 1 0 -1 1 1 2 1 -4 6 -12 -3 15 0 6 1 -2 -4 -7 8 -7 -10 -1 -6 
-17 0 -5 -13 3 20 0 -18 -13 -16 -10 0 16 6 20 23 0 -8 -5 -11 -7 0 13 -12 2 -18 0 15 7 12 9 0 -4 -6 -2 -1 0 0 -5 0 13 0 -18 -3 6 5 0 3 2 0 8 0 132 105 23 29 0 6 -1 -19 -23 0 -16 -5 5 -15 0 3 4 18 31 0 50 43 37 63 0 13 9 -19 -3 0 3 0 1 2 1 2 0 1 -13 -7 3 0 2 18 -5 -1 0 -1 -15 -6 -5 0 -14 
0 -4 -6 -6 -25 0 5 -5 8 -6 0 3 1 -18 7 0 -4 4 19 16 0 -11 5 28 7 0 4 -1 4 0 0 -10 -21 -22 8 0 -6 -2 -4 1 0 17 -10 25 11 0 -3 0 1 0 0 1 2 37 43 0 127 74 21 -9 0 -20 -9 -35 -16 0 -7 1 -3 -4 0 -18 -15 5 -5 0 -30 -28 1 -33 -22 -10 0 2 2 5 3 0 1 -1 -3 -9 0 -2 -21 -24 -36 0 -20 38 -7 -3 0 -36 -6 
8 -2 9 0 -10 3 -16 -16 17 1 9 11 4 4 -12 -4 0 -2 0 5 3 11 -5 -7 -4 -7 -4 -7 -2 -9 -11 2 4 -6 -21 20 0 2 8 4 -1 -3 -14 -9 -3 -12 -7 -4 0 0 0 0 1 -6 -1 -1 -3 114 86 70 33 -3 -10 -7 0 0 -13 -10 -5 0 20 -1 23 9 0 9 24 1 10 0 2 1 0 0 -2 -4 0 1 0 1 3 0 -5 16 -9 17 0 21 15 8 12 0 -9 4 30 
-8 12 -4 0 1 -14 -5 27 0 1 4 9 2 0 -9 26 -18 -34 0 0 -7 0 -7 0 -5 -1 -3 -2 -6 3 1 3 -6 2 -16 -22 -11 -6 2 -12 -2 -2 -2 -4 -18 0 -13 2 -1 0 2 0 -17 3 -10 -17 2 3 5 30 51 76 54 2 -21 -38 -39 -41 -22 -38 -41 -27 -18 2 1 5 17 37 25 39 28 9 2 1 1 0 0 1 1 4 0 -4 8 -40 3 0 29 -19 -14 -29 0 27 1 17 3 
-6 -12 0 1 11 17 8 0 -7 -1 5 -20 0 -6 8 -13 -15 0 10 -12 -28 -3 0 14 5 4 6 0 0 3 0 1 0 1 5 10 -6 0 8 1 -1 -1 0 8 7 4 7 0 1 -1 -2 7 0 2 1 5 -3 0 4 3 3 2 0 72 123 64 36 0 -3 2 -29 -26 0 -12 -7 -9 -4 0 2 4 37 21 0 2 5 1 1 0 7 6 -1 2 7 38 -19 -26 -8 -18 -26 -2 22 -18 4 -5 -5 
4 0 -6 0 7 2 0 3 15 11 0 0 33 2 6 7 0 18 18 28 14 0 0 0 12 3 0 4 -3 4 7 0 1 -2 7 0 0 -27 -3 3 1 0 1 4 20 11 0 1 1 1 1 0 -4 0 4 3 0 3 3 4 6 0 2 2 10 28 0 86 88 64 113 0 33 27 -8 -8 0 -5 -7 -2 -4 0 12 7 3 6 0 25 44 -3 4 7 45 0 -14 10 -12 -11 -8 13 -13 -5 1 1 -7 
0 0 0 11 3 0 -7 7 2 0 0 0 0 3 6 0 0 0 3 -3 0 -44 -16 -44 -13 0 9 9 4 0 0 11 4 3 7 0 21 6 -14 -10 0 0 7 6 0 0 2 1 -1 0 0 5 2 1 6 0 -4 -5 2 -2 0 0 1 1 1 0 -1 4 14 11 0 112 51 92 76 0 90 11 -8 2 0 -2 -24 6 8 0 53 21 5 -15 0 7 8 -7 7 17 34 0 9 -3 6 -6 0 -9 -9 
6 0 4 -22 -7 -23 0 0 -7 0 0 4 9 -3 -3 0 0 -2 -26 -14 7 4 26 22 -8 -2 -20 -11 -8 1 -6 -4 4 4 1 2 3 11 3 -13 0 1 -7 -4 -3 -1 1 3 1 0 2 -4 5 6 0 -3 8 -9 8 0 6 -5 -1 0 0 0 2 4 2 0 1 -2 -3 -12 0 4 3 139 39 0 3 0 44 12 0 -5 4 -33 -36 0 35 14 1 5 0 -13 -7 22 17 10 -14 0 -37 -14 -26 
0 0 0 0 31 14 3 3 0 -13 -33 -3 -2 0 0 -5 -25 5 -26 -6 -9 0 12 1 -3 6 10 23 0 2 -21 -6 -4 -1 0 0 -1 0 6 8 7 -1 4 -1 -7 0 1 -1 -2 0 -1 -2 -1 -7 -2 10 9 2 -3 -12 -6 0 1 0 1 3 1 2 0 -9 -6 -5 -12 -4 7 -6 -2 -7 48 28 6 10 9 18 57 14 -12 64 26 78 -2 5 12 28 0 -19 8 -7 -6 -9 0 0 -3 -17 -4 
0 0 0 0 0 6 2 0 16 11 9 -5 0 -21 -33 6 -9 0 21 19 16 4 0 0 0 4 0 0 3 27 2 6 6 2 0 0 1 0 0 1 0 2 1 -1 -2 0 -1 0 2 2 -1 -4 0 3 -4 -3 -6 0 0 12 10 2 0 3 0 0 1 0 -2 11 -2 2 0 16 -7 -2 1 -3 -2 40 21 -21 -1 25 -7 -20 59 -5 -13 -10 2 14 5 -9 11 4 -13 7 -2 -8 23 -3 2 9 15 
5 0 -20 -28 0 -2 0 -6 -10 6 20 0 12 -7 18 9 0 -3 -7 12 -4 -10 -9 12 0 -4 0 6 -5 0 7 2 3 2 0 2 0 0 1 0 3 1 0 1 0 -6 -1 0 0 0 1 0 -9 3 0 0 0 0 -7 2 1 0 0 2 1 -1 0 -1 -2 -3 -1 0 -8 0 -6 -4 0 -5 -1 1 39 0 -16 -39 6 28 0 -15 0 8 -1 0 -23 -17 -21 4 0 6 11 18 -17 0 -2 -10 -17 
0 33 5 -4 -7 0 2 0 6 -11 0 -5 -6 -8 19 0 -10 -13 7 -6 7 11 2 -17 -32 -4 -47 -10 -7 4 1 4 0 1 2 2 2 1 2 2 1 1 2 0 0 -2 -2 1 0 0 0 4 2 0 2 -3 0 7 0 7 1 -5 5 3 -2 2 0 2 -13 -3 0 -8 -4 -8 0 0 -2 5 6 -4 0 41 51 -11 -49 0 -15 -6 9 1 0 -3 -28 -12 -8 0 -2 -10 0 -8 0 10 18 -4 12 
0 -20 -6 0 7 24 3 4 -9 -14 8 2 -14 -5 1 -20 -2 8 -14 0 4 -4 -8 11 40 37 18 0 -1 3 -1 0 0 0 0 0 -1 2 3 3 4 1 1 2 3 4 -3 0 -1 0 0 1 9 11 8 7 -1 -3 -2 -14 -15 3 0 -3 6 4 2 1 -1 0 3 -3 -11 5 0 2 -8 -9 -2 0 -1 0 20 45 0 -30 -33 -23 -4 0 2 -13 9 -26 0 -16 -11 -17 5 0 14 16 20 16 0 
0 14 1 0 0 -4 3 5 0 37 54 0 0 -8 10 19 0 -21 7 0 18 0 22 13 0 -22 0 -35 -9 4 0 0 0 0 0 -36 0 -2 -8 0 0 0 2 -1 -1 4 0 -4 -1 0 1 0 -2 4 6 -6 0 5 9 2 9 0 8 4 5 -1 1 0 11 14 -3 3 11 0 3 0 13 -5 -13 3 2 2 2 -2 8 44 104 58 -15 -60 -81 -71 -34 1 -12 -8 5 7 0 6 5 5 10 0 -4 
11 0 0 -21 1 -4 -3 -1 -27 2 0 -2 8 -26 0 0 0 7 -20 8 0 -23 -7 -2 -2 0 8 18 17 -20 0 -13 15 -20 7 0 -8 3 2 -4 0 -7 -7 -10 -10 0 4 1 0 2 0 -1 0 2 10 0 -11 -3 -10 -6 0 2 1 2 0 0 -3 3 -1 5 0 2 -3 2 1 0 2 7 10 2 2 0 0 0 1 -5 2 24 91 140 54 35 7 0 2 -5 -23 -12 19 -1 12 -3 -14 -44 -52 
4 0 -10 -11 7 4 6 4 0 0 12 -8 -4 22 0 -26 -9 0 5 0 -1 1 -2 0 0 25 -2 -5 -9 0 21 4 23 2 0 -11 -2 7 -6 0 8 4 0 -7 0 -7 2 -6 4 0 2 3 0 0 0 26 15 2 12 0 7 1 2 0 0 4 0 0 0 0 7 5 10 6 0 3 3 3 3 0 1 1 7 4 0 4 0 1 -3 5 26 0 100 135 16 7 0 -13 -31 -43 -25 0 -43 -9 -7 
0 0 8 17 22 -4 -4 1 5 2 -1 3 -16 -3 0 -6 -1 -19 -2 -9 3 0 0 6 -5 -7 -8 -4 -15 -3 -7 -28 -9 18 21 18 12 -6 0 -5 3 -1 -6 0 6 2 2 -2 0 1 0 -1 -1 0 2 1 12 4 0 6 3 3 2 0 7 -2 3 0 0 0 1 0 0 0 7 0 4 3 0 2 -3 4 -2 0 3 -2 -1 1 1 2 0 -5 1 66 111 0 58 88 19 35 0 4 12 2 10 
-35 -39 0 3 -13 -15 2 0 -1 11 0 0 10 5 -5 -5 -4 7 -2 21 33 0 1 11 36 -4 25 6 16 7 -11 -10 -14 5 0 7 6 11 27 14 20 9 17 19 -13 -6 -6 1 3 2 -1 1 1 0 1 4 0 -1 6 2 3 2 3 0 0 8 3 -1 1 0 -1 1 -2 1 0 2 -2 -2 -1 1 -9 2 2 -1 -2 0 1 1 1 0 2 2 0 1 0 18 16 80 69 0 146 103 89 110 0 
23 0 1 -25 -10 4 0 0 0 8 16 0 6 7 8 -15 0 1 -2 0 0 0 11 0 0 5 0 0 -7 12 28 0 23 6 6 0 0 0 -24 0 -21 0 -23 -14 8 -1 0 5 1 0 5 0 2 3 0 1 0 1 -10 -10 -6 0 0 5 -1 0 -2 -1 2 -2 3 3 -2 0 -4 -13 -4 -1 11 -1 6 7 -1 0 2 1 0 1 1 1 2 3 0 0 -9 0 -2 1 0 6 0 38 5 0 14 
0 -25 20 -1 0 0 2 5 4 0 0 0 2 1 16 0 -14 6 -12 -5 0 -19 -4 -28 -48 0 11 23 7 3 0 0 -2 0 -2 0 -23 -11 -15 22 0 21 21 13 21 0 7 2 0 0 0 1 1 3 -1 0 -3 -7 -19 -15 0 0 0 0 5 0 5 1 -5 -2 0 1 -8 1 18 0 11 2 0 7 0 -7 -6 1 2 0 -1 1 1 1 0 0 0 1 13 3 0 1 1 0 0 2 1 1 1 
34 11 16 16 0 7 4 -2 0 0 0 -2 0 0 0 12 11 -1 2 0 16 10 -14 9 0 0 0 -9 -15 0 -1 -22 2 -2 0 -23 -21 9 8 0 7 0 1 3 0 16 15 4 3 0 0 1 0 2 0 -2 0 -9 8 0 3 2 -15 -19 0 0 2 -2 10 0 -11 -6 15 9 0 15 -14 0 -6 0 -2 -11 1 3 0 4 4 1 0 0 0 0 2 4 0 4 1 -2 2 0 2 0 2 1 1 
0 0 0 0 0 0 3 -2 3 -10 0 6 3 2 6 3 3 0 -1 1 0 20 27 -11 0 0 0 -1 -11 -24 7 19 -13 0 7 -2 17 14 0 -1 -3 0 -2 0 -1 1 -2 0 0 0 0 0 -2 0 3 1 -2 5 0 -12 -20 6 -27 0 -4 -20 -16 2 0 7 -4 -21 0 0 -14 -2 -8 6 0 10 -1 4 13 0 -6 -25 -1 0 0 2 0 1 2 0 -2 0 3 3 0 2 0 0 1 0 1 
0 0 0 0 -13 0 0 0 1 6 -13 0 0 0 0 -1 2 -1 0 -8 -10 5 0 -3 1 -10 7 3 15 28 -14 -2 3 -11 0 -25 14 0 -4 3 1 -11 -4 -3 -6 0 -5 -2 0 2 -2 0 2 4 2 5 -3 1 -3 5 -6 1 -7 -13 -1 10 10 0 -6 4 17 7 -32 0 18 22 5 0 -40 1 -11 9 0 -15 8 0 4 0 0 1 0 -3 0 1 2 5 4 0 -1 1 0 0 1 1 0 
2 0 -33 10 3 -17 0 0 0 6 1 0 -2 0 0 3 0 1 1 2 4 0 -16 3 16 5 0 -5 0 0 -9 0 -13 -12 -34 18 0 0 0 2 -20 0 20 7 0 -12 0 -6 -29 -9 -2 11 -3 -10 -1 2 7 -4 5 7 -5 5 16 20 9 2 -1 -23 -14 0 -6 -19 -12 -24 -3 -19 -12 3 1 -9 11 -3 -16 5 -7 4 -1 2 0 0 -2 -3 1 2 3 5 0 11 1 1 0 1 0 0 1 
0 5 44 21 0 0 5 9 0 0 0 4 -7 0 0 0 2 0 1 3 0 4 11 1 -1 0 -15 -9 -6 -25 0 20 19 31 32 0 -2 -23 -4 -16 -22 28 -13 0 2 11 -7 25 0 -12 -6 9 -6 -7 3 0 0 14 6 32 0 -17 -16 -12 -18 0 7 28 9 2 0 -2 27 51 -20 0 8 5 10 47 0 -1 0 -6 12 0 2 0 0 -1 0 2 0 0 -7 -4 -14 -32 -2 0 0 0 0 0 0 
-15 0 0 -7 0 -11 -4 0 0 0 0 2 2 -14 0 -2 0 2 0 0 1 3 -1 -1 0 10 -5 -21 5 -15 -19 8 0 -8 -18 -2 -14 0 20 -4 10 2 0 16 -3 5 -5 0 21 30 32 12 0 -12 -26 -27 -17 0 0 5 31 11 0 27 -1 -14 13 -9 9 0 1 3 24 -43 0 33 -7 9 -26 0 0 0 -13 0 0 3 1 0 0 0 3 0 2 0 0 -19 28 -2 -2 0 2 0 -1 -1 0 
-13 -6 -17 10 24 1 0 2 -13 -1 -1 2 5 18 -1 0 -2 0 3 5 0 6 0 0 -3 -9 4 3 4 -8 24 -2 -4 5 21 -11 1 0 0 -1 0 0 6 -34 -37 -7 -4 -17 -4 -5 -8 -4 13 -8 40 22 -6 7 -4 -3 2 10 3 -24 -1 2 0 0 3 14 -4 0 -13 39 18 -4 3 40 0 23 13 0 6 0 -1 1 0 2 0 6 4 1 0 0 -21 8 20 4 0 2 0 1 0 0 -2 
-14 9 0 24 0 8 14 0 5 0 -1 0 0 8 15 7 -10 -9 -5 -16 0 0 -2 0 -1 0 10 3 13 16 0 -7 -9 -1 11 0 0 2 -25 2 0 -31 -9 8 18 0 7 -4 5 -15 5 3 -6 8 -29 -16 16 -34 2 -31 -12 -16 -2 33 7 6 -19 4 -8 39 -4 6 11 6 -16 -12 -5 -18 -8 -26 -11 -14 0 -17 4 2 -2 0 -8 -8 -5 -4 0 23 31 -9 5 0 1 1 2 0 0 1 -17 
19 0 -27 -23 -13 -36 0 -23 -34 -13 2 0 3 0 4 4 0 12 5 0 7 -5 -1 4 0 -21 -10 -3 -6 0 -16 5 4 -16 0 14 10 7 8 0 6 21 5 -4 0 8 -13 8 -5 0 6 4 15 3 0 14 21 14 2 0 2 34 -8 -30 0 -22 0 -7 5 0 12 0 -1 17 0 5 0 -10 -7 0 -11 -7 -17 1 -1 -2 8 -35 -12 4 -13 -1 -2 4 -8 0 0 5 -1 0 1 0 0 -8 1 
0 10 -9 8 23 0 33 34 21 15 0 0 0 0 0 -2 1 0 0 -9 0 5 -5 0 -1 3 -2 -3 0 -4 -5 -8 -24 0 -4 -17 -18 3 0 -21 1 -13 1 0 6 -19 -10 -20 0 16 -3 -20 1 0 0 -5 13 -1 0 11 -3 -4 21 0 -7 20 10 -14 0 4 0 -5 7 0 -38 -28 -20 24 0 35 22 -5 5 0 2 3 13 21 4 -10 2 3 2 0 -1 0 -2 -8 -3 5 3 1 2 -2 16 
0 6 -1 3 0 0 0 9 -3 0 0 9 -9 0 -1 -9 2 -1 4 0 -9 2 9 13 -1 9 2 -8 -12 0 -6 0 0 8 -10 -19 -6 0 -19 7 -17 -11 0 -2 4 27 -9 0 -13 -9 -4 7 0 -23 -3 -4 -5 0 -14 8 -3 3 0 9 25 -2 -19 0 -30 -30 0 0 0 46 44 4 17 0 -4 0 2 16 0 3 1 7 -8 0 14 9 30 10 -3 4 0 14 -7 -1 -3 0 -14 -20 -1 0 0 
-25 -19 0 7 2 0 -7 0 9 -4 -24 -8 6 47 -23 -7 -7 -5 -4 6 -1 -4 -15 -20 2 -10 7 23 3 1 4 -1 19 -18 -11 10 -12 3 -7 -10 -7 4 16 14 1 -13 -14 2 28 -2 -3 -6 -21 -8 2 -17 -13 -12 -41 -1 -7 -1 2 28 7 1 0 2 11 22 6 0 -8 -26 -11 -25 0 0 -9 -38 -33 0 11 3 4 -17 0 -1 6 0 5 0 -1 0 1 -2 18 6 0 -10 -34 9 -1 0 3 
4 -1 0 18 1 0 -7 -2 2 15 0 7 -24 0 17 0 5 2 4 2 0 11 1 -19 -30 0 -16 -14 9 -3 0 1 0 -4 0 0 21 3 -7 9 0 6 -13 -9 0 4 12 10 -3 -7 15 -3 7 -2 0 13 15 34 19 18 12 35 0 7 -1 2 -23 -1 -14 -5 -5 -6 -12 -20 42 0 -41 -29 -14 23 0 -12 -1 -3 3 15 -3 -7 -9 -25 6 -6 7 -6 -9 -19 -2 -1 2 8 -3 9 0 -1 7 
4 -5 -3 -11 0 15 9 5 -7 0 3 -10 -3 -8 0 15 12 2 3 0 -2 0 13 33 0 -12 -10 0 -24 0 1 0 11 22 0 1 -2 -13 6 0 20 -3 7 9 0 3 -9 0 -15 0 -8 1 0 8 0 4 7 7 4 0 -6 -8 0 -18 0 -10 14 11 -1 0 -4 -3 5 4 0 -41 38 43 -13 4 -1 -42 6 7 0 16 21 11 1 35 26 8 0 22 0 0 -1 5 0 4 11 1 1 -9 -26 
-4 5 8 0 5 -1 -4 -8 0 -17 -3 25 5 0 1 9 2 0 0 6 2 0 -2 0 17 12 7 8 0 -4 -10 -18 -25 0 9 23 -5 -3 0 1 -9 -4 2 0 -4 -26 -9 -13 0 -7 -3 -1 -1 0 -14 2 -11 -6 0 13 -8 -15 5 0 16 17 9 -14 0 8 11 12 -22 0 24 28 9 -19 0 -9 1 -3 -7 0 0 0 -9 25 0 1 0 0 -15 0 0 -15 1 -2 0 4 3 0 -22 0 8 
-12 -7 12 -9 5 5 1 -1 -10 5 -6 -2 2 7 0 0 -6 0 -2 0 0 0 1 4 0 6 0 0 0 5 17 -1 0 8 15 0 2 0 -6 -5 -22 2 0 -3 7 22 7 0 32 23 25 6 0 -1 9 3 0 0 0 0 10 9 0 3 0 -2 3 0 -26 -17 0 -3 0 26 -14 -6 -5 0 -23 -5 -17 17 0 7 -16 -18 -6 0 -42 -18 -6 8 0 7 -17 6 -2 0 -7 17 -8 1 0 12 29 
22 0 0 15 -15 -3 0 -20 20 6 18 2 8 0 0 5 0 -4 8 0 -4 -4 0 0 0 -4 0 0 0 0 2 13 0 11 -28 -23 -11 6 4 26 15 5 8 5 -27 7 0 4 0 3 -7 1 4 8 14 0 0 -3 -13 -9 -16 0 7 -11 -10 -19 0 -1 -12 -20 -21 0 9 -12 -6 0 0 -20 20 0 21 0 -7 0 14 33 0 9 1 -4 0 0 30 0 -6 18 0 -9 -9 -9 -42 0 21 22 -14 
0 1 15 -9 4 0 21 11 5 0 0 0 0 -2 3 0 3 0 2 6 0 7 -11 0 -3 0 3 -14 0 -23 0 0 0 16 37 0 7 8 -18 -15 0 7 -14 -4 -11 -4 -11 -8 -20 -11 -25 2 5 0 -11 2 -16 6 10 -14 9 9 0 -5 10 15 -7 -10 -13 -5 -9 11 0 2 7 22 41 46 34 -8 0 0 46 -56 0 0 -1 7 32 19 7 13 -30 -33 19 0 -13 5 0 -16 0 -3 -10 -17 20 
