0 0 0 0 -1 -1 1 0 -1 0 0 0 -1 0 -1 1 0 0 -1 1 1 0 0 -1 0 0 1 0 -1 0 0 0 -1 0 0 -1 -1 0 0 -1 1 1 0 0 1 1 1 0 0 1 1 1 0 -1 2 1 1 0 0 1 0 0 0 1 0 1 1 1 1 -1 -2 0 0 0 -1 0 -1 0 0 0 0 0 0 0 0 0 0 1 0 1 0 0 1 0 0 0 1 0 0 -1 -1 0 2 0 -1 
-1 0 0 0 0 1 1 0 0 1 1 0 0 0 0 0 -1 0 1 -1 0 1 0 1 0 0 0 0 1 0 0 0 0 1 1 1 -1 0 0 0 0 -1 0 1 0 0 0 0 1 0 0 0 0 0 0 0 -2 0 0 0 0 0 0 0 0 0 0 0 0 0 1 2 0 1 0 0 0 0 0 0 0 0 1 1 0 0 0 0 1 0 0 0 0 0 0 -1 0 0 1 2 0 0 0 0 0 
-1 0 0 2 0 1 0 0 1 -1 -1 0 1 0 0 1 0 -1 2 2 1 0 0 0 1 1 0 0 1 0 0 0 0 0 0 0 0 0 1 0 0 0 0 0 0 0 0 0 0 1 0 0 -1 0 0 0 2 1 0 -1 1 0 0 0 0 0 0 1 0 0 0 -1 0 0 1 2 0 0 0 0 0 0 0 -1 0 0 1 0 0 -1 0 -1 0 0 1 0 -1 0 -1 0 0 0 0 0 0 
0 0 1 0 -1 0 0 0 0 -1 0 0 0 0 0 0 1 0 0 0 0 -1 0 0 -1 0 -1 0 -1 0 0 0 0 1 1 0 0 1 0 -1 0 -1 0 -1 0 0 -1 0 0 1 0 0 0 1 0 0 2 0 0 0 0 0 0 0 0 0 0 0 0 0 0 0 0 1 -2 -1 0 0 -1 0 -1 0 1 1 0 1 0 0 0 0 0 0 0 -1 0 0 -1 0 0 0 0 0 0 0 0 
2 0 -1 1 0 2 0 1 0 0 1 1 1 -1 0 -1 0 0 1 0 0 1 0 0 0 0 0 0 0 0 0 0 0 1 -1 0 0 -1 0 -1 0 0 0 0 0 -1 1 1 0 -1 -1 1 1 -1 0 0 0 0 0 0 0 0 0 0 0 0 0 -1 0 0 0 0 0 0 2 1 1 1 0 0 0 -1 2 0 0 0 0 0 0 1 -1 -1 -1 0 0 0 1 0 0 1 0 -1 0 0 0 
-1 0 0 -1 -1 0 0 1 -2 -1 2 0 0 0 0 0 0 -1 -1 1 0 0 0 -2 -1 -1 -1 0 0 0 0 0 -1 -1 0 0 0 1 0 0 0 1 0 0 0 2 1 0 0 1 1 0 0 0 0 0 -1 0 0 0 0 0 -1 0 0 0 1 -1 0 0 -1 1 -1 0 -1 -2 -1 0 0 1 1 0 -1 0 0 1 1 0 0 0 1 0 1 1 0 0 0 -1 -1 0 0 1 -1 -1 -1 
-1 2 1 0 0 0 0 1 1 2 0 0 0 0 -1 -1 1 0 0 0 0 0 0 -1 0 0 0 0 0 -1 -1 0 0 1 0 0 0 0 1 0 0 -1 0 0 -1 -2 0 0 0 -1 -1 -1 0 0 -1 0 0 0 0 0 0 0 1 -1 0 0 0 -1 0 0 0 0 0 1 0 1 0 1 0 0 0 -1 0 1 0 0 -1 0 0 1 0 0 0 1 0 0 0 0 1 1 1 0 0 1 0 
-2 0 -1 0 0 2 0 0 0 -2 0 0 0 0 0 0 0 -1 0 0 0 0 -1 1 0 1 0 0 0 0 0 0 0 0 0 0 0 1 1 0 0 0 0 0 0 1 0 1 0 1 1 0 0 0 1 1 0 0 0 0 1 0 -1 0 1 0 0 0 0 -1 1 -1 0 0 0 1 0 0 0 -1 0 1 1 0 -1 0 0 1 0 -1 0 0 0 0 0 0 0 0 0 -1 0 1 1 -1 0 
0 -3 0 0 1 0 0 0 0 1 0 1 0 0 -1 0 0 -2 0 0 0 -1 0 0 0 0 0 0 0 0 0 0 0 1 0 0 0 0 -1 0 0 0 0 0 0 0 0 -1 0 2 0 0 0 0 0 0 0 0 0 0 0 0 0 0 0 0 1 0 1 0 0 0 0 0 -1 1 -1 0 1 0 -2 0 0 1 1 1 1 0 0 0 0 0 0 -1 0 0 0 0 0 0 0 1 1 0 0 
-1 0 0 1 0 0 0 0 0 0 0 -1 0 0 0 2 0 2 0 0 0 0 1 0 0 0 1 1 1 0 0 1 0 0 0 -1 0 0 0 0 0 0 0 0 0 0 0 1 0 -1 0 0 0 0 0 0 -1 -1 0 1 0 0 1 0 -1 0 0 -1 -1 1 0 0 1 0 1 1 0 1 0 0 0 0 1 -1 0 0 0 0 0 0 0 0 -1 0 0 1 0 0 0 -1 0 -1 0 0 0 
0 0 4 1 1 1 0 0 0 -2 1 1 0 -1 1 0 0 -2 0 1 0 1 0 0 -1 0 0 0 -1 0 1 1 0 0 0 0 1 0 1 0 0 0 -1 0 0 0 0 -1 2 0 0 1 0 0 1 0 1 0 0 0 0 -1 0 0 0 0 0 0 0 -1 -1 0 1 0 0 -2 0 -1 0 1 1 1 0 0 1 1 1 0 0 0 1 1 0 1 0 0 0 0 -1 -1 -1 0 -1 0 0 
2 4 -3 5 12 3 2 0 1 2 1 -1 0 0 -1 -1 1 2 0 -1 0 1 1 0 1 0 1 0 1 0 -1 0 0 0 0 0 0 0 1 0 0 0 0 -1 0 0 0 0 0 0 0 0 0 0 -1 0 0 0 0 1 0 1 0 1 1 -1 0 -1 -1 1 0 0 0 1 0 1 0 0 -2 0 -1 0 1 0 0 -1 1 -1 0 0 0 -2 -1 0 1 0 1 1 0 0 0 -1 1 0 0 
0 0 9 2 9 28 0 1 0 0 0 0 0 1 1 0 0 -2 0 0 0 0 -1 -2 0 1 0 0 1 0 0 0 0 0 0 -1 0 0 1 0 1 0 0 0 0 0 0 0 0 1 1 0 0 0 0 1 0 1 0 -1 0 -1 0 0 1 -2 0 0 0 0 -1 0 1 0 0 0 0 -1 0 0 0 0 0 0 0 0 0 0 0 0 0 1 0 0 2 0 -1 1 -1 -1 0 2 -1 0 0 
0 -6 4 -4 -22 0 18 -1 1 2 0 0 1 0 -1 0 0 -1 0 0 0 -1 0 1 1 0 -1 0 1 -1 0 0 0 1 0 0 0 0 0 0 0 -1 -1 0 0 0 0 -1 -1 0 0 1 0 0 2 0 -1 0 1 -1 0 0 0 0 0 2 0 0 1 -1 0 0 0 0 0 -1 -1 0 1 -1 0 0 0 0 1 -1 0 0 0 0 1 0 1 1 0 0 0 0 1 0 0 1 1 0 0 
4 2 -6 -9 0 -15 -10 0 0 0 5 3 1 0 0 -1 0 2 0 0 0 0 1 0 0 0 1 2 0 0 1 -1 0 0 0 1 0 0 0 0 0 1 0 -1 0 0 0 2 -1 0 -2 -1 0 1 0 -1 -1 0 1 0 0 0 1 1 1 0 0 0 -1 1 1 0 0 1 0 0 0 0 0 1 0 0 0 0 0 0 0 0 0 0 0 1 0 0 0 0 0 0 0 0 0 0 0 0 1 
0 -4 1 0 0 -3 -1 -1 -9 -8 -6 11 1 2 0 -1 0 -1 1 1 0 1 -1 -1 -1 0 -1 -1 -1 0 -1 0 0 -1 0 0 0 0 1 1 0 0 1 0 0 0 0 -1 2 1 0 1 1 1 0 0 0 -1 -1 0 1 -1 0 1 0 0 0 0 1 0 -1 0 1 -2 0 -1 -1 0 0 -2 1 0 0 1 0 0 0 0 -1 0 0 0 0 -1 -1 0 0 0 -1 0 0 -1 0 0 0 
4 -1 -1 -4 -2 -4 1 -2 0 0 -2 -5 -1 0 -1 0 1 2 -1 -1 -1 0 2 -1 1 -1 0 1 -1 -1 -1 1 0 1 0 0 0 -1 0 1 -1 1 0 -1 -1 0 1 0 -2 -1 -1 0 0 0 0 -1 1 0 0 -1 0 -1 0 1 1 2 0 0 -1 1 0 0 1 0 0 0 -1 0 0 0 -1 0 0 0 0 -1 0 1 1 1 1 0 1 0 0 0 0 0 1 0 1 -1 0 0 -1 
-9 0 -1 0 0 -1 0 3 0 -2 0 0 0 0 0 0 0 0 2 1 1 0 0 0 0 1 0 -1 0 1 0 0 0 -1 1 0 0 1 1 0 2 0 1 1 1 1 0 0 -1 1 1 0 1 0 0 1 0 0 1 1 1 0 0 1 0 -1 0 1 0 0 -1 0 0 0 1 0 0 0 0 -1 0 0 0 0 0 0 0 0 0 0 0 0 -2 0 0 0 0 0 -1 -1 0 0 -1 0 -1 
0 0 0 -1 -2 0 1 4 -2 0 0 0 1 0 0 0 0 0 -1 0 0 0 0 0 1 0 -1 -1 0 0 0 0 0 1 1 0 0 0 0 0 0 -1 0 -1 0 0 -2 0 -1 2 0 0 0 0 1 0 -2 0 1 -1 0 0 -1 0 -1 0 -1 1 0 0 2 0 0 0 0 0 0 0 0 0 0 0 0 0 0 0 0 0 -1 0 0 0 0 0 0 0 0 0 1 0 0 0 1 -1 0 
2 -1 0 0 0 -1 2 0 -2 0 1 1 0 -1 0 0 1 -2 0 0 0 0 0 1 0 1 0 2 0 0 1 0 0 1 0 0 0 0 0 0 2 0 1 0 0 1 0 0 0 0 1 0 0 0 0 0 0 0 0 0 0 0 1 0 0 0 1 0 0 0 1 0 0 1 1 0 0 0 0 0 0 0 0 0 0 0 0 0 1 0 1 0 -1 0 0 0 0 0 0 0 0 0 0 0 1 
-1 1 1 0 3 2 2 9 0 0 -1 1 1 0 1 0 -1 -1 0 0 1 1 0 -2 0 0 0 -1 0 0 -1 0 1 0 0 0 0 -1 0 0 0 -1 0 0 1 0 -1 0 2 0 0 0 0 0 0 0 0 0 0 -1 1 0 0 0 -1 1 0 0 1 0 0 0 -1 -1 0 0 1 1 0 1 0 0 0 0 0 0 -1 0 0 0 0 0 0 0 0 1 0 0 0 0 0 0 0 -1 0 
0 0 0 2 2 1 3 -1 -4 1 -1 1 -1 0 -1 0 2 1 -1 0 0 -1 1 0 0 -1 1 1 1 0 0 0 0 1 1 0 0 -1 0 0 -1 0 -1 0 0 0 0 1 -1 0 -1 -1 2 0 0 0 0 1 1 1 0 1 0 0 1 1 0 0 0 1 0 0 1 -1 -1 1 1 0 0 0 0 0 1 0 0 0 0 0 0 1 0 -1 1 0 0 0 0 0 1 1 0 0 1 1 2 
2 0 1 0 3 1 0 -11 -1 -1 0 0 0 1 0 1 0 -1 0 1 0 0 0 -1 0 0 0 0 0 2 0 0 0 -1 0 0 0 1 0 0 1 0 0 1 1 1 0 0 0 0 0 0 0 -2 0 2 0 0 0 0 -1 0 1 0 -1 -1 0 -1 -1 0 0 0 -1 0 1 1 0 0 0 0 0 0 -1 0 1 0 0 0 0 0 0 0 0 0 0 0 0 0 0 0 0 0 0 0 0 
0 -2 2 5 0 0 -4 -1 0 0 0 0 0 0 1 0 1 -1 0 0 0 1 0 1 0 0 0 0 0 -1 0 0 1 1 0 0 0 0 0 0 0 0 -1 -1 1 0 0 0 0 1 0 1 -1 2 1 0 0 0 0 0 0 0 0 0 2 0 1 1 1 -1 0 1 -1 0 0 -1 -1 0 0 1 0 0 0 0 0 1 0 0 0 -1 0 0 0 0 0 0 0 0 0 0 0 0 0 1 0 
-2 -2 1 0 0 0 0 0 0 0 1 -1 2 0 0 0 2 0 0 0 0 0 0 0 0 0 0 0 1 0 0 0 -1 1 0 1 1 0 0 0 1 1 1 0 0 0 1 1 0 0 1 0 1 2 0 1 0 0 0 0 0 0 0 -1 0 -2 0 -1 0 0 -1 0 0 0 0 1 0 -1 0 -1 0 0 0 0 0 0 0 0 0 0 1 0 0 -1 0 1 0 0 0 0 0 0 0 0 0 
-1 0 0 0 -1 0 1 -1 0 -1 1 2 1 0 1 -1 -3 -1 1 1 1 0 0 0 1 0 1 0 0 0 0 1 0 0 0 0 -1 0 0 0 0 0 0 0 1 0 -1 0 1 1 0 0 -1 -1 0 1 0 0 1 0 1 0 0 0 -1 2 1 0 0 1 0 0 0 0 2 -1 0 0 0 0 0 0 0 0 -1 0 2 0 0 0 0 1 1 0 1 0 1 0 0 0 0 1 0 0 0 
4 -2 -1 -1 -2 0 0 -1 0 1 0 -1 -2 -1 -1 0 1 0 -1 0 0 1 0 1 -1 0 0 0 1 1 0 1 0 0 1 0 0 -1 0 0 0 1 0 -1 -2 0 2 1 -1 -1 0 0 1 1 1 1 1 1 1 0 0 1 0 0 2 1 -2 -1 0 0 1 0 1 0 -1 -1 1 0 0 0 0 1 2 0 0 1 0 0 1 1 0 -1 0 1 0 0 0 2 1 1 1 0 0 0 2 
-3 -2 1 -1 0 1 -1 1 1 0 0 0 2 2 0 -1 3 0 0 0 1 0 0 0 0 0 1 0 -1 1 1 0 0 -1 -1 0 0 1 1 1 0 0 0 1 1 0 0 0 1 1 0 0 0 0 0 0 0 0 0 0 0 0 0 1 -1 -2 0 0 0 -1 -1 0 -1 1 1 1 0 0 0 0 0 0 -1 0 0 0 0 -1 -2 0 0 0 0 0 0 0 1 -1 0 0 0 0 -1 0 1 
-1 0 2 0 0 0 1 2 0 0 2 1 1 0 2 0 0 -1 0 2 0 1 1 0 1 1 0 0 0 0 0 -1 0 1 1 0 0 1 0 1 0 1 0 0 2 0 0 0 0 -1 0 0 0 1 0 0 0 1 1 1 0 0 0 -1 2 0 1 0 1 0 0 0 -1 0 0 0 0 0 -1 0 1 0 0 0 -1 1 2 0 2 0 0 1 0 0 0 1 -1 0 1 -1 0 2 0 0 0 
1 0 0 2 0 0 0 0 3 2 4 2 0 1 2 2 2 0 1 -1 0 0 0 1 -1 0 0 0 0 0 1 0 0 2 0 1 0 0 0 0 0 -1 1 0 0 1 1 0 0 0 0 1 0 0 0 0 0 -2 1 0 0 0 0 0 0 -2 -1 0 0 0 0 0 2 0 0 0 0 0 -1 0 1 0 -1 -1 0 1 0 0 0 0 -1 0 0 0 1 1 0 0 2 1 0 0 0 1 0 
0 1 3 -2 0 2 -1 1 -2 -1 2 3 0 1 2 2 0 2 0 0 1 0 0 0 0 1 1 0 -1 0 0 1 0 -1 0 0 1 0 -1 0 1 -1 0 0 1 1 -1 0 0 1 1 0 -1 0 0 1 1 -1 0 -1 0 0 1 0 -1 2 2 0 0 0 0 1 -1 0 0 0 0 -1 -1 1 0 -1 -1 0 0 0 1 -1 -1 0 0 1 1 0 1 0 0 -1 -1 -1 0 1 -1 0 -1 
1 0 -2 -2 0 -1 0 -1 0 1 -3 0 3 2 9 5 2 0 0 0 0 0 -1 1 1 0 0 -2 0 0 0 1 0 1 1 0 0 0 -1 1 0 0 -1 -1 -1 1 0 0 0 0 0 -1 0 1 -1 0 0 1 1 0 1 0 1 -1 1 0 -1 -1 0 1 0 1 2 -1 1 -2 0 -1 0 0 0 0 1 0 0 0 -1 1 2 2 0 0 1 1 -1 0 -1 1 1 -1 1 -1 1 -1 1 
0 -1 0 3 0 0 1 1 -2 0 5 4 3 1 0 -4 -1 -1 0 0 1 1 1 1 0 1 0 1 0 0 0 0 1 0 0 0 0 1 0 0 0 1 1 0 0 0 0 1 0 1 1 0 -1 0 0 0 0 0 -1 1 -2 0 0 1 -1 2 0 0 0 0 1 0 -1 1 0 0 0 0 1 0 0 0 0 0 0 1 -1 1 -1 1 0 0 -1 -1 1 0 -1 0 -1 0 0 -1 1 0 -2 
0 1 -1 0 0 1 -1 1 0 -6 1 1 4 0 -4 -1 -2 -1 0 1 1 0 0 0 0 0 0 -1 0 -1 0 0 -1 0 1 0 -1 1 0 1 0 0 0 0 0 0 0 1 0 1 0 1 -2 1 1 0 1 0 1 -1 0 1 0 -1 1 0 0 1 0 -1 0 0 -2 -1 0 0 1 0 1 0 0 -1 0 1 1 0 0 0 1 1 0 1 0 1 -1 1 0 0 0 0 0 1 0 0 1 
1 -1 0 2 1 -1 1 0 3 3 -5 3 0 -4 -4 -1 1 0 1 1 0 1 0 1 0 1 0 0 1 0 0 0 0 0 0 0 1 0 1 0 0 0 0 -1 0 0 0 0 0 0 0 0 1 0 0 -1 0 0 0 0 0 1 1 0 0 -2 -2 -1 2 0 0 0 0 0 0 1 0 1 -1 0 -2 1 -1 -1 0 -2 0 -1 1 0 0 0 0 1 1 0 0 -1 1 1 0 0 0 -1 -1 
-1 1 -1 1 2 0 1 -1 1 -4 1 -1 4 1 3 2 1 0 2 2 2 0 1 1 1 1 2 1 -1 1 0 1 1 0 0 0 1 0 0 0 1 1 0 0 0 0 0 0 0 0 0 1 -1 0 0 1 0 0 0 -1 -1 0 1 0 -1 0 2 2 0 0 0 1 -1 0 1 0 0 0 0 0 2 0 0 0 0 2 1 0 0 1 0 1 0 0 0 0 0 1 0 1 0 0 0 0 0 
1 0 -1 1 -3 1 0 3 3 1 -6 -4 -4 14 1 3 3 3 3 14 9 5 5 2 1 0 -1 1 1 4 1 0 1 0 0 0 0 0 0 -1 -1 0 0 1 -1 0 1 0 0 0 0 0 0 1 0 0 0 0 -1 1 1 0 -1 0 0 1 -1 0 0 2 1 0 1 -2 0 0 0 1 0 0 0 0 0 0 0 0 -1 1 0 0 0 -1 0 -1 0 0 -1 0 0 0 1 1 0 0 0 
-1 0 1 1 0 0 -1 0 4 0 0 -6 1 -19 0 3 2 1 -1 0 6 9 -1 0 0 1 2 3 0 0 1 2 0 0 0 0 0 0 0 0 1 0 0 0 0 0 1 0 -2 0 0 0 0 -1 0 1 0 0 0 0 -1 0 1 0 0 0 2 -1 0 1 0 0 -1 2 1 1 0 -1 1 1 0 0 0 -1 1 0 0 0 0 -1 0 0 0 1 0 0 1 1 0 0 1 -1 -1 0 1 
0 0 -1 0 2 2 1 -1 0 -3 -2 -2 -3 0 0 -2 -4 -1 0 -17 6 9 15 0 1 0 0 -1 0 0 0 0 0 0 0 -1 0 0 0 -1 0 0 0 0 2 1 0 0 0 2 1 0 1 0 0 0 0 0 0 1 0 0 0 0 1 0 0 0 1 -2 0 0 0 -2 -1 0 0 0 0 0 0 0 0 1 0 0 0 1 0 1 0 1 1 0 0 0 0 0 0 0 0 1 0 -1 0 
0 0 0 1 0 0 -1 0 -2 -3 -4 2 0 -3 -5 -1 3 0 2 10 -8 -6 0 6 0 -2 -1 0 0 -1 1 0 0 1 1 2 0 0 2 1 0 1 0 1 -1 0 1 0 0 0 0 0 0 0 0 0 0 0 0 0 0 0 0 0 0 -1 0 0 0 0 0 1 0 2 0 2 0 0 0 0 0 0 -1 -1 0 -1 0 -1 0 0 0 1 -1 0 0 0 0 -1 0 0 0 0 0 0 0 
1 2 1 1 0 2 2 1 -2 -1 0 -4 -1 -1 -6 -5 -1 0 -3 -13 -17 17 -8 0 4 0 1 1 0 2 0 2 0 1 -1 0 1 1 1 1 1 1 1 1 1 -1 0 2 1 2 2 2 0 2 1 0 0 0 0 0 0 0 1 0 1 2 1 0 0 0 1 -1 0 0 0 -1 0 0 0 0 0 0 0 0 0 1 1 -1 0 0 0 0 0 0 0 0 0 0 0 0 0 0 1 -1 0 
1 1 2 0 0 0 -2 0 0 0 0 -1 -4 0 0 2 -2 -1 -2 -10 -8 -11 -1 0 -3 -2 0 0 1 0 -1 2 11 2 2 0 0 -1 0 0 -1 0 0 0 3 0 5 7 2 0 -5 4 16 2 0 -1 -1 0 0 0 1 1 -1 0 0 -2 0 0 0 0 -1 1 0 -1 1 1 0 0 0 0 -1 0 0 0 0 -1 0 0 0 0 0 -1 0 0 1 0 0 0 0 0 0 0 -1 0 0 
1 1 2 6 0 0 3 2 2 0 0 0 -1 -3 0 -1 2 6 3 0 -1 0 -1 -1 0 1 4 2 2 0 2 -8 5 3 0 10 9 1 1 0 1 1 3 8 0 2 -1 -10 8 0 2 -5 2 10 0 1 0 0 1 0 -1 0 0 1 0 1 0 1 0 1 1 0 1 0 0 0 0 0 0 0 0 0 0 0 0 0 0 0 1 -1 0 -1 0 0 0 0 0 0 1 1 0 0 1 1 0 
1 3 33 0 15 3 0 3 0 0 1 1 1 0 0 0 0 -4 0 0 1 0 1 0 4 10 7 6 0 1 1 1 -6 0 -13 -10 4 8 0 2 3 1 -5 0 -5 2 4 10 0 11 -3 -2 -13 0 0 0 0 -1 0 -1 0 1 0 0 0 0 1 0 0 0 1 1 0 0 0 0 0 1 0 0 0 1 0 0 0 0 0 0 -1 0 0 1 0 0 0 0 0 0 -1 0 0 0 -1 -1 0 
2 6 0 112 44 24 3 0 4 1 2 1 0 0 0 1 1 0 0 0 -1 1 0 13 7 8 -9 0 -1 0 -1 -1 0 -1 1 -1 -2 0 8 6 12 8 0 7 5 -6 -2 0 -10 0 3 0 0 0 -1 0 1 0 1 1 1 0 0 0 1 0 0 0 2 1 0 1 0 1 0 0 1 -1 1 0 0 0 0 0 0 0 0 0 0 0 -1 0 0 0 0 0 0 0 1 0 0 1 1 0 0 
7 -26 79 9 97 40 18 42 4 2 0 0 0 1 2 0 -2 -1 2 3 2 -3 1 -5 -2 4 0 4 4 3 3 0 5 9 6 2 0 1 -3 -7 -4 0 -5 -4 12 0 0 -3 0 8 0 0 0 0 1 0 0 0 -1 -2 0 0 1 0 -1 0 0 -1 1 0 0 0 -1 1 0 0 0 1 0 1 0 0 -1 0 0 0 0 0 0 0 0 0 0 0 0 0 1 0 0 -1 0 -1 0 0 1 
-24 83 -12 -8 4 39 81 83 35 4 3 1 0 1 1 2 0 -1 -1 -1 -2 3 -4 0 -3 -2 5 9 8 3 1 3 5 7 5 5 4 1 2 3 2 3 2 1 -3 2 3 -2 0 -5 2 -1 0 0 0 0 0 0 0 1 1 0 0 0 0 0 0 0 0 1 0 0 -1 0 0 1 1 0 -1 0 1 0 0 1 0 0 0 0 1 0 -1 0 0 1 0 0 0 0 0 -1 0 1 0 0 1 
89 7 -9 9 0 9 6 6 10 0 3 3 2 2 0 1 4 1 1 0 0 -2 -4 -5 0 -8 -13 -4 2 0 -2 -7 1 -4 0 4 5 0 13 0 7 13 6 2 0 -1 -1 -4 -1 0 -2 0 -1 0 0 1 1 0 0 0 -1 0 1 -1 0 0 0 0 -1 0 1 0 1 0 0 0 0 -1 0 -1 0 0 0 1 0 1 -1 0 0 0 -1 0 2 0 0 0 0 1 -1 0 -1 -1 0 0 0 
2 13 19 0 3 1 -5 8 0 68 85 16 21 0 2 1 0 3 0 1 2 2 6 0 2 2 -1 -6 0 -1 6 2 -6 0 -4 -5 3 15 0 2 -26 2 -12 0 -4 -1 -4 -3 0 -6 0 0 1 0 0 0 1 0 0 0 0 0 0 0 1 0 0 0 0 0 0 0 1 0 0 -1 0 0 0 0 -1 0 1 -1 1 0 0 -1 0 1 0 0 -1 0 1 0 1 0 -1 0 0 0 -1 0 1 
-27 5 0 -5 2 1 6 0 11 6 51 57 0 79 45 6 20 0 15 9 5 50 0 99 73 24 32 0 2 0 1 5 0 7 1 -2 -9 0 -15 -7 -15 -5 0 -10 -3 -5 -3 0 -2 -1 0 -1 0 0 -1 1 0 0 1 0 0 0 0 0 0 0 0 0 0 0 0 1 0 1 -1 1 0 0 1 0 1 0 0 1 0 0 0 2 2 0 -1 1 1 -1 0 0 0 0 1 0 0 0 0 1 0 
5 0 10 6 1 5 0 2 -3 1 3 0 18 34 134 97 0 77 92 107 92 0 34 9 93 29 0 72 72 28 -1 0 2 2 5 1 0 1 1 -1 0 0 0 1 1 0 0 0 0 2 0 0 0 1 0 1 0 -1 -1 0 0 0 0 -1 0 0 0 0 0 0 0 0 0 2 1 0 0 0 0 0 0 0 -1 0 -1 0 0 1 0 0 0 1 0 0 0 0 0 0 0 1 1 2 1 0 0 
-1 13 3 5 5 3 -4 -6 -9 3 1 2 2 -1 0 8 11 6 7 18 13 9 0 0 7 8 -4 1 23 28 34 -4 -10 -12 -2 4 2 6 6 0 0 0 0 0 0 1 0 1 1 -1 0 0 1 0 0 -1 0 1 -1 0 1 0 0 0 1 -1 0 0 -1 2 0 -1 -1 0 -1 0 0 0 0 0 -1 0 0 0 0 0 0 0 -1 1 0 1 0 0 0 0 0 0 0 0 -1 1 0 0 1 
7 -1 -3 -16 0 -24 -15 2 5 0 1 0 1 1 0 3 -7 -6 -6 0 2 12 -3 -2 0 1 8 11 -4 0 18 29 0 1 0 -6 -9 -3 -5 0 3 3 0 1 0 1 1 -1 0 0 0 0 -1 0 0 0 1 0 0 0 0 1 0 0 0 1 -1 0 1 0 0 1 1 0 0 0 1 -1 0 0 1 1 0 0 0 0 0 1 0 0 0 0 0 0 0 0 0 0 -1 0 0 -1 0 3 2 
-28 -15 1 0 -7 16 11 20 0 -3 0 1 0 0 2 5 -4 2 0 5 2 2 6 4 -4 4 0 0 3 25 22 41 56 10 2 2 1 1 0 -4 -1 2 1 0 4 4 0 2 0 -1 0 0 0 0 0 1 1 1 0 1 0 1 3 0 2 1 2 0 0 0 0 0 -1 0 -1 1 0 2 0 0 0 -1 0 0 1 1 0 0 0 0 1 0 1 1 0 -1 -1 0 -1 1 0 1 3 7 9 
2 -14 0 19 22 18 5 0 2 0 2 -1 0 -1 0 10 -1 0 4 4 0 2 -2 -1 5 0 3 6 11 4 0 15 46 108 48 0 4 1 1 1 0 -2 6 4 -8 8 9 0 13 8 4 6 0 4 2 2 1 0 1 2 1 6 0 22 9 0 1 0 1 1 0 2 0 -1 0 0 0 0 1 1 0 1 0 1 1 -1 0 0 0 0 -1 -1 0 0 0 -1 1 0 1 0 1 4 16 37 0 
32 0 20 5 3 0 0 5 -2 1 -1 -4 4 4 1 6 5 6 4 3 -5 -1 1 6 2 -3 4 6 1 1 1 2 6 13 43 82 68 35 34 11 11 3 -3 -4 1 -3 -2 4 -2 9 -4 0 -5 -1 -1 4 0 1 0 -1 3 0 -1 -9 15 20 0 6 3 4 2 0 0 2 0 1 0 0 1 1 0 0 1 0 1 1 0 -1 0 0 1 0 1 0 1 3 1 1 0 2 17 22 21 0 20 
-6 -16 -4 0 -1 -15 -12 -14 -3 -3 -3 -3 -11 0 -4 -22 -12 -10 0 0 3 -1 -3 0 0 9 6 -4 0 3 5 3 7 0 3 11 38 52 0 84 118 58 33 0 2 3 -7 -8 0 -7 -1 -2 1 -1 2 9 17 14 8 2 -2 3 -1 -1 13 -13 28 20 8 2 0 1 -2 -2 0 -2 -1 0 0 1 0 -1 1 0 0 1 0 0 1 1 0 1 0 0 2 -6 1 0 5 38 40 10 0 -5 -7 
36 7 -9 -11 12 2 28 0 1 -1 -5 -5 0 -8 -4 -6 -3 0 4 -11 2 7 0 -1 2 6 -5 0 7 3 4 3 0 0 1 2 -7 0 -1 4 4 36 0 87 123 17 12 0 1 1 0 3 0 1 -6 16 10 0 11 14 2 -2 -6 3 -17 32 7 12 30 14 2 3 0 0 1 1 1 1 0 0 0 1 -1 0 0 0 1 1 -1 0 0 1 0 0 -1 7 13 9 17 11 -21 -9 -11 0 -21 
-3 -9 -18 -6 -10 -29 0 5 -1 -1 -1 0 -27 5 3 10 0 22 3 2 13 0 4 -1 2 -18 0 -3 4 5 0 0 -4 7 0 0 0 -14 0 4 7 0 9 2 35 114 0 14 2 0 0 0 2 0 3 -14 0 10 -14 -9 0 0 -3 0 16 -13 -6 4 0 -3 14 1 3 0 0 -2 1 2 0 0 0 0 0 0 0 2 0 0 0 2 5 2 5 0 3 -6 -9 1 0 -10 4 21 33 18 22 
0 13 19 -10 -18 0 -2 -1 1 -4 0 0 18 8 7 0 -12 -16 14 14 0 -2 3 5 -10 0 7 7 3 3 0 -2 3 -4 -11 0 16 5 -3 -5 0 -14 -2 8 2 0 109 35 11 1 0 2 1 0 1 0 -13 -4 25 15 0 15 22 16 16 -16 -39 0 -12 1 23 44 0 11 3 2 3 0 0 2 0 1 0 0 1 2 2 0 2 4 2 10 0 36 29 15 35 0 41 26 27 17 31 25 0 
-10 -27 -29 -9 0 4 14 8 -1 3 -5 6 18 -8 -6 9 -5 3 7 -1 -31 -3 4 13 8 1 5 4 -21 -6 -13 7 4 12 -2 3 3 16 3 -1 -1 20 0 2 4 -1 11 115 46 17 2 1 2 1 -1 -2 -17 -10 -3 3 13 33 39 24 18 -29 -4 -39 -23 -37 -25 0 36 16 20 18 0 21 5 3 0 0 0 0 -1 0 0 -1 1 2 9 0 11 -2 8 2 0 4 -6 -1 -14 0 -4 -3 -2 
15 -4 12 0 24 0 5 4 0 0 5 -2 -1 0 -10 5 1 -2 0 -2 17 19 -16 0 -11 -1 3 -3 0 20 7 19 -7 2 0 9 3 3 5 7 1 10 -5 -4 5 4 -6 6 43 66 101 6 2 3 1 -2 -9 -7 -3 19 17 23 2 8 -7 59 34 32 7 12 23 -21 -36 -27 -12 -13 -7 18 42 17 5 1 1 0 1 0 0 0 -3 -3 0 0 -9 -3 6 0 0 0 -2 0 0 20 -1 -2 -4 
6 30 0 0 -33 -30 -12 0 -1 1 -1 0 0 -14 -19 11 -10 0 6 17 13 5 0 2 -5 -10 1 0 -20 -28 -22 -7 0 16 6 -4 -1 0 0 4 -2 -20 0 3 -6 6 13 0 2 24 66 142 0 4 7 2 3 0 -2 -20 9 -9 0 5 9 23 14 0 19 43 20 42 0 3 11 0 6 -6 -7 25 12 2 0 0 -1 -1 0 0 2 -5 2 -12 -8 8 -1 8 1 0 -3 -7 9 -5 -9 -5 -5 
-19 0 -18 -3 -2 27 0 -11 -10 -9 -10 0 11 6 16 20 0 -2 -3 -23 -9 0 -6 -4 6 -9 0 10 12 14 7 0 10 -14 -4 2 0 3 -1 0 10 0 -4 12 9 4 0 2 2 4 4 0 108 63 30 33 0 0 -1 -14 -24 0 -20 -6 5 -13 0 -6 4 11 15 0 37 30 28 38 0 11 9 -12 -4 -2 3 0 1 1 1 2 0 0 -8 -2 5 0 3 9 -1 -2 0 -2 -13 -9 -6 0 -16 
0 -3 -14 -11 -9 0 -18 -2 -1 -11 0 0 -2 -18 -3 0 -4 20 18 18 0 -11 -3 23 20 0 11 1 6 -2 0 -7 -8 -10 2 0 -1 0 -7 -4 0 18 -1 7 6 0 2 1 2 2 0 6 0 34 19 0 106 44 14 -2 0 -20 -4 -27 -7 0 -3 1 -5 2 0 -16 -4 1 -1 0 -19 -17 -8 -18 -14 -5 0 1 1 3 3 0 0 0 -3 -6 0 -4 -16 -20 -35 0 -11 31 -7 3 0 -26 -1 
20 -5 10 9 -4 7 -8 -9 6 6 13 7 6 4 -10 -3 12 -4 0 10 3 6 -3 -5 -7 -4 -4 -2 -6 -3 -5 3 -2 0 -15 18 10 5 9 3 0 -3 -7 -13 -5 0 -3 -1 1 0 -1 1 2 -5 6 6 10 112 65 42 18 -3 -13 -5 0 0 -9 -9 -2 0 17 3 15 9 0 7 12 -1 3 0 3 1 -1 -1 0 -2 0 -1 0 1 2 0 -7 14 -3 7 0 5 11 5 11 0 -2 -1 25 
2 4 0 0 14 -6 -4 20 0 5 1 12 5 0 -9 2 -27 -17 0 11 -11 0 -11 -3 -14 -3 -2 -5 0 12 -2 1 -5 3 -9 -24 -14 -7 -2 -14 -5 -2 -2 -4 -18 -8 -12 3 0 3 0 -1 -10 2 -10 -8 5 3 8 37 64 60 29 -2 -14 -29 -25 -26 -15 -20 -23 -13 -10 4 3 9 18 30 14 15 16 5 1 1 1 1 0 1 2 2 0 -2 4 -26 9 0 34 -3 -10 -12 0 10 -5 13 9 
-10 -11 0 -8 14 8 12 0 0 -5 4 -14 0 -2 7 2 -9 0 9 -22 -20 -7 0 12 6 5 3 0 -2 -2 2 0 0 0 7 4 0 0 7 7 2 0 0 3 14 7 14 0 1 0 1 2 0 2 1 0 2 0 4 7 11 20 0 67 115 26 10 0 -23 -19 -40 -34 0 -12 -7 -12 -6 0 11 18 36 17 0 1 3 0 1 0 5 2 -1 1 3 20 -23 -14 -18 -19 -20 0 -1 -12 -2 5 -2 
7 0 2 7 9 1 0 -2 9 8 10 0 37 12 14 19 0 32 7 24 29 0 0 0 10 6 0 5 1 7 5 0 2 -3 2 -6 0 -21 -3 2 6 0 0 7 17 17 0 0 0 -2 -1 0 -2 0 2 -2 0 1 1 4 7 0 2 3 24 54 0 79 82 45 85 0 23 21 -6 -3 0 -4 -6 -2 -3 0 12 6 3 6 0 13 30 0 2 7 34 0 -6 4 -7 -11 -4 7 -8 -11 8 0 -6 
0 -1 3 5 10 0 -2 11 12 0 0 -3 0 6 10 0 3 5 12 4 0 -43 -11 -39 -12 0 15 9 2 2 0 8 2 2 3 0 12 7 -7 -6 0 0 8 5 3 0 2 0 -3 1 0 4 4 0 5 0 4 -4 3 0 0 4 2 4 3 0 11 1 28 12 0 104 61 73 73 0 82 13 -11 0 0 2 -20 4 8 0 42 27 18 -12 0 9 18 -6 10 12 32 0 6 -2 9 -2 0 -7 -6 
5 5 2 -20 -5 -21 1 5 -2 0 0 7 4 -9 3 1 0 -1 -25 -16 11 18 23 25 -6 3 -14 -5 -7 5 -9 -6 3 2 2 1 2 10 4 -9 -1 5 1 -2 -2 -1 1 3 0 0 0 -5 3 4 0 -1 0 -8 1 0 8 0 0 0 0 0 2 4 3 0 0 3 3 -2 0 9 10 116 38 0 4 2 31 7 0 -4 0 -21 -33 0 25 18 2 10 0 -2 -10 14 12 13 -13 0 -28 -10 -23 
0 3 1 0 16 13 2 -15 0 -21 -33 -5 -6 0 4 -8 -26 -4 -11 -2 -20 14 11 -1 -1 2 -1 14 0 4 -2 -1 1 3 1 3 1 0 5 7 1 -1 4 1 -3 -1 0 -2 1 1 0 -2 0 -4 -5 8 5 -3 -3 -6 -5 -2 0 -1 3 2 0 3 1 -5 -3 -3 -9 0 0 -2 0 1 47 23 5 17 7 18 37 24 -4 27 11 63 9 4 17 18 -7 -16 7 -2 3 -6 0 -5 0 -14 -6 
0 0 0 6 0 5 4 0 5 15 -2 -8 0 -25 -26 -4 4 0 9 -3 15 2 0 7 8 13 7 0 -33 -6 -23 -1 7 -4 1 0 0 1 -1 0 0 2 3 -2 -1 0 -1 -2 0 -3 0 -2 0 4 2 5 -2 0 -4 5 2 2 0 5 1 3 1 0 -4 4 -3 2 0 5 -8 -6 0 1 4 47 13 -11 3 18 2 -10 30 -15 8 -13 -11 16 1 -7 13 -2 -13 7 -6 -11 8 0 2 6 12 
-5 0 -23 -27 0 -3 0 -3 -9 7 20 0 14 2 2 2 0 -20 -8 23 -7 -16 -13 3 0 -12 -2 12 2 0 11 8 7 5 0 5 1 2 0 0 4 3 0 1 0 -4 -1 1 -2 0 -1 -2 -7 -1 0 -6 0 0 -4 3 0 0 1 3 2 2 0 0 -1 0 1 0 -4 0 -1 -5 0 -3 -4 0 49 0 -3 -21 -6 34 0 -13 -10 -4 5 0 -18 -15 -17 3 0 0 5 6 -14 0 -8 -13 -14 
0 26 9 -11 -8 0 -2 -6 1 -9 0 -7 -2 -12 -2 0 -8 -4 13 -2 6 8 2 -20 -18 -14 -50 -12 -4 5 5 9 6 2 3 4 4 0 -2 6 4 2 -1 0 1 -3 -3 1 0 0 2 3 5 0 4 -1 0 3 0 4 -5 -7 5 3 0 -1 -2 -4 -8 -5 0 -3 -3 -5 -3 0 -2 3 6 0 0 61 44 -11 -30 0 -15 -9 2 5 0 -1 -26 -11 -7 0 3 -3 2 -8 0 -6 12 -8 8 
2 -11 -5 0 7 19 5 0 -14 -8 8 0 -14 -10 -2 -16 1 4 -4 8 2 0 -3 5 33 39 26 0 3 -3 2 -3 -3 0 2 5 3 2 4 6 2 1 1 -2 1 2 -1 -3 -3 0 0 0 9 11 7 6 2 1 -2 -14 -10 5 -2 -1 4 1 -2 5 -2 0 2 1 -2 7 0 2 -4 -5 -5 0 2 2 34 39 0 -13 -20 -16 -1 0 0 -19 6 -20 0 -15 -12 -17 2 0 10 13 17 18 0 
-11 -7 20 0 9 3 5 2 0 25 22 0 10 11 7 31 0 -16 2 2 8 0 11 17 18 -25 0 -38 -12 4 6 0 2 -7 -4 -26 0 -4 -5 3 0 0 -1 1 -3 -1 0 -2 -2 0 1 0 2 6 6 2 0 4 11 2 11 0 7 3 0 -5 3 -4 5 10 3 5 8 2 2 1 3 -4 -7 0 2 2 5 3 18 32 81 39 -10 -44 -58 -54 -37 0 -11 -6 4 6 0 4 5 5 12 0 -2 
7 1 0 -17 -3 -7 -2 -3 -5 -12 0 6 -1 -27 -1 0 4 11 7 -3 0 -11 -7 0 -10 0 10 22 8 -15 0 -21 -16 -15 -11 0 -6 5 0 -7 0 -7 -8 -10 -6 0 1 0 2 4 0 -1 2 -2 3 0 -11 -3 -8 4 0 5 0 -4 -4 0 -2 2 -2 2 0 0 -2 0 2 0 2 5 12 1 2 0 2 1 0 -3 5 31 73 118 23 12 7 2 -1 -7 -14 -5 17 10 16 4 -11 -25 -49 
15 0 -11 -9 5 -2 6 6 2 0 10 2 10 32 0 -22 -6 -1 4 0 -2 7 1 11 0 16 -7 -2 -5 0 8 18 27 1 0 0 -2 5 -5 0 1 1 -4 -1 0 -5 2 -2 -1 0 0 0 2 0 0 23 12 1 10 0 1 0 -2 -1 0 3 -3 0 -1 0 7 6 5 6 0 -1 1 2 2 0 2 0 2 5 1 5 0 4 5 22 49 0 63 91 8 3 0 -16 -39 -33 -32 0 -44 -24 -22 
0 5 6 10 8 -2 2 -2 2 6 1 -3 -7 -12 -13 7 2 -12 -6 -4 -2 0 2 7 -8 -6 -2 -7 -13 0 -9 -18 -8 14 11 14 6 -4 0 -3 4 0 -7 0 3 5 7 2 0 0 -2 2 1 0 1 0 18 5 0 6 1 -1 0 0 1 -5 1 1 0 -2 1 1 1 0 8 2 4 2 0 0 1 5 1 0 4 -1 3 2 2 2 0 9 3 74 123 0 34 54 6 18 0 2 7 1 6 
-35 -35 0 1 -8 -7 5 0 -1 6 -1 0 7 -1 -1 -3 -1 -2 3 12 27 5 5 -7 30 0 17 7 12 10 -7 0 -10 4 2 6 6 12 26 18 12 7 12 10 -9 -4 -4 0 7 0 0 2 -3 -1 0 4 3 2 3 1 5 3 4 1 -1 9 4 0 1 -3 -5 2 -1 5 1 5 0 -4 0 1 -4 2 2 1 -3 -1 2 1 2 0 1 3 2 1 0 43 33 89 79 0 118 90 61 95 0 
27 0 14 -18 -6 1 0 -1 0 6 13 0 3 10 6 -8 0 2 -2 1 0 0 14 12 12 12 0 1 -5 10 24 0 21 12 10 7 0 0 -15 0 -18 0 -16 -13 -2 -2 0 5 2 0 3 0 2 1 0 -2 0 -3 -10 -11 -14 -5 -3 1 0 1 0 0 0 -4 2 2 -4 0 -8 -16 -5 2 4 0 5 4 -2 -1 1 3 -1 0 0 0 0 1 2 0 -3 0 0 3 0 10 2 56 8 0 20 
0 -32 16 -16 2 0 4 4 6 1 0 0 2 -3 12 0 -6 2 -9 -9 0 -21 -3 -20 -45 0 0 16 2 5 0 -3 -12 0 -7 0 -30 -11 -36 0 0 10 14 8 7 0 5 4 0 2 0 -1 3 0 -3 0 -1 -5 -12 -10 0 0 4 5 3 0 4 3 0 -5 0 -1 -3 0 9 0 5 7 0 1 0 -6 -7 3 2 0 0 1 0 2 0 2 1 1 8 1 2 0 1 0 1 2 2 2 2 
29 18 14 14 0 1 2 0 1 0 0 -4 3 3 0 12 13 1 2 0 13 4 -8 2 0 17 -1 2 -15 0 2 -18 6 -6 0 -11 -11 10 14 0 11 2 6 1 0 18 12 3 3 0 4 3 2 -1 0 -5 1 -9 9 0 -2 -8 -11 -20 0 4 6 -1 12 0 -5 -2 5 -1 0 9 -6 -1 -2 0 -1 -5 0 0 0 3 4 0 1 0 0 1 0 2 0 5 2 -4 -1 -1 2 0 1 0 2 
0 7 0 0 3 5 5 -1 -1 -8 0 4 -1 5 3 4 4 3 1 1 0 25 14 -11 0 -6 -8 0 0 -1 6 10 0 0 21 17 18 16 0 -1 -6 0 -3 0 0 -6 0 1 0 1 2 5 -1 0 0 1 -3 -1 0 -5 -7 16 0 0 -1 -8 -4 1 0 4 -7 -20 -5 0 -6 -4 -11 -2 0 5 1 -3 10 0 0 -15 1 -1 0 2 0 1 2 0 -2 0 0 2 0 2 0 1 3 2 0 
0 0 0 0 -12 0 0 0 -2 2 -11 0 0 0 0 0 1 -1 1 -4 -13 2 0 -3 -3 -9 3 2 12 27 -11 0 5 2 -4 -19 9 -2 -5 1 -3 -13 -5 -4 -6 -4 0 -5 -8 -2 -9 -2 1 1 2 1 -4 2 -1 7 -9 -1 -6 -7 -2 -4 6 -9 -3 1 9 -2 -23 -1 19 14 3 0 -14 -9 -9 6 0 -9 6 -8 0 0 0 1 2 0 0 2 2 0 2 0 -2 1 0 2 0 1 0 
3 0 -23 -5 0 -12 0 0 0 5 2 0 0 0 0 2 0 0 0 -1 0 0 -13 2 7 8 0 -3 -5 7 -3 0 -11 -15 -11 14 0 2 2 2 -8 0 12 4 -2 -4 0 -8 -20 -12 -7 2 -5 -7 -3 -1 4 -4 2 -2 -6 6 6 12 3 1 1 -27 -18 1 0 -11 1 -19 -12 -16 -7 1 7 -3 11 -2 -13 10 -1 1 -2 1 1 0 0 -1 0 2 0 3 3 6 2 -1 1 -1 -2 -1 3 
0 -13 33 23 0 0 -1 1 0 0 0 0 -2 0 0 0 1 1 -1 2 0 3 5 2 2 0 -13 -6 -9 -23 0 12 18 31 45 1 -9 -21 -2 -10 -7 19 -8 0 0 4 -7 7 0 -14 4 2 -2 -7 5 4 2 15 0 20 0 -16 -14 -9 -14 0 2 23 13 -6 0 2 12 29 -6 0 7 4 7 41 0 1 5 -3 0 0 1 1 -1 -1 0 2 -1 1 0 -12 -17 -24 -3 2 0 0 -1 -1 -1 
-1 5 14 -3 0 -9 -1 3 0 0 2 2 -6 -9 0 0 0 0 -1 0 2 -2 5 6 0 11 -5 -16 -4 -4 -3 6 0 -6 -21 -15 -7 0 17 10 9 -2 0 12 -2 7 4 0 18 32 21 17 0 -8 -29 -21 -12 0 9 6 29 13 0 16 0 -11 5 0 6 0 2 4 29 -27 0 20 0 2 -18 0 -5 -4 -17 2 0 3 2 -1 0 0 2 0 3 -3 0 -15 12 -9 -3 0 1 0 -1 2 0 
-1 0 -16 6 4 6 3 -5 -9 0 -2 1 4 8 -12 -4 0 0 3 4 1 7 2 2 2 -6 5 3 -9 -5 19 -4 -6 8 7 -10 2 11 -7 -5 8 10 2 -22 -23 -6 -2 -16 -10 -7 -11 -3 11 3 22 6 -9 -6 -7 1 5 10 7 -22 1 25 10 1 8 6 5 0 -10 24 17 0 -7 25 0 6 1 2 -4 0 0 2 1 3 0 6 4 0 -2 0 -6 4 29 16 0 0 1 -1 1 0 0 
-10 1 0 28 3 8 8 0 6 0 0 -3 -4 6 14 4 -9 -7 -5 -13 0 0 0 0 0 0 6 8 16 15 0 -11 -14 -6 -9 0 7 7 -23 8 0 -28 -6 4 13 0 2 9 8 -6 0 -2 -3 -4 -24 -2 28 -14 0 -30 -8 -12 0 18 13 -4 -24 -1 -7 1 -11 1 21 19 -23 -7 -7 -23 -12 -23 -5 -16 0 -2 2 2 -2 0 -2 -7 3 0 0 6 30 -6 -21 0 0 0 -1 0 0 -2 -8 
16 0 -22 -19 -14 -31 0 -26 -30 -10 -1 0 4 2 5 4 -1 7 6 0 5 -7 -6 2 0 -14 -10 1 -3 0 -11 1 7 -10 0 15 1 6 16 0 2 12 5 1 0 6 -3 6 0 0 9 8 5 8 0 13 9 -13 6 0 -4 20 -14 -30 0 -25 -2 -6 11 0 11 -2 -6 4 0 6 14 -1 -19 0 -8 -14 -15 2 0 -3 2 -24 -6 2 -11 -3 1 2 -1 15 19 14 0 2 2 2 -1 -1 -1 
0 9 -2 5 18 0 24 23 12 16 0 0 0 0 0 1 1 0 0 -7 0 9 -4 0 -3 2 -1 0 0 0 -2 -3 -15 0 -15 -16 -4 0 0 -12 -4 -3 -1 0 6 -18 -17 -11 0 21 1 -18 0 0 -7 -3 16 3 0 -1 4 -4 16 0 -6 10 14 -12 0 0 0 -2 8 0 -22 -23 -25 10 0 38 18 0 -6 0 -1 2 7 25 5 -9 -2 -1 0 -4 -5 -8 -6 -7 -6 2 3 4 1 -1 8 
0 4 -6 9 0 0 0 12 0 0 0 4 -10 0 1 -3 0 1 -3 1 -8 4 8 12 1 9 -2 -10 -12 -3 -7 -5 0 5 -14 -13 2 0 -12 6 -5 -4 0 2 2 21 -1 0 -15 -6 3 2 0 -14 -6 -9 -4 0 -3 3 -10 -1 0 2 15 4 -7 0 -13 -26 -1 0 0 44 44 0 16 0 -6 -3 10 13 0 6 1 5 -5 0 18 20 31 17 0 1 0 10 -4 -4 0 0 -12 -12 -2 1 0 
-10 -7 3 0 -5 0 -3 0 4 0 -2 0 -4 1 -28 -2 -2 -2 2 5 -3 -8 -14 -9 4 -4 6 12 6 2 1 5 17 -12 -4 7 -17 -3 -4 -4 4 1 3 7 2 -15 -1 10 4 -13 -2 -5 -15 -2 8 -11 -5 -15 -29 8 -6 2 3 21 7 5 0 19 14 21 12 0 -14 -28 -16 -32 0 1 -4 -30 -35 0 11 1 3 -11 0 -3 8 2 -2 0 0 -1 2 3 10 4 0 -5 -22 0 -2 0 3 
-3 -3 0 -1 1 0 -11 -8 -1 1 0 -3 -13 21 17 0 -3 2 -1 4 0 9 -5 -21 -26 0 -13 -11 0 -5 0 4 -8 -3 -2 0 18 8 -8 6 0 8 -8 0 -6 4 -7 2 13 -2 16 1 13 5 1 12 13 26 7 19 10 25 22 18 -11 -3 -16 -7 -6 -4 -5 -8 -14 -22 20 -1 -15 -30 -6 7 -13 -22 3 0 -2 12 8 -7 -9 -12 1 -16 2 -3 -17 -14 -1 2 -3 -5 -14 12 0 -1 7 
9 1 4 -13 0 9 19 4 -4 0 -4 -9 -11 -16 0 12 10 2 -1 0 0 2 10 24 0 -12 0 0 -21 0 10 7 9 20 0 7 0 -10 12 0 18 10 0 10 0 4 4 15 -13 0 2 4 7 1 0 2 15 14 14 0 2 -11 -3 -14 0 -7 8 5 -6 0 -10 -7 10 19 0 -42 12 18 1 4 6 -7 14 8 8 9 9 8 7 17 8 24 14 12 7 32 3 3 6 14 16 2 2 -1 -11 
-3 5 5 0 9 -2 -5 -6 0 -12 -1 18 8 0 2 5 4 0 0 1 1 1 -1 0 22 11 3 9 0 -1 -7 -12 -25 0 7 16 -4 -3 0 -10 -8 -8 6 0 -4 -14 -5 -15 0 -13 4 3 -2 0 -11 5 -2 -4 0 8 0 -11 -7 0 -3 19 13 2 0 7 9 20 -17 0 -2 38 36 -3 0 -3 0 -7 -14 0 -9 12 4 1 0 -2 -1 5 -8 0 0 -15 -1 -2 0 1 0 -1 -9 0 -7 
-14 -6 6 -9 2 6 -1 -3 -9 0 -2 -3 -4 8 0 0 -6 0 -3 0 0 0 0 0 0 7 0 0 6 7 12 5 0 -1 2 3 0 0 0 -2 -20 3 0 -9 7 12 13 0 30 23 21 7 0 6 12 2 3 0 1 1 4 9 0 10 11 4 -2 0 -30 -26 9 -2 0 21 0 0 -9 0 -16 -3 -19 16 0 14 -7 -18 -2 0 -21 -15 -3 -3 0 -3 -11 -7 -4 0 10 11 -6 -1 0 -1 25 
15 0 3 11 -6 -5 0 -19 7 7 15 1 6 0 -1 3 -5 -2 5 -2 -3 -2 0 0 0 -3 -4 0 0 0 5 12 9 7 -14 -16 -13 -2 -7 18 0 1 6 17 -12 17 4 11 0 5 2 5 2 11 9 3 0 -3 -8 -20 -18 0 4 -4 -14 -18 0 -6 -12 -15 -10 0 16 -14 -7 0 0 -15 16 -1 24 0 -27 -19 13 30 0 11 14 -3 -2 0 40 2 -8 18 0 -8 -14 -9 -32 0 9 18 1 
0 1 7 -15 3 0 12 16 12 0 0 0 0 0 3 0 -3 -2 0 -3 0 2 -13 0 -3 0 3 -18 -5 -12 0 3 1 23 25 0 3 8 -24 -16 0 4 1 -9 3 0 -19 -16 -21 -16 -25 -2 6 0 -15 -2 -21 -3 7 -14 4 9 2 -3 8 16 2 2 -10 12 -9 18 2 2 7 17 36 46 33 3 0 1 31 -38 0 2 -10 11 21 32 19 22 -34 -35 11 0 -10 1 0 -16 0 -3 -9 -12 18 
