0 0 0 0 -1 0 1 0 0 0 0 -1 0 0 1 0 0 0 0 0 0 0 0 0 0 0 0 1 0 0 0 0 0 0 0 0 0 -1 -1 -1 0 0 1 0 1 0 0 0 0 0 0 0 -1 0 0 0 1 0 0 0 0 0 0 0 0 0 0 0 0 0 0 -1 0 0 0 0 0 0 1 0 0 0 0 0 0 0 0 0 0 0 0 0 0 0 0 0 0 0 1 0 0 0 0 0 0 
0 0 0 -1 0 -1 0 0 1 0 0 1 0 1 0 1 0 -1 0 0 0 0 0 0 0 0 0 0 0 0 0 0 0 0 0 0 0 0 0 0 0 0 -1 0 0 0 0 0 0 0 -1 0 1 0 -1 0 0 -1 0 0 0 0 0 1 0 0 0 1 0 0 0 0 0 0 0 0 0 0 0 -1 0 0 0 0 0 0 0 -1 0 0 0 1 0 0 0 0 0 0 0 0 1 0 0 0 0 
0 -1 -1 1 -1 0 0 0 -1 1 0 0 1 -1 1 0 1 -1 0 0 0 0 0 0 0 0 0 0 0 0 0 0 0 0 0 0 0 1 0 -1 0 0 -1 0 0 1 0 0 0 1 -1 0 0 0 -1 0 -1 0 0 0 0 0 0 0 0 0 0 0 0 0 0 0 0 -1 0 0 0 0 0 -1 0 0 0 0 0 -1 0 0 -1 0 0 0 0 0 0 0 -1 0 1 0 0 0 0 0 0 
0 0 0 0 -1 1 0 0 0 0 -1 0 1 -1 1 0 0 -1 0 0 0 0 0 0 0 0 0 0 0 -1 0 0 0 0 0 0 0 1 -1 0 -1 0 0 -1 0 -1 0 -1 0 0 0 -1 -1 0 0 1 0 0 0 -1 0 0 0 0 0 0 0 0 0 0 0 0 0 0 0 1 -1 -1 0 0 0 0 -1 0 0 0 1 0 0 0 0 0 0 0 0 0 0 0 0 0 0 0 -1 0 0 
0 0 0 0 -1 0 1 0 0 1 -1 0 1 0 -1 0 0 -1 0 0 0 0 0 0 0 0 0 0 0 0 0 0 0 0 0 0 -1 0 1 0 1 0 0 0 0 1 0 0 0 0 1 0 0 0 0 0 0 -1 0 0 0 0 0 0 0 0 -1 0 0 0 1 0 1 0 0 0 0 0 0 0 0 1 -1 0 0 0 0 0 0 0 0 1 -1 0 0 0 -1 -1 0 0 1 0 0 0 0 
-1 0 0 0 0 0 1 0 0 -1 -1 0 1 0 0 0 0 0 0 0 0 0 0 0 0 0 0 0 0 0 0 -1 0 0 0 0 0 0 0 0 0 -1 1 0 1 0 0 0 0 0 0 0 -1 0 -1 0 0 0 0 -1 0 0 0 0 0 0 0 0 0 0 0 0 1 -1 0 0 0 -1 0 0 0 0 0 -1 0 0 0 -1 0 0 0 0 0 0 0 0 -1 0 0 0 0 0 0 0 0 
-1 -2 0 0 0 0 0 0 -1 -1 0 0 0 1 0 -1 0 -1 0 0 -1 0 0 0 0 0 0 0 1 0 0 0 0 0 0 0 0 0 1 0 0 1 1 -1 0 -1 0 0 0 0 0 0 0 0 0 0 0 -1 0 -1 -1 0 0 0 0 0 0 1 0 0 0 0 0 -1 0 0 0 0 0 -1 0 0 0 0 0 0 0 0 0 0 0 0 0 0 0 0 -1 0 0 0 0 0 0 0 0 
0 0 -1 0 0 0 0 0 0 -1 -1 2 1 -1 -1 0 1 -1 0 1 0 0 0 0 0 0 0 0 0 0 0 0 0 0 0 0 0 0 0 1 0 0 1 0 0 0 0 0 0 1 0 1 -1 0 0 0 1 0 0 -1 0 0 0 -1 0 0 -1 0 0 0 1 0 0 0 0 0 0 0 0 -1 0 0 0 0 1 0 0 0 0 0 0 0 0 0 0 0 -1 0 0 0 0 0 0 0 0 
1 -1 -1 -1 0 0 1 0 0 0 0 1 0 0 0 0 1 0 0 1 0 0 0 0 0 0 0 0 0 0 0 0 0 0 0 1 0 0 0 -1 0 0 1 -1 0 -1 0 -1 0 0 -1 0 -1 0 0 0 0 0 1 -1 0 0 0 0 0 0 0 0 0 0 0 0 0 0 0 0 0 1 0 -1 0 0 -1 0 1 0 0 0 0 0 0 0 -1 0 0 1 -1 0 0 0 0 0 0 0 0 
0 -1 0 -1 0 0 0 -1 1 0 -1 0 0 1 1 0 1 0 0 1 0 0 0 0 0 0 1 0 0 0 0 0 0 0 0 0 0 0 0 1 0 -1 0 -1 0 0 0 -1 0 0 0 1 0 0 0 0 -1 0 1 0 0 0 0 0 0 0 0 0 0 0 1 0 0 0 0 0 0 1 0 0 0 1 -1 1 0 -1 1 -1 1 0 0 0 0 0 0 1 0 0 0 0 0 0 0 0 0 
0 3 -1 -4 0 -1 0 0 0 0 0 0 0 0 1 0 0 -2 0 0 0 0 0 0 1 0 1 0 0 0 0 0 0 0 0 0 0 0 0 -1 0 -1 0 0 0 -1 0 -1 0 1 -1 0 -1 0 -1 1 0 0 0 -1 0 1 0 0 0 0 0 1 0 0 0 0 -1 0 0 0 0 0 -1 0 0 0 0 -1 0 0 0 0 0 0 0 0 0 0 0 0 0 0 0 0 1 0 0 0 0 
5 2 0 4 -7 1 -2 0 -1 0 0 0 0 -1 0 -1 1 0 0 0 -1 -1 0 0 0 -1 0 0 0 0 0 0 0 0 0 0 0 0 0 0 0 0 0 -1 0 -1 0 0 0 0 0 1 -1 1 0 1 0 0 0 0 0 0 0 0 0 0 0 0 0 0 0 0 0 0 0 0 0 0 1 1 0 0 0 0 -1 0 0 0 0 0 0 0 0 0 0 0 0 0 -1 0 0 0 0 0 0 
7 -3 17 0 12 -14 -8 0 0 0 -1 0 0 0 -1 0 -1 -1 0 1 0 0 1 0 -1 0 -1 0 0 0 0 -1 0 0 0 0 0 0 0 1 0 -1 0 -1 1 0 0 0 0 0 0 1 0 0 0 0 -1 0 1 1 0 0 0 0 0 0 0 1 0 0 0 0 1 0 0 0 0 0 -1 0 1 1 0 0 0 -1 1 0 0 0 0 -1 0 0 0 1 0 0 0 0 0 0 0 0 0 
1 13 20 -9 0 -10 -8 2 -2 0 -1 0 0 0 0 1 0 -1 1 0 0 1 -1 1 0 0 -1 0 1 0 0 0 0 0 0 0 0 0 0 0 0 0 0 -1 1 -1 0 -1 1 -1 0 0 -1 1 -1 0 0 0 1 -1 -1 0 0 0 0 0 0 0 0 0 0 0 0 0 0 0 0 -1 0 0 1 0 0 0 0 0 0 0 0 0 0 1 0 0 0 1 -1 0 0 0 0 0 0 0 1 
9 -2 -3 -2 9 -13 -14 0 -1 -2 4 -2 0 0 -1 0 -1 -1 1 1 1 -1 -1 0 0 0 0 0 0 0 0 -1 0 0 0 1 0 0 0 0 0 0 0 -1 0 0 0 -1 0 0 -1 0 1 1 0 0 -1 0 1 0 0 1 0 0 0 0 0 0 0 0 0 1 0 1 1 -1 1 0 0 0 0 1 0 0 0 0 -1 1 0 0 0 0 0 0 0 0 0 0 0 0 0 0 0 0 0 
1 -9 0 -1 5 3 -4 -1 -1 -15 1 -1 0 0 0 0 0 -1 0 -1 1 0 0 1 -1 0 -1 0 0 -1 0 0 0 0 0 0 0 0 0 0 0 0 0 0 1 0 -1 -1 0 0 -1 1 -1 0 0 1 0 0 0 1 0 -1 0 0 0 0 0 1 0 0 -1 0 0 0 0 1 0 0 0 -1 0 0 0 -1 1 0 1 0 1 0 0 1 0 0 0 0 -1 0 0 0 -1 0 0 0 0 
-8 -4 0 -8 5 -9 0 0 -13 1 0 -4 0 0 0 0 0 0 0 -1 0 0 0 0 -1 1 -1 0 1 0 0 0 0 -1 0 1 0 0 0 0 0 0 0 0 0 0 0 -1 1 0 0 1 -1 0 0 1 -1 0 1 0 -1 1 0 0 0 0 0 1 0 0 -1 -1 1 0 0 0 1 -1 0 0 1 1 -1 0 0 0 -1 0 0 0 0 -1 0 0 0 0 0 0 0 0 0 0 0 0 0 
-5 -1 0 0 1 -1 0 -1 0 -1 -2 0 0 0 0 0 1 0 0 1 0 0 -1 0 0 1 -1 0 0 -1 1 0 0 0 1 -1 0 0 0 0 -1 0 0 0 0 0 1 -1 0 0 0 1 -1 1 0 0 0 1 0 0 0 0 0 1 0 0 -1 0 1 0 0 1 -1 1 0 0 0 0 1 -1 0 1 -1 0 -1 0 1 0 1 0 0 0 0 0 0 0 0 0 0 0 0 0 0 0 0 
-5 0 -1 0 0 1 9 4 -4 0 0 0 0 0 0 0 -1 0 1 0 0 -1 0 0 0 0 -1 1 0 0 1 0 0 -1 0 0 0 0 0 0 -1 0 0 0 0 0 0 0 1 0 0 0 -1 1 0 0 0 1 0 -1 -1 0 0 0 0 0 0 1 0 0 0 0 0 -1 1 -1 0 1 0 0 0 0 0 0 1 0 0 1 1 0 1 0 0 0 0 0 0 -1 0 0 0 0 0 0 1 
-2 -2 0 0 1 0 0 -7 -6 0 0 0 0 0 0 -1 0 0 0 0 2 0 0 0 0 0 -1 0 1 1 0 0 1 -1 0 0 0 0 0 0 0 0 0 0 0 0 0 0 1 0 0 0 0 1 -1 1 0 0 1 -1 1 0 -1 0 0 0 0 0 0 1 0 1 0 1 0 0 0 0 0 0 0 1 0 0 -1 0 -1 0 1 0 0 -1 0 0 0 1 0 0 -1 0 0 0 0 0 0 
-4 0 0 0 3 0 4 -6 -3 -2 0 0 0 0 0 0 0 0 0 -1 1 0 1 0 1 0 0 1 -2 1 0 0 0 0 0 0 0 0 1 -1 0 0 0 0 0 0 0 0 0 0 0 0 -1 0 0 0 0 0 0 1 -1 1 -1 0 0 0 -1 -1 0 0 -1 1 0 0 -1 1 -1 1 -1 0 -1 1 -1 0 0 0 0 -1 1 0 0 -1 0 -1 0 0 0 0 0 0 0 1 0 0 1 
-7 0 0 2 2 0 0 0 -5 0 -1 0 0 0 0 -1 0 0 1 -1 1 0 0 0 -1 0 -1 0 0 1 0 0 0 0 0 0 0 0 0 0 0 0 0 0 0 0 0 0 0 0 -1 0 0 0 0 0 -1 0 0 0 -1 0 0 -1 0 0 0 1 0 0 -1 0 0 -1 0 1 0 0 -1 0 -1 1 -1 0 0 -1 -1 0 1 0 1 -1 0 1 0 1 0 1 -1 1 -1 -1 0 0 1 
-7 -4 4 0 -4 6 13 -25 0 0 0 0 0 0 0 1 0 0 0 0 1 -1 1 0 0 1 0 0 0 1 0 -1 1 0 1 -1 0 0 0 0 0 0 0 0 0 0 0 0 0 0 0 0 -1 0 0 1 0 -1 0 0 0 1 0 0 0 0 0 -1 0 0 0 0 0 0 0 0 1 1 0 0 0 1 -1 1 -1 0 0 -1 1 0 0 -1 0 0 0 0 0 1 -1 0 0 1 0 1 0 
-15 -3 2 8 0 1 -9 0 -1 0 -1 0 0 0 0 -1 0 -1 0 0 0 0 -1 1 0 1 0 0 -1 0 1 1 0 -1 0 -1 0 0 0 0 -1 1 0 0 0 0 0 0 0 0 0 0 -1 0 0 0 -1 0 0 0 -1 0 0 -1 0 0 0 0 0 0 -1 0 0 -1 1 -1 0 -1 0 0 -1 0 0 0 1 0 0 0 0 0 1 0 0 0 0 1 0 0 0 1 -1 0 0 1 1 
-5 -6 12 2 -5 0 0 -1 1 0 0 0 0 0 0 0 -1 -1 1 0 0 0 0 1 -1 1 -1 0 0 0 -1 -1 2 0 0 1 0 -1 0 1 0 -1 0 0 1 0 0 0 0 0 -1 0 0 0 0 0 0 -1 1 0 0 0 0 -1 0 0 0 -1 0 1 0 0 0 0 0 0 0 -1 1 -1 1 1 -1 1 -1 0 1 0 1 1 0 -1 0 -1 0 1 0 0 -1 0 -1 -1 0 0 0 
3 -3 1 -3 -2 -4 0 -1 0 0 -1 0 -1 -1 0 0 0 0 0 0 0 0 0 -1 0 0 0 1 -1 1 0 0 0 0 -1 0 0 0 -1 1 -1 0 0 0 0 0 0 0 0 0 0 0 -1 0 0 0 -1 1 0 0 1 1 0 0 1 -1 0 -1 1 0 0 0 0 0 0 -1 1 0 -1 0 -1 1 -1 0 0 0 0 0 0 0 0 0 -1 0 0 -1 0 1 0 -1 0 1 -1 0 1 
9 -5 0 -6 1 -1 0 0 0 -1 -1 1 0 -1 0 0 0 0 0 -1 0 0 0 1 -1 1 -1 0 0 0 0 1 0 -1 0 0 -1 0 0 1 -2 0 0 0 0 0 -1 0 0 0 0 0 0 0 0 0 0 0 0 0 0 0 0 -1 0 0 -1 0 0 1 0 0 0 0 0 0 0 0 -1 0 0 1 -1 0 -1 0 0 0 1 0 1 0 1 0 0 1 0 0 0 0 -1 0 -1 0 1 
-9 -2 1 0 0 -1 0 -2 0 -1 0 0 -1 0 0 0 0 0 0 0 0 0 0 0 -1 1 -1 0 0 1 0 0 0 0 -2 -2 0 -1 0 1 0 -1 0 0 1 0 1 0 0 0 0 1 0 0 0 0 0 0 0 0 0 0 0 0 1 -1 1 -1 0 1 0 0 0 0 -1 0 -1 0 0 -1 0 1 -1 0 0 1 0 -1 0 -1 0 0 0 0 0 0 1 1 -1 1 0 0 -1 1 1 
3 0 0 -2 0 0 1 -1 0 0 -1 0 0 1 0 0 0 -1 0 0 0 0 0 0 0 0 0 0 0 0 0 0 0 -1 0 0 -1 0 0 0 -1 1 0 0 0 -1 0 0 0 0 0 0 0 0 0 0 0 0 0 0 0 0 0 -1 0 0 0 0 0 0 -1 0 0 0 0 1 -1 0 0 0 -1 1 0 0 0 0 0 0 0 0 1 -1 1 0 0 -1 0 1 1 0 0 0 -1 0 1 
0 4 5 0 -1 1 2 0 2 -1 2 0 -2 1 -3 1 -1 1 0 -1 0 0 0 0 0 0 -1 0 0 1 0 -1 0 -1 0 -1 0 0 0 1 0 1 1 -1 0 0 0 0 0 -1 0 1 0 0 0 0 -1 0 0 0 0 0 0 0 0 0 0 -1 0 1 0 0 0 0 0 0 0 1 0 -1 0 0 0 0 0 0 0 1 0 0 0 0 0 0 0 0 0 1 1 -1 0 0 -1 0 1 
1 4 -1 -3 0 0 0 0 0 5 -4 -3 -3 0 2 -2 0 0 -1 -1 0 0 0 0 0 0 0 0 -1 1 0 0 0 0 0 -1 0 0 0 0 -1 -1 0 1 0 0 0 0 -1 0 0 0 0 0 0 0 0 0 0 0 0 0 0 1 0 0 0 1 0 -1 0 0 0 1 0 0 0 0 -1 0 1 0 0 1 0 0 0 0 0 -1 0 -1 0 0 0 0 0 0 1 0 0 0 -1 0 0 
0 2 -1 -3 0 0 -1 0 5 3 0 -5 -2 16 -12 0 -5 0 -1 -1 0 0 0 0 0 0 -1 0 0 0 0 0 0 -1 0 -1 0 0 -1 1 -1 0 0 1 -1 1 -1 0 1 -1 0 -1 0 0 0 0 0 0 0 0 0 0 0 0 0 0 0 0 0 1 0 0 0 0 0 0 -1 0 0 -1 1 0 0 0 0 0 0 0 0 1 0 0 1 0 1 0 0 0 0 1 0 0 -1 0 -1 
-1 0 0 -1 1 -2 0 -2 2 1 2 0 1 21 -11 -2 0 -4 -1 -1 -1 0 0 0 0 0 0 0 0 0 0 0 0 0 0 -1 0 -1 0 1 0 0 0 0 0 1 0 0 0 0 0 0 0 0 0 0 0 1 0 1 0 0 0 0 0 0 0 0 0 0 -1 0 0 0 0 0 0 0 0 -1 0 0 -1 0 0 0 0 -1 0 0 0 0 1 0 1 0 0 0 0 0 0 0 0 0 1 
-2 2 0 -3 1 0 -1 0 3 7 -2 -1 0 -1 -8 -2 -3 0 1 0 -1 1 0 1 -1 1 0 0 0 0 0 0 0 0 0 0 -1 0 0 0 0 1 0 -1 0 0 1 -1 0 0 1 -1 0 0 0 1 0 0 -1 0 0 0 0 0 0 0 0 0 0 0 0 0 0 0 0 0 0 0 0 0 1 0 0 0 0 0 0 -1 -1 0 0 -1 0 0 0 0 0 0 1 0 -1 0 0 0 0 
-4 2 1 0 0 5 1 -4 0 8 4 -4 8 0 -3 -4 -1 -1 0 0 0 0 1 0 -1 0 0 0 0 0 0 0 0 0 0 0 0 0 0 0 0 0 -1 0 0 1 1 0 1 0 -1 -1 1 0 1 0 -1 0 0 -1 1 0 0 0 0 0 1 0 0 0 0 0 0 0 0 0 0 0 0 0 0 0 0 1 0 0 0 0 0 -1 0 0 0 0 0 0 0 0 0 0 0 0 -1 0 0 
-4 2 2 1 5 1 3 0 5 -2 15 -6 -7 -2 0 -1 -1 -1 2 1 -1 -1 -1 -1 2 -1 1 0 -1 0 0 1 -1 0 0 0 -1 0 0 0 -1 0 0 1 1 0 -2 0 0 0 -1 0 0 -1 1 0 0 0 -1 1 0 0 0 0 0 0 0 0 0 0 0 0 0 0 0 0 0 0 0 0 0 0 0 0 0 -1 1 -1 -1 1 0 0 0 0 0 0 0 0 0 0 0 0 0 0 0 
0 -1 3 5 -3 0 2 1 7 0 0 5 -9 -4 -3 0 -3 -1 4 -3 0 -2 -1 2 2 0 -1 0 2 0 0 0 0 0 0 0 0 0 -1 0 0 0 0 0 0 0 1 0 1 0 0 -1 2 -1 0 0 -1 1 -1 -1 1 -1 0 0 0 0 1 0 0 0 0 0 0 0 0 0 0 0 0 0 0 0 0 0 0 0 0 0 0 0 0 0 0 0 0 -1 0 0 0 0 0 0 0 0 0 
0 0 1 1 0 0 0 -3 2 3 5 0 22 -33 -9 -2 0 0 4 24 -26 0 -5 -2 0 -1 0 5 0 -3 -3 0 1 0 1 0 0 0 -1 1 0 0 0 1 0 0 0 0 0 -1 0 0 1 0 0 0 0 1 -1 1 0 0 -1 0 0 0 0 0 0 1 1 0 0 0 0 0 0 0 0 0 0 0 0 0 0 0 0 -1 0 1 0 0 0 0 1 -1 1 0 0 0 1 0 0 0 0 
-1 -1 0 -2 0 -2 6 0 -1 5 -2 11 0 4 -4 -10 -8 0 10 28 -39 1 0 -4 1 -1 1 0 0 1 2 -1 0 0 -1 0 0 0 0 0 0 0 0 1 -1 0 0 0 0 0 0 -1 0 -1 -1 0 1 0 0 0 0 1 0 0 1 0 1 0 0 1 0 1 0 0 0 0 0 0 -1 0 0 0 0 0 0 0 0 0 -1 0 0 0 0 0 0 0 1 0 1 0 0 0 0 0 0 
0 0 0 0 4 -2 -1 3 0 0 0 10 -4 0 8 -8 -1 -2 0 44 -9 -33 2 0 1 -2 0 1 0 2 -1 -1 0 0 0 0 0 -1 0 0 0 0 0 0 0 0 0 0 0 -1 0 0 1 0 -1 0 -1 1 0 0 0 -1 0 0 1 -1 1 0 0 1 1 0 -1 0 0 1 -1 0 0 0 0 -1 0 0 0 0 0 0 0 0 0 0 0 0 0 0 0 0 0 0 0 0 0 0 0 
-1 0 0 0 0 -1 -2 0 0 -2 0 7 -5 -2 -4 6 0 3 7 5 8 -19 1 -7 -1 0 1 0 1 0 0 -2 0 0 1 -2 -1 0 0 1 0 1 -1 0 0 0 -1 0 0 2 -1 -2 -1 0 0 -1 0 -1 -1 0 0 0 0 -1 1 -1 1 -1 0 0 0 0 0 0 0 0 0 0 0 0 0 0 0 0 0 0 0 0 0 0 0 0 0 0 0 0 0 0 0 0 0 0 0 1 0 
0 -1 0 0 1 0 -3 0 0 0 0 7 -3 -1 0 0 3 3 -1 18 0 -1 1 5 -5 0 0 0 1 0 0 -3 -2 0 -1 0 0 0 -1 0 0 0 -1 1 2 0 1 -7 -3 -2 0 -16 -4 -1 0 0 -1 2 -1 -1 0 -1 0 0 0 0 0 -1 1 -1 1 0 0 0 0 1 -1 0 -1 0 0 0 0 0 0 0 0 0 0 0 0 0 0 0 0 0 -1 0 0 0 0 0 0 0 0 
0 0 2 0 -2 -1 0 0 -1 -1 0 0 0 1 1 0 0 3 -2 -1 2 0 1 1 0 0 0 4 -1 0 -1 0 1 -7 -8 -6 0 0 0 0 0 0 10 0 -17 -1 0 -12 -1 3 1 0 -2 -6 -1 0 0 1 0 0 0 0 1 0 1 -1 0 -1 -1 1 1 0 -1 1 0 0 0 0 0 0 0 0 0 0 0 0 0 0 0 0 0 0 0 0 0 0 0 0 0 1 1 0 1 0 -1 
0 18 0 -16 -2 -2 1 0 -1 0 0 0 0 0 0 0 7 0 -1 0 1 1 0 0 6 0 5 0 -1 1 -2 -2 0 4 4 7 -3 0 -1 0 0 3 0 12 -13 -6 12 0 -25 1 2 7 0 -3 -1 0 0 0 0 0 0 -1 0 1 1 -1 0 0 -1 -1 0 0 0 1 1 1 0 0 0 0 0 0 0 0 0 0 0 0 -1 0 -1 0 0 0 1 0 0 0 0 -1 1 1 0 1 -1 
2 7 30 0 -41 0 -2 -2 1 -1 0 0 0 0 0 4 -2 -1 1 0 0 0 -1 33 -8 11 -11 -3 0 -1 -3 0 -1 1 -3 2 9 4 13 -5 8 -8 -6 6 7 -4 7 4 0 -8 -2 0 2 0 1 -1 0 0 0 0 0 0 0 0 0 0 0 -1 0 0 0 0 0 0 0 1 0 0 0 0 1 -1 0 0 0 1 0 0 0 0 1 0 0 0 1 0 0 0 0 1 -1 1 1 0 -1 
-1 50 99 -14 47 -39 -12 7 -4 1 0 -1 0 0 0 0 1 -3 -2 3 -2 10 5 16 -11 -12 -5 2 -2 3 -2 -2 11 -7 5 -3 -2 3 7 -1 -1 7 -2 -2 12 -8 9 -5 3 0 -8 -2 0 -1 0 0 0 0 0 0 0 0 0 0 0 -1 0 0 0 0 0 0 -1 0 1 0 2 -2 -1 1 0 -1 0 -1 0 1 0 1 0 1 0 0 1 0 0 -1 1 -1 0 0 2 0 0 0 0 
0 84 -2 0 -24 0 59 -101 -26 -4 0 -1 0 -1 -1 0 0 1 0 0 0 9 -2 7 3 0 6 -11 3 -2 0 11 4 9 -14 0 -2 -2 6 1 0 -3 3 6 4 0 14 -9 9 -8 0 -1 1 -2 0 0 0 1 -1 0 0 0 0 0 0 0 0 0 -1 0 0 0 0 -1 1 0 1 0 -1 0 0 0 0 2 0 0 1 1 -1 1 0 0 0 0 1 1 -1 0 0 0 0 1 1 0 -1 
70 0 -2 7 -1 4 0 -10 -98 -27 -1 0 0 0 -1 1 0 1 0 0 1 0 -4 9 5 -6 0 -1 -14 -13 -1 0 -13 11 4 -5 0 0 8 -10 -2 0 28 -7 0 -1 0 -13 0 -9 -3 0 0 -1 1 -1 0 1 0 0 0 0 0 0 -1 0 0 0 0 0 0 0 0 1 1 1 0 0 -1 -1 0 0 0 -1 0 0 0 1 -1 1 -1 0 -1 0 1 -1 0 -2 -1 1 1 0 0 0 0 
-4 7 0 -3 1 1 -20 0 -44 4 -61 1 0 -3 1 -1 1 0 0 1 -1 2 0 -2 1 1 7 0 7 -3 -10 9 0 0 0 4 2 0 19 -5 -2 0 0 -3 -2 -1 -4 0 4 -6 0 0 0 -1 0 0 1 0 1 0 0 0 0 0 -1 -1 1 0 0 -1 0 0 0 0 0 0 -1 0 0 -1 0 -1 0 0 0 0 0 0 0 0 0 2 0 0 1 -1 0 0 0 -1 1 0 0 0 0 
-13 17 3 3 -2 -1 -8 -2 4 -6 6 -86 -52 29 -4 1 0 -4 2 1 9 5 -41 53 -15 6 -8 3 3 4 -5 -7 -5 1 2 10 24 -3 -20 0 -18 6 3 -7 1 -4 0 0 0 0 1 -1 0 0 0 -1 0 -1 1 0 0 0 -1 0 1 -1 1 0 0 0 0 0 0 0 0 0 0 0 0 0 0 -1 1 0 0 0 -1 1 0 0 0 -1 0 0 1 0 0 0 0 0 0 0 0 0 0 
4 -4 16 2 4 -1 -7 2 -4 2 3 -15 21 -72 109 -58 -34 58 -64 72 -4 35 13 -33 63 -56 -81 30 -17 -2 17 -6 -4 -11 1 -2 -2 -2 0 -2 0 0 -1 -2 1 1 -1 0 0 0 0 0 0 0 0 0 -1 1 1 1 0 0 0 0 0 0 -1 -1 0 0 1 0 -1 0 0 0 0 0 0 0 0 0 -1 0 0 0 0 0 0 1 0 -1 1 0 0 1 0 0 0 0 0 0 1 1 0 
0 10 2 2 0 0 -22 6 0 2 0 -2 -2 -1 -7 0 -7 -7 16 -24 0 26 -5 0 2 0 1 -27 31 -99 0 -6 12 -9 -7 0 2 -7 1 -3 0 1 0 1 0 0 -1 0 0 0 0 0 0 -1 0 0 0 0 0 0 0 0 -1 1 0 0 1 0 -1 0 0 0 0 0 0 0 -1 0 0 0 0 0 0 0 0 0 1 0 -1 1 0 0 0 0 0 0 0 0 1 -1 0 1 1 -1 0 
0 0 0 0 8 -33 0 -13 4 2 -4 0 0 -2 -2 2 0 3 1 4 -8 0 3 0 -5 -9 0 3 17 -26 -29 0 0 2 0 -6 0 -12 0 -1 -2 0 0 -1 -1 0 0 1 0 0 0 0 1 -1 -1 0 0 1 0 0 0 0 0 0 0 0 0 0 -1 0 1 0 -1 0 0 0 0 1 0 0 0 0 0 0 -1 0 0 0 0 0 0 0 0 0 1 -1 0 -1 0 0 0 0 0 0 0 
0 -1 0 -15 -1 7 -3 0 -1 1 2 0 0 -5 -4 -9 7 0 -2 2 -1 -10 0 -4 0 -7 10 0 -8 19 -58 -19 0 -5 -1 -2 -1 0 0 2 3 -1 0 -5 1 -1 0 0 0 0 0 0 0 -1 2 2 0 0 0 1 0 2 0 0 0 0 0 0 0 -1 1 0 0 -2 1 1 0 0 0 -1 0 0 0 0 0 0 0 0 0 1 0 0 0 0 1 0 0 1 1 0 0 2 2 9 -5 
21 0 -19 16 2 15 2 -6 0 0 0 -1 1 -2 0 7 -5 -13 8 -5 -1 1 0 0 3 2 -2 -2 3 -4 0 -40 -86 57 -14 -3 -3 -2 2 -2 13 -4 -2 3 -5 -1 -5 -4 9 -4 4 -3 -4 4 0 -1 1 -2 1 1 3 6 -13 17 -4 1 0 0 1 -1 0 0 -1 0 0 0 0 0 -1 0 1 0 0 0 0 1 0 -1 0 0 -1 0 0 0 0 0 0 0 1 0 4 0 41 -8 -11 
4 9 21 0 0 0 -4 1 -1 0 0 0 4 -2 0 -2 0 4 -5 0 -1 -3 -3 4 0 0 -1 2 -5 0 -1 2 -3 -48 0 -51 -19 6 -3 0 -2 7 -7 -2 0 21 -18 2 -4 4 -3 -2 -5 -1 2 -5 -1 -1 0 2 3 24 -9 -9 -2 -10 -6 3 -2 -2 0 0 0 0 0 0 0 0 1 0 0 0 0 0 1 0 -1 0 0 1 0 0 0 0 0 0 1 0 1 4 -1 61 0 5 23 
0 0 0 -5 7 0 -6 -2 2 3 0 5 0 13 7 0 0 0 -3 -4 0 -9 2 2 -9 0 4 0 2 0 0 0 -3 -3 -12 0 10 -48 -63 -41 0 3 -1 -6 -4 0 -3 -2 3 -2 1 -4 0 0 3 -4 1 -3 2 -1 13 26 -11 -11 16 -11 -12 -8 0 -3 -2 -2 0 0 0 1 -1 0 1 0 -1 0 0 1 0 0 -1 0 0 1 -1 1 0 1 1 -4 -11 2 11 9 61 5 4 3 12 
23 0 -20 8 0 -23 0 7 -1 1 -2 0 0 2 -3 -12 0 25 -2 -4 0 0 -5 1 0 0 0 -3 7 -1 7 0 -4 -3 -4 1 0 -6 2 -3 13 0 -55 -48 0 1 -1 -2 0 0 1 0 -1 -2 0 43 -24 -22 -18 0 5 17 -18 8 0 45 -33 -23 -16 0 -3 -2 0 0 0 0 0 0 0 0 1 0 0 -1 0 0 -1 1 0 0 0 1 0 0 0 10 -6 6 24 41 -17 10 -4 11 -17 
4 5 0 0 -25 12 -4 0 -3 0 -2 -2 0 3 11 -28 -21 0 2 14 -2 -1 0 13 -4 -6 0 0 2 4 -10 1 0 -3 -2 -13 13 0 4 2 0 6 -15 16 -20 0 -37 -2 -3 0 0 -1 0 0 19 0 -10 -9 -2 -12 0 2 -3 40 28 0 -5 -16 -23 -48 0 0 -1 -2 1 0 1 -1 0 -1 0 0 0 3 -3 0 0 0 -1 0 0 4 -1 -1 8 0 -13 2 19 10 0 19 11 12 -6 
0 0 -20 -25 5 7 6 2 -1 3 -7 -5 8 21 -4 6 0 0 3 0 0 -8 -1 -7 7 8 -13 4 4 0 -9 -7 10 -19 4 -17 0 9 2 5 -3 0 4 -1 3 -21 0 -38 -1 -3 -2 0 -1 1 3 43 0 -28 9 -10 -12 0 -5 74 8 -27 0 35 -19 -39 14 0 -26 0 -2 0 0 -1 0 -1 0 0 -1 0 2 0 0 2 -2 1 5 0 -12 -9 -21 13 0 -9 4 -1 36 0 31 -12 -12 
12 0 -14 -11 0 3 9 14 -2 0 -1 10 4 5 0 0 -16 -8 9 0 13 13 5 -7 0 -9 3 7 -2 0 0 14 2 0 0 -1 -8 10 0 1 -7 5 4 -4 1 4 -19 63 -55 -7 -3 -3 0 0 2 31 13 -10 -2 5 7 -10 49 4 -34 -10 6 -19 15 -28 23 13 20 -49 19 -8 -10 28 -12 0 0 -1 0 -1 1 2 2 -1 3 7 7 5 0 -12 1 6 -1 0 4 -21 21 19 0 1 -8 
0 -4 -2 12 -5 0 1 -3 -1 -4 0 -14 4 -7 6 0 38 -12 -5 -18 0 31 0 0 -2 0 2 -19 -21 9 -4 8 1 0 1 -4 0 -5 0 0 4 2 -4 0 -13 14 0 -16 0 -57 -8 -1 -2 0 1 7 8 10 0 -1 30 27 1 0 -46 -13 20 -10 0 -16 -1 -2 20 -37 9 22 7 -23 30 -13 -4 -1 -1 0 0 0 0 2 -2 10 22 16 17 2 -8 3 5 2 -17 -2 16 17 0 -10 -4 
-2 0 9 0 0 -21 0 0 -6 -6 -2 0 -2 -5 -8 25 0 20 -13 1 15 0 -9 28 16 -3 4 -7 11 0 0 -1 -6 -4 0 -5 0 1 -4 0 1 -5 -2 3 0 -8 9 1 -7 0 -25 -17 -14 -3 0 0 2 24 10 0 25 8 -2 -8 0 25 -21 -14 -18 0 2 -14 -9 3 0 0 51 17 -18 0 -11 -3 -1 -1 0 0 0 2 0 0 15 8 20 6 0 5 3 2 -1 0 18 0 -16 2 0 
0 0 0 -3 8 -8 0 0 12 -9 -9 3 0 -18 7 0 8 0 16 0 0 0 0 -4 10 0 2 -17 -13 7 0 7 9 0 -2 0 4 -4 -1 -3 0 6 15 -6 9 0 -3 -1 -2 -2 0 -46 -59 -60 3 0 0 16 40 1 0 11 -3 5 10 0 -2 -6 -4 13 0 -37 -22 -25 25 0 -12 24 21 -22 0 -6 -2 -2 1 0 1 -3 0 9 0 13 18 23 4 0 -11 2 -1 20 0 -12 0 0 2 
21 -25 43 17 0 -19 -4 3 -5 5 5 9 -8 -16 7 0 0 -14 4 -1 0 0 -3 21 -14 1 4 -3 9 0 0 -8 -1 -10 -1 13 3 -11 -3 5 -6 16 -6 14 3 0 -2 0 1 -1 -1 0 6 -5 -82 -79 0 -14 16 33 13 0 13 -6 5 9 0 14 -20 10 16 0 -10 0 1 -8 0 -3 2 -12 -24 0 -1 0 -2 1 0 -1 1 2 0 0 30 16 15 -14 0 -3 12 18 -9 0 8 1 -1 
10 -10 7 -4 0 4 -11 -26 0 0 -1 7 1 2 0 0 0 0 0 0 -10 7 -11 4 0 -1 0 -4 0 10 -9 -12 6 1 -18 20 0 -1 -9 -3 -2 -11 -16 14 -7 -15 7 0 0 0 -1 -1 -1 -3 -3 -17 -40 85 -65 -17 17 13 1 5 4 3 3 -5 0 -14 -8 -12 11 -9 -13 -17 -16 -12 -6 -13 -2 0 -2 2 0 0 -1 1 0 1 -1 -2 1 19 -28 2 15 43 8 5 -15 25 0 -7 30 
0 1 28 5 3 0 6 -2 -4 1 0 9 -3 -10 -17 0 4 0 28 0 -2 -27 7 0 -1 6 -3 -1 0 -13 9 7 -10 0 -3 2 -8 3 0 -7 0 -8 1 0 -15 9 7 5 0 1 0 -2 -5 0 7 -1 1 3 0 16 -73 10 3 0 16 9 -26 14 0 9 8 -10 -6 0 1 -7 12 -29 0 -24 -9 -1 -1 0 0 0 -1 -1 1 0 2 -5 25 -10 2 -20 22 -4 -11 14 8 21 -10 32 4 
-28 0 -10 22 -2 16 0 7 -6 1 5 0 11 -8 -4 -8 0 2 -3 0 -23 -15 -7 -5 0 -1 6 0 -9 0 10 -2 -3 -9 0 11 1 1 2 0 0 -6 -13 3 0 16 1 0 3 0 -1 -8 -5 5 0 22 -1 -3 0 0 5 -35 -22 22 0 -1 6 -11 22 0 -24 34 35 8 0 -9 19 7 -11 0 -8 -21 -11 -3 0 1 -1 0 3 0 -2 4 21 18 0 -30 5 -19 -2 0 60 -13 17 7 1 
-7 -6 0 -3 8 -2 -3 -1 1 11 -1 -18 19 5 -1 -26 -5 -3 -5 28 0 0 0 0 0 0 2 6 -6 -3 0 2 -1 -7 12 0 2 9 3 -1 0 -5 4 -6 16 0 -1 2 1 1 0 -10 -3 -6 4 0 7 4 1 2 0 -3 1 -3 5 0 -49 31 -55 17 0 -8 25 3 0 0 11 9 8 1 0 -47 -19 -11 0 0 -4 0 -5 -9 0 21 17 12 -21 -4 -17 -10 0 26 8 14 0 0 -9 
0 0 -2 11 -4 -5 -5 2 2 0 0 0 0 -19 21 0 -11 0 3 -9 18 -42 26 0 0 -4 9 -5 -1 2 -4 6 0 0 0 -10 14 2 7 0 -3 0 3 3 0 -2 1 1 -1 0 -3 -4 -4 1 0 1 3 2 0 0 0 0 0 0 0 0 -2 5 8 -30 -43 96 -40 43 -44 -56 0 26 5 8 0 0 -14 -10 -7 11 0 -6 -44 -18 9 31 14 -8 0 -7 -5 -28 22 0 17 17 -13 -5 0 
6 -4 4 0 0 -18 12 0 0 0 0 -5 9 0 0 0 0 -1 0 -7 -10 0 21 5 1 2 0 0 0 -8 -1 -2 5 0 -2 0 -4 4 -5 12 8 4 -4 0 0 -3 1 0 0 0 -3 -3 3 6 -2 -4 1 -11 4 1 1 -4 1 -1 1 0 -2 2 -1 -2 1 -2 1 -1 -5 7 -56 64 20 -1 1 -50 3 14 -1 0 21 -63 -24 -3 0 16 14 0 8 0 -20 0 0 15 0 2 -7 11 -36 
0 0 -14 -27 22 0 -7 5 -4 4 0 0 -1 0 -7 5 -8 -21 0 -17 7 -2 7 0 -2 -6 2 6 0 2 -3 -1 2 0 2 -2 -1 -4 0 3 6 2 -1 0 -4 1 0 -2 0 0 -4 -12 2 0 -1 0 6 2 0 -10 -2 -3 1 0 3 -1 1 -1 0 -10 1 -2 1 0 19 -2 -7 -26 0 -1 9 -19 -25 -31 -10 21 -46 -11 -13 -12 -11 10 9 -22 14 2 3 -3 1 4 16 -11 4 -17 -6 
0 0 0 0 -1 3 0 -15 14 15 11 0 -10 9 0 -1 -1 0 -8 0 16 4 0 0 0 4 -2 -11 -15 0 7 3 -1 0 0 -1 -1 -2 -1 0 0 0 0 -8 0 4 0 -1 0 0 -2 -7 -1 10 0 0 -3 -2 -7 0 9 -2 1 3 0 -2 -1 -1 -10 0 -1 -3 -13 16 0 2 -2 0 -4 -49 -10 -27 0 19 -18 -26 5 0 2 0 9 6 0 -21 -20 -3 2 0 12 8 37 -5 -10 16 -32 
29 15 0 0 0 -1 8 5 0 -4 6 5 27 -13 10 0 7 7 -4 14 0 3 -12 -6 4 0 0 5 -9 -3 0 -1 2 -2 0 0 -1 -1 -1 -1 0 0 -1 -6 1 0 1 -1 0 -4 0 -10 -8 10 4 0 4 4 -4 4 0 -4 2 0 3 0 1 0 -4 -8 0 0 -12 2 7 4 -3 -2 0 1 -71 -53 23 0 -3 9 -6 -8 0 21 1 7 -19 0 -24 -5 -13 -3 0 35 9 -4 3 0 -26 
-24 17 -12 -7 20 7 2 1 3 0 -18 -5 -13 -14 3 -8 -17 -5 7 0 -15 22 8 0 -12 26 -24 6 5 -1 -1 4 -2 -1 -1 -2 1 -1 2 1 0 1 0 -4 -11 4 1 1 -1 -2 0 -2 -7 5 4 2 4 -2 5 3 4 0 4 3 -1 2 0 0 -14 -1 5 -2 -13 -10 0 7 -4 -9 6 0 -2 -31 -75 21 0 9 -14 -7 15 0 4 -3 -35 -18 0 1 -13 -5 -2 0 0 6 10 -13 0 
-6 -10 -11 -10 0 23 -12 -16 19 0 3 -6 -2 5 16 2 -20 0 9 -4 3 0 0 -1 3 37 -12 0 -4 5 2 0 0 -1 0 0 -2 0 -1 -2 2 0 0 0 -10 -3 6 0 0 -2 1 -3 0 2 2 5 6 0 5 0 -5 1 0 1 2 4 0 0 -11 -1 3 2 -8 -11 3 3 4 -5 -5 3 1 -1 -23 -81 -8 -43 19 10 -2 0 1 -2 -62 17 4 0 -5 -14 3 0 0 7 15 -12 -7 
0 21 -11 0 0 0 1 -23 -5 -2 0 31 -4 0 6 -1 -3 -13 0 -10 19 -1 2 0 0 0 12 0 0 4 0 0 0 0 0 0 2 5 0 0 0 -2 0 0 -3 -10 1 1 0 0 0 0 -4 0 5 -5 -3 -4 0 7 2 -3 -1 0 7 -3 0 -5 -10 12 -4 0 0 1 4 -1 1 15 5 5 0 1 4 -12 7 -74 28 35 28 -27 9 -71 -20 10 20 0 0 4 3 5 5 17 2 3 -1 
25 0 3 -18 8 2 0 4 -30 32 8 -5 12 0 0 0 -18 -4 -25 0 0 3 7 0 0 32 -32 -16 25 0 -1 18 20 -23 0 13 -1 12 2 0 6 5 3 -8 0 -5 -2 6 3 0 1 -1 -1 -2 0 5 3 -3 0 0 0 0 1 1 -1 -1 -2 0 3 -5 -5 3 0 6 -1 -1 -9 0 10 0 3 -2 0 -1 5 -6 -30 0 37 -44 -2 5 0 1 7 6 7 0 -3 -7 12 16 0 0 -5 
4 1 -6 -5 -1 4 -1 0 -5 -9 16 3 -1 9 1 0 4 -5 -12 0 0 -7 25 0 -7 0 21 0 -7 -5 0 -18 -5 -2 1 0 7 16 -3 3 0 5 4 -4 6 0 -3 -7 16 -1 0 2 0 2 -11 0 -1 -1 -1 1 0 0 1 0 0 -2 9 -6 0 -3 -5 1 10 0 -2 0 0 2 0 1 0 -3 5 0 1 -2 1 2 0 12 -81 -67 12 0 -1 -1 0 -2 0 -39 25 12 21 0 -5 
0 0 -21 0 8 0 -6 -1 0 0 -1 7 0 0 -12 -18 -6 6 -6 2 19 20 0 -5 5 -9 -8 1 13 0 -3 -4 -13 -10 7 -1 15 1 3 -1 8 1 4 2 4 4 0 -11 1 3 1 0 -1 -2 0 -4 10 -1 -1 1 0 2 -2 -1 0 -5 14 -2 3 0 -1 3 3 1 0 -7 3 -1 -3 0 -3 2 -3 0 0 -2 1 -1 0 0 -3 -5 -14 29 0 -65 15 -22 8 0 -4 3 -5 0 0 
-8 0 4 1 0 -13 3 -1 -1 0 1 4 0 3 15 -2 -21 0 4 -19 34 0 0 -3 15 1 -12 0 12 -5 -8 2 0 1 -5 5 0 0 21 -7 14 -9 0 20 0 1 -2 0 2 0 0 1 0 0 -3 4 -1 0 2 -1 3 -1 -1 0 -10 8 1 -2 -3 0 -1 0 6 1 0 -7 1 -1 -4 -4 -8 2 0 0 -1 -1 1 -1 -2 1 1 0 0 -1 6 16 -33 29 -60 -57 103 -37 46 -32 -39 
0 5 -2 -7 -17 0 5 1 -2 0 0 -6 -4 0 2 -1 4 -4 0 0 0 0 -5 0 0 -1 0 0 0 3 -6 -11 19 0 6 0 0 0 0 0 0 6 -17 0 7 8 4 6 0 0 -1 -4 1 0 0 0 0 -1 4 -2 0 0 -2 -3 -1 -1 0 1 -5 2 -3 0 5 12 0 -6 0 -1 4 0 -3 0 -1 -3 1 -1 0 0 -1 2 0 1 -2 -1 -8 3 -3 -2 -4 9 -16 42 -14 -12 16 
26 0 5 9 4 2 0 0 4 0 0 -4 -14 -1 0 6 4 8 -18 0 -9 2 6 -15 0 10 -12 6 7 0 0 0 0 0 0 -5 -13 1 -29 0 -6 8 -10 6 0 -3 16 2 1 0 -1 2 0 -1 0 1 -4 0 -21 15 21 0 0 -2 -1 -2 6 0 -9 3 1 -11 0 0 7 10 7 0 -4 3 -5 0 0 2 0 -1 -1 0 0 0 -1 0 0 -12 6 7 -1 0 2 1 0 0 0 0 0 
-1 1 17 -4 3 3 4 0 0 -2 0 4 -7 -4 -2 0 5 1 -3 -1 -3 18 -23 -10 -2 0 0 0 0 -9 -14 11 2 0 7 -21 -12 12 -2 -3 7 -4 -3 0 -6 6 11 4 -1 -3 0 0 0 0 -2 2 -2 -26 0 -4 12 19 -2 0 -5 7 -2 -5 0 1 9 -6 -3 0 -11 12 16 -8 0 -7 -3 -10 8 0 -3 -2 -1 0 0 2 -1 -1 2 0 -3 -2 1 -1 0 1 0 0 0 0 1 
0 0 0 0 -5 -3 -1 3 0 0 -4 2 4 -4 3 2 3 -1 1 1 0 7 0 0 0 0 0 -9 4 0 -26 26 4 -5 7 -22 11 0 3 0 0 0 -2 0 -6 3 6 0 0 0 0 0 0 -1 2 2 -9 -15 1 -3 0 22 -24 -7 -5 7 -2 -2 -3 -9 6 6 -1 1 -25 2 -9 12 6 0 -10 10 7 -5 0 0 -2 -1 -1 0 -1 0 1 0 0 -2 2 -1 2 0 1 0 0 0 0 
0 0 0 0 0 0 0 -5 -4 9 0 0 0 0 0 0 -1 0 0 -5 -12 11 0 -16 17 -12 11 0 -3 28 0 -10 0 -6 -1 -36 15 0 -5 -1 -6 2 0 0 -4 5 1 0 0 2 0 0 -4 1 0 -2 1 -16 -15 -7 -16 8 10 -1 -3 -3 18 0 -11 -17 7 11 2 0 -10 17 -12 7 -23 -3 1 5 -2 -9 -13 -21 12 1 -1 1 0 -1 -2 -1 -3 4 1 -3 -1 1 0 -2 -1 0 0 
0 1 0 4 6 0 3 0 0 -6 3 9 0 0 -2 4 3 -1 0 4 -2 -4 -8 0 21 -8 4 0 0 -8 21 13 -16 0 -23 6 2 -2 0 0 -16 0 17 0 -4 3 3 0 0 0 0 0 4 -4 0 -6 0 -10 -6 12 -8 0 12 3 24 -16 0 -8 -3 3 -6 0 -25 13 0 -3 0 -12 13 9 5 0 -9 5 -14 -8 0 1 -1 0 -4 0 1 0 -2 2 -11 -2 0 1 -1 0 0 -1 1 
-12 0 13 21 0 -6 5 5 0 0 -9 7 6 0 0 -3 2 0 0 0 5 -9 -5 7 0 11 6 0 0 0 -23 14 -18 7 0 0 0 -2 -4 0 -6 28 0 6 0 -7 -23 7 15 -4 3 21 0 4 -1 0 -5 0 -15 12 9 -8 0 1 3 -7 0 0 20 2 -7 -9 0 39 3 9 0 0 1 28 0 1 0 -22 8 4 2 0 -1 0 0 1 0 -4 1 0 0 -10 -2 0 0 0 -1 0 -1 
0 0 0 0 4 3 0 0 -1 0 -2 -4 6 7 0 0 0 0 -1 1 0 3 5 -1 -2 7 -3 -3 -9 18 -6 -2 1 5 0 0 -13 8 2 -22 17 8 -16 1 0 5 -1 -21 -19 -3 14 1 9 0 14 0 -3 2 0 -12 0 -6 5 0 4 8 8 -7 0 -17 1 -13 24 0 -3 31 -4 24 0 2 0 0 -18 0 2 6 1 -1 0 2 0 -2 -1 -3 3 -10 0 15 0 0 0 0 -1 -1 -1 
7 0 4 0 21 11 0 11 0 0 -2 3 -12 10 9 7 0 0 -2 5 0 6 0 0 -3 -5 0 5 12 -13 18 0 0 -10 21 -4 0 0 -7 3 0 0 7 -3 -24 0 0 5 6 -2 0 -7 -6 -17 23 7 13 13 12 5 -12 -10 7 2 16 2 -9 -9 -5 8 -2 -11 -3 6 17 0 -23 15 3 20 11 -27 -8 12 0 1 0 0 -2 3 -6 0 0 5 -8 -1 20 0 0 0 1 0 0 0 0 
-12 3 -12 24 0 -2 10 0 2 0 -5 3 0 1 1 9 4 0 -8 2 2 0 0 -1 -3 -7 3 0 -7 20 -1 -3 0 -19 11 28 0 0 -8 -6 -10 2 0 -13 14 7 -2 -4 9 1 0 7 -14 0 6 0 1 -19 -14 17 0 -3 -24 17 1 0 9 -3 -18 17 0 1 -6 2 0 0 4 5 -2 6 4 -10 0 -13 4 1 2 0 -5 5 -5 -5 -14 1 10 -21 20 5 2 1 1 -1 0 0 -20 
0 -3 -8 10 -1 0 7 -7 3 -15 2 3 3 0 4 -5 -10 9 0 -9 16 11 -2 0 -7 1 -3 -4 0 -2 -2 -8 23 0 0 11 28 -12 0 0 -33 -18 4 0 12 -7 4 -4 2 -12 11 0 11 -13 -16 16 0 -2 -25 -10 14 0 4 -4 -9 -8 0 7 3 0 -11 0 0 -14 4 5 0 -31 -1 0 19 0 -21 9 6 -1 9 -18 3 0 7 0 -5 11 0 -1 -10 3 -1 1 0 0 0 -9 -5 
0 10 -29 0 -4 -12 22 -9 26 0 0 0 0 0 0 -2 2 -1 1 0 -10 3 11 3 0 -7 12 -9 0 0 -17 7 -26 22 0 -9 -9 24 -13 0 18 -11 -12 6 0 0 -1 0 -19 8 0 -6 0 -2 0 0 13 0 -8 -26 -1 0 0 14 -15 9 2 0 -1 11 0 -35 0 16 -6 4 -21 0 -7 -12 -8 -5 0 9 7 0 7 7 -11 -3 0 9 -7 14 6 0 5 -2 -1 4 0 -2 2 -16 3 
0 -12 -2 -2 0 0 0 9 0 0 -1 -2 1 0 -1 -4 2 -11 -5 14 3 -11 -10 1 2 2 0 17 -2 2 -10 -6 15 4 -14 -10 -19 6 -11 2 -9 -9 1 -7 -15 8 -1 12 0 -4 -18 6 -2 0 15 2 -2 -6 0 26 -12 14 14 0 11 -5 3 -2 0 12 0 0 -28 0 -2 12 -12 0 0 0 -21 -23 7 1 0 5 0 3 -14 -4 23 0 -10 15 -9 5 0 4 0 -5 -15 0 -2 -4 -2 
0 0 0 0 7 0 -4 -1 0 0 0 0 -9 37 2 2 0 0 -11 -5 11 0 3 -6 -8 2 0 -2 6 -2 -5 0 3 2 -2 1 0 1 3 1 -8 0 14 7 -12 1 -17 -4 5 0 -2 -2 -15 -5 3 11 0 -5 -8 17 -7 -4 4 15 7 -20 -7 -14 -24 18 19 5 0 0 0 0 4 -18 15 -31 0 -5 0 -1 1 5 13 0 -2 -9 9 -4 0 2 -1 -9 16 0 6 3 -26 19 0 0 5 
4 11 -2 18 0 10 -2 18 -23 0 -10 17 0 -12 10 8 3 0 4 -9 -9 -1 0 -5 -2 -14 14 0 -4 3 -3 -4 0 -14 17 5 30 0 -8 1 4 16 0 -9 -16 0 8 14 0 -10 0 -8 4 -21 7 0 3 -7 19 1 0 35 -7 7 -2 0 -23 15 -1 1 0 -4 4 -9 -6 0 0 2 -33 -9 3 24 4 -2 -8 15 14 -1 -30 -1 -11 5 1 -18 17 9 0 -6 -10 2 11 7 1 0 4 
0 0 -7 17 11 0 -9 14 11 -34 11 -3 -8 0 -4 3 5 0 0 -1 -1 -5 -6 0 14 -8 -12 -1 0 8 1 -13 4 0 3 12 7 -8 0 -7 13 -6 -5 2 -2 -2 0 -7 1 11 -6 0 -7 -6 -5 11 0 4 3 2 -7 0 0 8 7 -10 0 -5 22 1 -10 0 -4 9 0 -34 0 37 -21 0 -9 -9 6 3 0 -13 15 -2 -15 0 7 8 0 -6 0 -11 -2 9 -7 0 2 1 1 0 -13 
-1 -3 12 -11 9 14 0 -17 14 3 -21 6 1 -4 0 5 2 0 -2 0 -2 0 0 -12 10 -7 4 -5 -3 -16 15 0 0 0 12 3 -16 9 7 13 -10 8 2 -4 -1 7 -13 0 9 12 9 -9 0 10 5 5 -7 0 1 5 -1 -19 0 -8 16 12 9 0 0 4 -17 0 0 -19 30 7 9 -22 6 5 0 21 10 0 0 0 -26 16 -7 -7 0 0 0 0 0 0 3 0 -6 7 0 0 3 4 13 
1 -6 0 4 -12 -10 15 0 0 6 -4 5 -2 2 0 0 -1 0 0 0 0 -1 -3 4 -3 6 0 0 0 -11 7 -4 -1 2 15 0 -14 -12 -7 12 -7 11 -5 -8 -4 -10 5 -2 30 -4 12 -4 -1 0 9 4 -7 6 0 -5 -7 -1 5 12 0 -18 1 13 -2 0 -9 -30 2 25 1 -21 0 1 -4 -30 1 0 -2 7 0 -13 0 0 -1 0 -9 0 12 7 -16 25 0 4 -2 -4 -4 0 -26 11 -5 
2 8 -15 0 3 -22 4 -6 0 5 -1 0 0 0 0 -2 0 -1 10 1 0 0 0 0 0 0 0 0 0 0 -16 0 -22 23 -19 14 0 11 -22 26 -3 0 -8 22 -13 -14 -4 4 0 3 -3 -10 -1 -1 16 0 0 -4 3 -1 -1 -8 12 2 -16 2 -2 -2 -14 -24 13 3 9 0 -32 19 5 -3 21 9 -6 0 0 0 -17 3 -14 -6 6 18 0 1 0 0 3 10 -2 0 15 0 -4 2 0 6 6 
-4 -1 -15 -2 0 2 -16 -5 5 0 0 0 0 -9 11 7 2 0 -3 8 7 2 0 0 0 -16 9 0 -11 4 11 0 0 3 -6 -16 16 0 -10 7 7 9 -10 7 -1 0 -5 15 -4 0 0 -5 1 0 4 0 -8 -4 9 -3 0 12 -2 -12 0 0 -12 -4 -19 2 0 11 -2 -9 -18 -25 26 0 26 2 0 -13 29 -20 0 0 0 -18 26 17 -6 13 0 -33 16 -5 -2 -9 2 -5 10 4 12 -1 -26 
