4 4.25 4 4.25 4.25 3.25 3.75 4 4.5 3 4 4 3.25 4 3.75 3.75 3.75 3 2.75 3.25 3 3.5 3.75 2.75 4 3.25 3.25 3.5 3.75 4.25 4 4 3 3 3.5 3.75 3.25 3 4 3.25 3.5 3.25 3.75 3.5 3.75 3 2.75 4.5 3.25 3.25 3 2.75 3 2.25 3.75 4 3.25 4 4 3.5 3 4 3.75 3.75 4 1.5 3.75 3.25 3.25 3 3.5 4.5 4.5 4 2.25 3.5 3.5 4 4.5 4 4 4 4 4 4 4 4.5 4.25 4 4.5 4 4 3.5 4 4 4.5 4.5 4 4 4.5 3.75 4 4.25 4.75 5.25 
4.5 5 4 5 3.75 4.25 4.5 3.75 5 4 3.75 4 3.5 4 4 4 3.5 3.25 3.25 3 3.25 3.75 3.75 3 4 3.5 3.25 3.75 3.75 4 4 4 3.25 2.75 3.5 3.25 3.5 3.5 4 3 3.5 2.75 3.25 3.75 4 3.5 3.25 3.5 3.5 2.75 3.5 4 4 2 3.25 3 3.5 4 4 3.75 3.5 3.75 4 4 3.5 2 4.25 4 3.75 3 3 4.5 4.5 3.5 3 4 3.75 4 4 4 4 4 4.75 4.25 4 4 5 4 3.25 4.25 4 4 4.25 4 4 4.75 5 4 4.25 4.5 4 4.25 4.25 5 5.5 
4.5 4.25 4 5 4.5 4.25 4.25 4 5 3.5 3.75 4.25 3.75 4 4.5 4.25 3.75 3 3 3 2.5 4 3.75 3.5 4.5 3.25 3.5 3.25 3.75 4 4 4 3.5 2.75 4 4 4 4 3.75 3 3.75 3.5 3.5 4 4 3.5 3.25 4 3.25 3 3.75 3.75 3.75 2.75 4 3.5 4 4.5 4 3.25 3.75 3.75 4 4 3.5 2 4.5 4 4 3.5 3.75 5 5.25 4 3 4.5 4 4.25 4.5 4 4.5 4 4.5 4.25 4 4 4.5 4 4 4.75 4 4.25 3.75 4 4.5 4.25 4.25 5 4.25 5 4 4.25 4.25 5 6 
5 4.75 4.25 5.5 4.25 4 4.5 4 5.25 3.5 4 4 3.5 4 4 4 3.25 3 3.5 3.5 3 3.75 3.75 3.75 4.5 3.5 3.75 3.25 3.75 4.25 4 4 3.5 2.5 3.25 3.5 3.75 3.5 4 3.25 3.5 3.75 3.5 3.75 4.25 3.5 3.75 4 4 3.25 3.5 3.5 3.5 2.25 3.75 3.25 3.5 4 4 4 4 3.75 4 4 3.25 2.5 4.75 4 4 3.5 3.75 4.5 5 3.5 3.5 4.5 4 4.25 4.5 4 4.25 4 4.75 4.25 4.5 4.25 4.5 4 4 4.5 4 4.75 4.25 4.75 4.25 5.25 5.25 5 4.75 5 4 4.75 4.25 5.25 5.5 
6 5.25 4.75 5.25 4 4.5 4.75 4.25 5.5 3.75 4.25 4.75 3.5 4.25 4.25 4.25 4 3.25 3.25 3.5 3 4.25 3.75 4.25 4 3.5 4 3.75 4 4 4 4 4 2.75 3.75 4 3.75 3.25 3.75 3.75 3.75 4 4 4 4.5 3.5 3.75 4.25 3.5 3.75 3.75 3.5 3.75 2.75 3.5 3.75 4.25 4.5 4 4 4 4 4 4 4 2.25 5 3.75 3.75 3.25 3.75 5 4.75 4 3 4.5 3.5 4.5 4.75 4 4 4.25 5 4.75 4 4.25 4.75 4.25 4.25 5.75 3.75 4.75 3.75 4.5 4 5.5 5.25 5 4 5 4 4.25 4.5 5.5 5.5 
7 6 5 5.5 4.75 4.25 5.25 4.25 5.5 4.75 5.25 4.75 4.25 5 4.5 4 4 3.25 2.75 3.75 3.25 4.25 3.25 3.75 4.75 3.5 4 4 4.25 4 4 4 3.25 3.75 4 4 4 3.75 4 3.5 3.75 3.75 4 4 4.5 3.5 3.75 4 3.75 4 4.25 3.5 4 2.5 4 3.75 3.75 4 4 4 4 4 4.25 4 3.5 2.25 4.75 3.5 4 3.25 4 4.75 4.25 4.5 3 5.25 3.5 5 5 4.5 4.5 4.25 5 4 4.25 4.25 5 4 4 5.5 3.75 4.5 4.25 4.25 4.25 5.5 4.5 4.75 4.25 4.75 4 3.75 4.75 5.75 5.25 
8.75 7.75 5.25 6 4.5 4.75 5.25 4.5 5.75 4.75 5.25 4.75 4 4.5 5 4.75 3.75 3.75 4 4 4 4 4.5 4.25 4.75 3.75 4.25 3.75 4 4.75 4.25 4 3.5 3.75 4 4 4 4 4.5 4 3.5 3.75 4.5 4 4.75 3.5 4.25 4 3.75 4 3.75 3.5 3.75 2.75 4.75 3.5 4 4.75 4 4 4 4 4.25 4.25 3.5 3 5.25 4.25 4 3.5 4.5 5.25 5 4.75 3.75 4.5 4 5.25 5 4.25 5 4.75 5 4.25 4 4 5.5 4.5 4 4.25 4 5 4 4.75 5 5.25 5.5 5 4.25 4.75 4.5 4.5 4.75 5.5 5.5 
7.25 7.25 5.25 6 5 4.75 5 5.25 6 4.75 5.25 5 4.5 5.25 4.75 5 4.75 4.25 4 4.25 4 4.25 4 4 4.75 4.25 4.25 4 4 4.25 4 4 3.75 3.5 4 4 3.75 3.75 4.5 4 4 4.25 4 4 4.25 3.5 4.25 4.25 3.75 3.75 3.25 4 3.75 3.25 4.5 3.25 4.25 4.5 3.5 3.75 3.75 4 4.5 4 4 2.5 4.75 4 4 4 3.75 4.75 5.25 4 3.25 4.75 4.5 5 4.5 4.5 5.25 4.75 5.25 4.75 4.5 5 5.75 4.25 4.5 5.25 4.25 5 4.25 5 4.75 6 5.75 5 4.5 5.5 4.25 4.75 5 5.75 6 
6.25 6.75 6 5.75 4.75 4.75 5 4.75 6 4.25 5.25 5 4 5.5 5 4.5 4 4 3.75 4.25 4 4.25 4 4.5 4.5 3.75 4.5 4 4 4.25 4 4.5 3.5 3.75 4 4 4 4 4.25 4 3.75 4 4 4 4.5 3.75 4 4.25 3.5 4 4 4 3.75 3.25 4.75 3.75 4.25 4.5 4 4 4 4 4 4.5 4.25 2.75 5 4.25 4.25 4 4.5 5 4.75 4 3.75 5.5 4.25 5.25 4.5 5 4.5 4.5 5.5 4.25 4.75 4.75 5.5 4.75 4.25 5.25 4.5 4.5 4.25 4.5 5 5.5 5.5 4.75 4.25 5 4.5 4.75 5.75 6 5.75 
6.75 6.5 6.25 6.25 5.5 5 5.5 5.25 6 4.25 5 4.75 4.5 4.75 5 5 4.75 4.5 3.75 4.25 4 4.75 4.25 4.5 4.75 4 4.5 4 4.5 5.25 4.5 4.75 3.5 3.5 4.25 4.25 4 4 4.5 4 4 4.25 4 4 4.25 3.75 4 4.25 3.75 4 4 4 4 3.5 4.25 3.75 4.5 4.25 4.5 4.25 4 4.25 4.25 4 3.5 2.75 5.25 4.25 4.5 3.75 4.5 5.25 5.25 4 3.25 5.5 5 5.25 5 4.5 4.75 5.25 5.5 4.75 5 5.5 5.5 4.5 4.75 5.5 4.5 5 4.75 4.25 5 5.75 5.5 5 4.25 5.5 4.75 5 5.5 6 6 
6.25 7.5 8.25 9.5 6.25 5.75 5.75 5.25 6 4.5 5.75 4.75 4.5 5 5.25 5.25 4.5 4.5 4 4.75 3.25 4.75 4 4.5 4.75 4 4.75 4 4.75 5 4.5 4.5 3.75 4.25 4 4.75 4.25 4.25 4.25 4 4 4.5 3.75 4 4.75 4 4 4.5 3.5 4.25 3.75 3.75 4 3.25 4.75 3.5 4.25 5.5 4 4 4.25 4.25 4 4 3.5 3.75 5.5 4 4.25 4 5 5.5 5.25 4.5 4 5.25 4.5 5.25 5.5 5.25 4.5 5 6 5 5.5 5.5 5.5 4.75 4.5 5.5 4.5 5.25 4.5 5.25 5.25 6 5 5.25 5 5.25 4.75 5 5.25 6 6 
9.25 11 15.5 16.75 14.75 9.75 7.75 6.25 6.75 5 5.75 5 4.25 5 5.75 5 5 4.5 4 4.5 4.25 5.5 4.25 4.5 5 4 5 4.5 4.75 5.25 4.25 4.75 4 4 4 4.25 4 4.25 4.25 4 4.5 4.25 4 4.25 5.25 4 4.25 4.5 3.5 4.25 4 4 4 3.25 5.75 4 4.75 5.25 4 4.25 4.5 4.5 4.5 5.25 3.75 3.25 5.75 4.25 4.5 4.25 5 5.75 5.5 4.75 4 5 4 6 5 4.75 5.25 5 5.75 5 5.5 5.25 5.25 4.75 5.25 5.5 4.25 5.5 5.25 5.75 5.25 6 5.5 5.75 5.25 5.5 4.75 5.75 5.75 6 6 
14 21 25 27.25 31.75 23.5 10.75 8.75 8.75 6 6 5 4.5 5.25 5.5 5 5 3.75 4 4 4.25 5 4.25 5.5 5.5 4.25 5 4 4.75 5.25 5 5.25 4 4 4.25 4.75 4 4 4.5 4 4.25 4.75 4 4.75 4.5 4 4.5 4 3.5 5.25 3.25 4 4 3.5 4.5 3.5 5 5.25 4.25 4.25 4 4.75 4.5 5 4 3.5 5.5 4 4.5 4 5 5.75 5.25 4.25 4.25 5.75 5 5.5 6 5 5 5 6 5 6 5.75 6 5 4.75 5.75 5.25 5.25 4.25 5.5 5.25 5.5 5.75 5.25 5 5.25 5 5.25 5.75 6 6 
9.25 13.5 25.25 24.5 33 36.75 19 10.25 9.25 5.75 6 5.5 4.75 5.5 5.75 4.75 4.5 4 4 4.75 4.25 5.25 4.5 5 5.25 4.25 5.25 4 5.5 5.75 5 5 4 4.75 4.5 4.5 4.5 4.5 4.75 4.5 4.5 5 4.25 4.75 4.5 4 4 4.25 3.5 4.75 4.25 4.25 3.5 3.25 5.25 4 4.75 5.25 4.75 4.5 5 5 4.75 4.75 3.75 3.75 6 5 4.75 4 5 6 5.75 4.75 4.5 5.25 4.75 6 5.75 5.75 5.25 6 6 6 5.75 5.5 5.75 5.25 5.25 5.5 5.5 5.25 5.25 5.5 6 6 5.25 6 5.5 5.5 5.25 5.75 5.75 6.25 6 
13 17.25 17.5 16.5 14 21.25 14 9.5 11.25 9.75 10.25 7.75 5.75 5.5 6 5.25 5 4.5 4 4.75 4 5.5 4.75 5 5 4 5.75 4.75 5.25 5.75 4.75 5 4 4.5 4.75 4.75 4.5 4.5 4.75 4.5 4.5 4.5 4 4.75 5.5 4 5 4.5 4.25 5.5 4.5 4.25 4 4 5.75 4.25 5.75 5.5 5 4.5 4.5 5 5.25 5.25 3.75 2.75 5.75 4 4.75 4.25 5.25 6 6 4.75 4.5 5.75 4.75 6 6 5.25 5.75 6 6 5.25 6 6 5.75 5.25 5.5 5.5 5.25 5.25 4.75 5.5 5 6 5.75 5.5 5.5 5.5 5.5 6 6 6.25 6.25 
19 15.25 12.25 12.75 12.5 13.25 9.75 9.25 18 14.5 17.25 13 6.75 6.25 6 5.25 5 5 4.25 4.75 4 5.75 5 5.75 5.75 4 5.75 4.5 5.5 5.5 4.5 5.25 4 4.75 5 5 4.5 5 5.25 5.25 4 4.75 4.5 5 5.25 4 5 4.5 3.5 5 4 4.25 4.25 3.5 5.5 4 5 5.25 5.75 4.5 5.75 5.25 5 4.5 4.25 4.5 6 4.25 4.75 4 5.25 5.5 5.5 5 4.25 5 5.25 6 5.75 5.5 5.5 6 6 5.75 6 6 5.75 5.5 5.25 5.5 5 5.75 5.25 5.75 5.75 6 6 6 5.75 5.75 5.25 5.75 6 6 6 
24 13 11 11 10.5 10 8.25 12.25 14.5 6.75 8 7.75 5.75 6 6.25 6 5.75 4.5 4.75 5.5 5 6 4.5 5.25 5.5 5 6 4.25 5.25 5.75 5.5 5.5 4 5.25 4.75 5 4.75 5 6 4.75 4.25 5.75 5 5.75 5.75 4 5 5.25 4.25 5.75 4.25 4.25 4.5 4 5.75 4.25 5.75 5.25 5.25 4.5 5 5.25 5.75 4.5 3.25 4.5 5.75 4.75 4.75 4.25 5.5 5.75 5.25 4.75 4.25 5 5.25 6 5.75 6 5.25 6 6 5.25 6 5.75 5.75 5.25 5.75 5.25 5.5 5.75 5.75 5.75 5.5 6 6 6 5.75 5.75 5 5.75 6 7 6.25 
18.5 11 8.75 8.5 7 8.5 9 15.75 12 7 7 6 6 6 6 6 5.5 4.5 4.75 5.25 5 6 5 6 5.75 4.5 5.25 4.5 6 5.25 5.5 5.5 4 4.75 5.5 5.75 5.5 5.75 5.25 5.25 4.75 5.5 5 5.5 5.25 4.25 5.5 5 4.75 5.75 4.25 4.75 4.5 4.25 5 4.25 6 5.5 5 4.25 5.5 5.5 5.25 5 3 4 5.5 4.75 5.75 4 5 6 5.5 4.25 5.25 6 5 6 6 5.5 6 6 5.75 6 6 6 6 5.5 5.75 5.75 6 5.5 5.5 6 6 6.75 6 6 5.75 5.5 6 6 6.75 6.5 6.25 
13 8.75 8.5 7.25 7.5 7.75 10.25 16 9.5 6 7.25 5.75 6.25 5.75 6 5.75 5.5 5.5 5.25 6 5 6 5.5 6 5.5 5 5.5 4.75 6 6 5.5 5.75 4.5 5 5.25 6 5.75 5 6 6 5 5.5 5 5.5 6 4.25 5.5 5.75 4.25 5.5 4.25 5.25 4.5 4.25 5.75 4.25 5.5 5.5 5.75 5.25 5.25 5 5.75 5.75 4 5 6.5 4.5 4.75 4.25 5.5 6 5 4.75 5 5.25 5.25 6 6 5.75 5.75 6 6 6 6 6 6 5.5 6 5.75 6 6 5.5 6 6 6.75 6 6 5.75 6.25 6 6 6.5 7 6.5 
13 8.75 8.5 8.25 7.75 7.75 10.25 16.5 12 6.5 7.25 6.25 6.25 6.25 6 6 6 5.5 5.5 5.75 5.5 6 5.5 5.75 6 4.75 6 5.25 6 6 5.75 5.5 4.5 5.25 5.75 6 5.5 5.5 5.75 5.25 5 6 5.5 5.75 6 4.75 6 5.75 4.75 6 4.25 5 4.5 4.25 5.75 5 6 5.5 6 5 5.25 5.5 5.25 5.75 3.75 3.75 5.75 5 5.5 4.25 5.75 6 6 4.75 5 5.75 6 6 6 6 5.5 6 6 6 6 6 6 5.75 6 5.75 5.75 5.75 5.75 6 5.75 6.75 6 6 6 5.75 6 5.75 6 7 6.25 
11.5 8.75 8.75 8.25 8.75 10.75 14.25 21.5 11 7 7.75 6.75 6.5 6 6.75 5.75 6.75 5.5 5.25 5.5 6 6.25 5.5 6 6 5.25 6.25 5.5 6 6 5.5 5.75 5 5.25 6 5.75 5.75 5.75 5.75 6 4.25 5.75 5.25 6 6.25 5 5.75 5.5 5 6 5 5 4.5 5 5.75 4.25 6 5.75 6 5.25 5.5 5.5 6 6 4.25 5 6 5.25 5.5 4.25 6 6 6 5.25 4.75 5.5 5.25 6.25 6 5.75 6 6 6 6 6 6.25 6.25 5.75 6.5 6 6 6 6 6 6.25 6.25 6 6 6 6 6 5.75 6.25 6.75 6.25 
12.5 8.75 9 12 12 12.75 19.75 23.25 11 7 7.75 6.25 6.75 6.5 7 6 6.5 5.5 5.75 5.75 5.5 6.25 5.5 6 6 5.5 6.5 5.25 6.25 6 6 5.75 4.75 4.75 5.5 5.75 5.75 5.75 5.5 6 5.75 6 5.75 6 5.75 5 6 5.5 5.25 6 5.75 5.5 4.5 5 5.5 4.5 6 5.5 5.75 5.5 6 5.75 6 5.75 4 4.75 6 5.5 5.75 4.25 6.5 6 6 5 5 5.25 5.75 6 6 6 6 6 6.5 6 6 6.25 6 6 6.5 6.25 6 5.25 5.75 6 6 6.75 6 6 6.75 6.25 6 6 6.75 7.5 7 
16.25 11.75 10.75 17 13 11 17.75 16.75 9.5 6.75 7.25 6.5 6.5 6.25 7 6.5 6.75 5.75 6 6 6 7 5.5 7 6 6 6.75 5.5 6 6.5 6 6 4.75 5.75 6 6 5.75 5.75 6 6 5.5 5.75 6 6.25 6.25 5.5 6 5.25 4.25 5.75 5.25 6 5 5.5 6 5.25 6.5 6 6 6 5.75 5.5 5.75 6 3.75 5.25 6.5 5.5 5.75 5.5 6.25 6 5.25 5.5 5.75 6.25 5.75 6 6 6 6 6.25 6.25 6.25 6.25 6 6.5 6 6.25 6 6 5.5 6 6 6 6.75 6 6 6.5 6 6 6 6.5 7.25 7 
18.25 10.25 11.25 18 14.25 9.25 10 8.75 7.75 6.25 7.75 6.75 6.5 7.25 7.5 6.5 6.5 5.75 6 6 6.25 6.5 6 6.25 6 6 6.75 6 6 6.75 6.25 5.75 5.5 5.75 6 6.25 5.75 6.25 6 6.25 6 6 5.75 6.25 7 5.25 6 6 4.5 6.5 5.25 5.75 5 5.5 6.25 4.75 6.5 5.5 6 5.75 5.75 6 6 6 3.75 5.75 6.25 5.75 5.5 4.75 6.5 6.25 5.75 5.5 5 5.75 5.75 6.5 6 6.25 6 6 6 6 6 6.75 6.75 5.75 6.25 6 6 6 6.25 6 6 6.5 6 6.25 6.25 6 6 6 6.25 7.5 6.75 
20 12 13.5 18 11.75 9 9 8.5 8.75 7.25 8.75 7 7.5 7.75 7.5 7.5 7 5.5 6 6.5 6 7 6.25 7.25 6.25 6 6.5 6 6.25 6.5 6.5 6 5.5 5.75 6.25 6.25 6.25 6.5 6.75 6.25 5.25 6.25 5.75 6 6.25 5.5 6.75 6 5 6.75 5.75 6 5 5.25 6 5.75 6.25 6 6 5.25 6 6 6.25 6.25 4 5.5 5.75 5.5 5.75 5.25 6.75 6.75 6 5.5 6.25 6.25 6 6.25 6 6.25 6 6 6 6 6 6.5 6 6 6.5 5.75 5.75 5.75 6 6.5 6.25 7.25 6 6.25 6.5 6 6 6.25 7 7.5 6.75 
14.25 12 12 17.25 13.75 10.5 9.25 8.75 8.5 7.25 8.75 7.25 7.75 7 7.75 7 8.25 5.75 6.5 6.25 6.75 7.25 6 7.5 6.75 6.75 7 6.25 7 7 6.5 6.25 6 6 6 6 6.25 6.25 6 6 6.25 6.75 6.25 6 6.25 6 6.75 6 6 7.25 6 6 5.25 6 6.5 5.75 6.75 6.25 6 5.25 6.5 6 6 6.25 4.75 5.5 6.25 6 5.5 5 6.75 7 6 5.5 5.75 6 6 6.5 6.25 6.25 6.25 6.5 6 6.25 6.5 6.25 6.5 6 6.75 6 6.25 6 6.25 6 7 7.25 6.5 6 6 6 6 6.25 7.5 8 6.5 
14.25 11.25 10.75 16.25 11.5 9.25 9 8.75 8.5 8.5 9 6.75 8.25 7.75 8 7.5 8.25 6 6.75 6.75 6.75 7.5 6 7.25 6.25 6.25 7 6 7.25 6.5 6.75 6.25 5.75 6 6.5 6.25 6 6.75 6.5 6 6 6.75 6.25 6.25 6.5 6 7 6.5 5.75 7 6 6 5.5 5.75 6 5.75 6.75 6.25 6.75 6 6 6.5 6 6.75 4.5 5.25 6.5 5.75 6 5.5 6.25 6.25 6.25 5.75 6 6.25 6.75 7.25 6.75 6 6.5 6.75 6.5 6.25 6.25 6.75 6 6 6.75 6.25 6.5 6.25 6 6.5 6.75 7 6.75 7 6.75 6.25 6.5 6.25 7.5 8.25 7.5 
15.75 11 11.25 11 10.5 9.5 9.25 8.75 9.25 8.5 9 7.5 8.5 7.75 8.5 7.25 7.5 6.5 6 6.5 7 7.75 6.5 8.25 6.75 6.25 7 7 7.5 6.75 7.75 6.75 6 6.75 6.75 7 6 6.75 6.25 6.5 6 6.5 6.5 6.5 6.75 6 6.75 6 5.5 6.25 6 6 5.5 5.25 6.5 6 7 6 6 6 6.25 7 6 6.25 4.75 6 6.5 6 5.75 5.25 6.75 7.25 6.25 5 5.75 6.25 6.25 7.25 6.75 6 6.5 7 6.25 6.25 6.5 6.5 6.5 5.5 7.5 6 6 6 6.75 6 6.25 7 6.25 6.25 6.5 6 6.25 7 8.25 8 7.5 
11 11 11.75 10.75 10.5 9.25 9.5 10 9.25 9.25 9.75 8.5 8.75 9.5 9.5 8 8.5 6.75 7.5 7.5 7.25 8.25 7.25 8.25 7 7 7.5 6.5 7.5 8 7.5 6.25 6 6.5 6.5 6.75 6.25 7.25 7.25 7.25 6.75 7.25 6.75 7.75 7.5 6 7 6.75 6.5 7.5 6 6 6 6.25 7 6.75 7 7 6.5 6.25 6.5 6.75 6.5 6.25 4.5 6.75 6.75 6 6.25 5.25 7 7 6.25 5.75 6.5 6.5 6.25 6.75 6.25 6 6.25 6.5 6.5 6.25 7.5 7.25 6.5 6.5 7.5 6 6.5 6.25 6.75 6.75 7.25 6.75 6.5 6.5 6.75 6.75 6.5 6.5 7.25 8.25 7.25 
10.75 11.25 13.25 13 10 10 11 12.25 13.5 14 13 11.25 11.25 10.25 11 9.5 9.75 9.25 9.25 7.75 8 8.75 7.25 8.75 7.75 7 8 7 8 8 7.75 7.25 6 7 7.25 7.75 7 8 6.75 7.25 6.5 7.75 7 6.75 7.75 6.75 7.75 6.75 6 7 6 6.75 6 6.75 6.5 6 7.75 6.75 6.75 6.25 7 6.75 6.25 6 4.25 6.75 6.5 6 6 5.75 7.75 7.5 6.5 5.5 6.5 6 6.5 7.25 6.75 6.75 6.5 7 7.5 6.5 7 7.5 6.5 6.25 7.25 6 6.75 6.5 6.5 7 8 7.5 7 6.5 7 6.75 6 7 8 8.5 7.5 
12 12.25 14.5 11.25 10.5 10.75 12.25 13 15.5 15.75 18 16 14.5 13.5 13.5 13 13.25 10.25 9 8 8.75 9 7.25 9 8 8 8.25 7.75 8.5 8.5 8 7.25 6.25 7.25 7 8 7.25 8.25 7.5 7.5 6.75 7 7.5 7.25 7.25 6.75 8.25 7 6.5 7.25 6.5 7.25 6.25 7.5 7.5 7.25 8.75 7.25 7.5 6.75 6.75 7.5 7 6.75 5.25 8 7.5 6 6.25 5.75 8 7.75 6.25 6 6.75 6 7 6.5 7 6.75 7 6.75 6.25 7 7.25 7.5 6.25 6.25 7.25 6.75 7 5.75 6.75 6.5 7 7.5 7.25 6.75 7.5 6.5 7.25 6.5 8 8.75 7.5 
12.25 12.5 14.25 12.5 11.75 12.75 11.25 13.25 15 16.25 20.5 18.25 17.5 19.5 28 19.25 16.25 10.75 9 8.5 8.5 8.75 8.5 9.25 8.25 7.75 8.25 8.5 9 8.75 8.25 7.25 6.25 7.25 7.5 7.5 7 8.25 7.25 7.5 6.5 7.25 7.5 8.25 7 6.75 8.5 7.25 7.5 7.5 6.5 7 6 7.75 7 7.25 8.75 7.25 7.25 6.25 7.5 7.75 6.75 6.25 5 6.75 6.5 7 6.5 6 7.5 7.75 6.5 6 7.75 6.5 7.25 7.75 7 7 7 7.5 7 7.25 7.25 7.5 7.25 6.5 8.25 6.75 7 6 7.25 6.75 7.5 8.5 7.5 6.75 7 6.75 7.5 6.75 7.25 8.5 8.25 
12.75 12.75 13 13 12.25 13 12.25 12.75 14.25 18.25 23.75 22 20.75 26.5 32.5 19 13.75 9.75 9 8.5 8.75 9.25 8.75 9.25 8.5 8 9 8.25 9 8.75 9 8 7.25 8 8.75 8.5 7.75 8.75 8 7.75 7.25 7.75 7.75 8 7.75 7 8.25 7.25 6.5 7.5 7.5 7 6.25 7.5 8 7.5 8.25 7.5 7.75 7.5 7.5 7 7.5 7.25 5.5 7.5 6.75 6.5 6.75 6.5 8.5 8 6.5 6.25 7 6.25 6.75 7.75 6.25 7 7 7.25 6.5 7 7.5 8.75 7.5 6.75 7.75 6.25 7.75 6.5 7.25 6.75 8.25 8 7.5 7.75 7.75 7 7.25 7.25 8.5 9 8 
14.25 12.75 14.75 14 12 12.75 12 12.5 13 19.5 29 24.5 26.5 27.75 25 14 11.75 9.5 9.25 9 9.75 9.75 9 9 8.75 8.5 8.75 8.75 9 9.25 9 8.5 6.75 8.75 7.5 9 7.5 8.75 8.5 8.5 7.25 8.75 8 8.5 8.75 7.75 8.5 7.75 7.25 8.25 7 7.75 6.5 8.25 8 7.5 8.5 7.75 7.25 7.75 7.75 8.25 7.75 7 5.25 8 7 7.25 6.5 6.75 8.25 8 7 6.25 7.25 6.5 7.75 7.75 7.25 7.25 7.25 7.5 7.5 7.25 7.25 7.75 7 6.75 7.25 6.5 7.5 6.5 7 7.25 7.75 8 7.25 8 8 7 7.5 8 9 9 8.25 
14.25 12.75 14.5 13.5 12.75 13 15 16 13 23 28.5 30.25 31 28.5 17 13.25 11.5 9.5 9.25 10 10 10.25 9 9.5 9 8.75 8.75 9.25 9.25 9 9 8.25 7 9 9 8.5 8.25 8.75 8.25 8.25 7.5 8.5 9 8.75 8.5 7.5 8.75 8.25 6.75 8 7.5 7.25 6.5 7.75 7.25 7.25 8.75 8 8 7.25 8 8.25 8 8 6 8 7.5 7 7 7.75 8.5 8.5 6.5 6.5 7.75 6.5 7.5 8.5 7.75 7.25 7.5 7.5 7.5 7.5 7.75 8.5 7.25 6.75 8.5 7.25 8 7.25 7.75 7.25 7.75 8 7.75 8.25 8.75 7.5 7.75 8 9 9.25 7.75 
14.75 12.75 14.25 14.5 15 15 14.75 15.75 14.75 21 28.5 34.25 29.25 21.5 17.75 13.25 11.5 10.25 10.5 11.5 11.5 10.5 9.5 10.5 9.75 10.5 9.25 9 9.25 9.75 9.25 8.5 8.5 9 9 9 8.5 9 8 8.5 8.25 8.5 9 9 8.5 7.75 8.75 8.25 8.25 8.5 8.25 8.25 6.75 9 8 8.25 9 8.25 8.75 7.75 8.5 8.5 8.25 7.75 6.25 9 7.5 7.75 7.25 7 8.75 8.75 7.5 6 7.5 7 7.5 8 8 7.75 7.75 8.5 7.5 7.5 7.75 8 7.75 7.25 7.5 6.5 8 7.25 7.5 8 8.5 8.5 8 7.75 8.5 8 8 8 8.75 9 8.75 
14.25 12.75 14.25 15.75 15.75 13.25 13.5 16.25 17.25 20.75 26.25 35.25 35.75 35 21.5 17 14.25 13.75 13.75 23 22.5 13.75 13.25 12.5 11.5 11 9.5 10.25 11.75 12.75 10.5 8.75 8.75 9 9 9 8.25 9.75 9 8.5 8.75 8.75 8.75 9.25 8 8 9.25 8.5 8 8.5 8.25 8 7.25 8.75 8.75 8.5 9 8.75 8.25 7.75 8.25 8.5 8.75 9 6 7.75 8 7.75 7 8.25 8.75 9 8.5 6.5 8.75 7.5 8.5 8.5 7.75 8 8.5 8.5 8 8 8.25 9 7.75 7.5 8.5 7.25 8 7 8 7.75 9 9 8.5 8.75 8.75 7.25 7.75 8.75 9 8.75 8 
14.25 13 13.75 14.25 14.25 13.75 14.75 18 20 22.75 26.25 28.75 38.75 43.75 27.25 21.5 20 16.75 19.25 44.5 43.5 21.75 14.75 12.25 11 11.5 12 12.75 15 16.75 13 9.5 9 9.25 9.5 9 9.25 9.5 9 8.75 8.75 9 9 9.5 9.25 8.75 9.25 8 8.5 8.75 9 9 7.5 8.75 8.25 8.75 9 9 9 9 8.25 9 8.75 8 6.5 9 7.5 8.25 7 7.75 9 9 7.75 6.5 8 6.75 9 8.75 8.25 8.25 9 9 8 8.75 8.75 8.75 8.25 7.75 8.75 7.75 8 8 8 8.25 8.5 8.75 8.5 8.5 8.75 8 8.75 8.75 8.75 9 8.5 
14 13 14.75 14 13.5 15.25 15.5 21 21.25 21 21 24.75 30.75 26.75 26.75 23.5 18.25 14.5 22.75 46 63 31.75 20.5 13.75 12.25 13.25 13 12.75 11.75 13 12.75 10.75 9 9.75 9.5 9.25 9.25 10 9.75 10 9 9 9 10 9.25 8.75 9.75 9 9.25 9.25 8.75 9 7.25 9.25 8.25 9 9 9.25 9 8.75 9 9 9 8 7 9.25 8.25 8.75 7.75 8.5 9 9 8.25 7.25 8.5 8 9 9 9 8.5 8.5 9 8.5 8.25 8 9 8.5 8.5 8.5 7.5 9 7.75 8.75 8 9 9 9 8.5 9 8.25 8.25 8.75 9 9.25 9 
13.75 13.25 14.5 13.25 15.75 16.5 15.5 18 18.75 16.75 17.25 20.5 24.5 20.75 26.5 22.5 18 17.75 21 50.5 72.25 52.25 24 17.25 12.5 12.25 11.75 11.25 11.25 11.75 12.5 11.5 9.75 9.5 10.75 10 9.75 10 9.75 9.25 9.25 10 9.5 9.75 9.25 9.25 9.75 9.5 9.5 9.75 9 9 8.25 9.25 9 9.25 9.75 9 9 9 9 9 9 9 7 9.75 9 9 8.75 8.5 9.25 9.25 8.25 7 9 8 9.25 9 9 9 9 9 8.5 8.75 8.5 8.75 8.25 8.25 9 8.5 9 8 8.5 8.75 9.25 9 8.75 8.5 8.75 8.5 9 9 9.25 9.5 9 
14.75 14 14.75 14 15 15.75 14.75 15 13.75 14.75 14.5 18.5 22.25 16.75 17.5 18.75 19 20.75 24.5 41.25 65.25 34.75 18.25 19 13 11.5 11 10.75 11.5 11.5 13 11.75 10.75 10.5 10.75 11 10.25 10.5 10.5 10.25 10 9.75 9.75 10.75 9.25 10 11 10.5 11.75 11.5 11.75 11.75 8.5 10.25 9.25 9.5 9.75 9.25 9 8.5 9 9 9.25 8.5 6.75 10.25 9.25 9 8.5 8.5 9.25 9.5 9 7.75 9 8.5 9 9 9 9 9 9 8.75 9 9 9.25 8.5 8.25 8.75 8 8.75 8.25 8.75 9 9.25 9 9 9 9 9 9 9 9.25 9.5 9 
15.5 14.5 16.25 15.5 16 17.25 15.75 15.25 14 15 15 16.25 19 17.5 15 13.5 14.25 14.25 14.25 20.25 20 17.75 13 15.75 13.25 12.5 11.5 11.25 12.25 12.75 13.25 14.75 15.75 11.5 12 11 10.25 11 10 9.75 10 10.5 11 11 11.25 11.75 15.5 19 14.5 13.75 18.75 20.25 15.75 10.5 9 10 10 9.5 9.5 9 9.5 9.25 10 9 7.25 10.5 9 9 8.5 9 9.25 9.5 9 8.25 9.5 8.5 9 9.25 9 9 8.75 9 9 9 9 9.25 8.75 8.5 9 9 9 8.25 9 9 9.5 9 9 9 8.75 8.75 9 9.25 9.75 9.75 9 
17.25 17.5 19 18.5 17.5 16.5 16.25 16.5 15.25 15 15 14 16 15.75 15 13.5 13.5 16.5 14 12.25 13.25 13 12.5 14.5 12.5 12.75 13.5 13.25 14.75 14.25 14.5 19 25.25 21.5 28.25 19 13.75 11.25 11.5 11 10.75 11.75 13.75 22 23.75 14.25 18.5 17 16 14.25 18 17.5 26.5 16.75 10 10.75 10.75 9 9.25 9.25 9.5 9.75 9.5 9 8 10.75 9 9.25 8.5 9.25 10.25 9.75 8.75 8.25 9.25 9 9 9 9 9 9 9 9 9 9 9 9 8.75 9.25 8.75 9 8.75 9 9 9 9 9 9 9 8.75 9 9.5 10 9.75 9 
19.5 22.25 47 30.5 23 19.75 18.5 18.25 16.5 16.75 15.75 14.75 15.25 14.5 14.5 14 15 17.75 13.5 13 13.5 13.25 13.25 14.25 15 20.75 21.25 17 16 14.5 15.25 14 16.5 17.25 20.5 24 20.5 16.75 12.75 11.75 12.75 13.25 16.75 24.25 22.75 22.25 22.5 32 31.5 19 15 13.75 21.5 13.5 10 10.25 10.75 10 9.5 9.75 9.75 10.5 10 8.75 7.75 10.75 9.75 10 8.75 9.5 10.25 10.25 9 8.5 9 9 9.25 10 9 9 9.5 9.5 9 9 9 9.5 9 9 9.25 9 9 8.75 9 9 9.5 9 9 9 9.25 9 9 9.25 10 9.75 9.25 
22.5 34.25 130.25 121.75 64.25 31 22.25 22 18.5 18.5 17 15.75 17 15 15 15.25 16 14.5 14 13 14.25 15.75 20.5 28.75 30.75 28.5 25 16.75 14.75 15 14.75 13 12.5 13.25 13.75 14.75 15.75 20.5 21.5 22 22.5 21.25 20.75 20.25 19.75 21 25.5 34.5 35 18.5 13.25 10.75 10.25 11 10 10.5 11.25 10.5 10.5 10.5 10.5 10.25 10.5 9.75 9.25 10.75 10 9.75 9.5 10 10.75 10.25 9.25 8.5 9 9 9.75 10.25 9.25 9 9.5 10 9 9.25 9.5 9.5 9 9.25 9.75 9 9.5 9 9 9 10.25 9.5 9.25 9.25 9.25 9 9 10 10 10.75 9.25 
31 92.25 177.25 209.75 166.25 69 56.5 42.5 24 20.5 18.75 18 17.5 16.75 15.75 15.25 16.75 16.75 16 14.75 16 21.5 27.75 34.75 33.75 26.75 17.5 16 16.75 16.75 15.5 15.5 16.75 20 17.75 15.25 13.75 14.75 19.25 22.25 25 22.5 27.75 31 28.75 19.5 24.75 27.75 28 21.75 15.5 10.75 10 11 10.25 11 11 11 10 10.5 10.25 10.75 10.75 9.25 8.75 11 10.25 10.25 9.5 10.5 10.5 10.5 10 9 10 9.5 10.25 10 9.5 9.25 9.5 10 9.5 10 10 9.75 9 9 9.5 9.5 9.5 9.25 9.5 10 11 10 9.5 9.25 9 9.75 9.5 10.25 10.5 10.75 9.25 
80.5 179.25 218.75 223.5 214.5 198.75 177.25 152.75 63 25 21.75 19.25 18.5 18 17 16.25 16 15.5 16.25 17 19.5 25.25 28 30.25 32.75 35.25 34.25 29.75 25 21.75 22.25 23.25 28.75 32.25 25.5 22.75 17.5 15 17.25 21.75 21.25 17.75 17.75 22 24.5 21.25 25.25 26.25 26.5 20 15.25 11.75 10.25 11.5 10.75 11.25 11.5 11 11 10.75 10.5 11 11 10.5 9.5 11 10.25 11 10 10.75 11 10.5 9.25 9 10.25 9.5 10.75 10 9.75 9.75 9.75 10 9 9.75 9.75 10 9.5 9.25 9.75 9 9.5 9.25 9.25 9.5 10.75 10 9.75 10 10 10.25 10 10.75 11 11 10 
169.25 205.25 209.5 226.25 232.5 232.25 232.5 218.5 119 50.25 24.75 22.5 20.75 20 19.5 17.75 17.25 17 17.5 17.5 18 18.75 20 22.75 20.5 26.5 29 37 33.5 26.25 20 25.25 29.75 31.5 35.5 31 25.5 21.25 27.25 36.25 28.25 25.5 27.25 31.75 28.5 23.25 21.5 23.75 25 20.25 13 11.75 10.75 12 10.75 11.75 11.25 11 11 10.5 11 11 11.25 10 9.75 11.5 11 11 9.25 10.5 11.25 10.75 10.25 9.5 10.75 9.75 11 10.25 11 10.25 10.25 10.75 11 10.5 10 10 9.5 10 9.75 9.5 9.75 9.25 10 10 10.5 10 10 9.5 9.5 10 10 10.75 11 10.75 10.5 
227.25 223.5 228.25 236.75 238.25 238 229 221 204 120.25 93.25 34.5 29.75 23.5 21.25 21.25 20 19.25 20.25 19 20.5 20.5 21.25 21.25 19.25 19.75 21.25 26 29 28.75 27.5 22.5 26.75 22.25 29.25 30.5 33 32.75 41 52.5 43.25 32.5 31 24.75 20 18.75 17.5 16.25 17.25 14.5 12.25 11.5 10.5 12 11 11.5 11.75 11.25 11 11 11 11 11 10 10 12 11 11 10.5 11 11 10.5 10.25 9.75 10.75 10.25 11 11 10.5 10 10.75 10.5 10.25 10.25 10.5 10.75 9.5 10 10.5 10.5 10.25 9.5 9.75 10.25 11.25 10.75 9.75 10 10.25 10 10.5 11 11.5 11 10.5 
213.5 223 235.25 237.75 242.5 242 238.5 237.5 234.75 231.25 194.5 163.25 85 61.75 42.25 33.5 31.5 27 28.75 25.75 33.5 60.75 86 75.25 65 52.25 33.75 26.5 28.5 32 33 30.25 28.25 25.25 24 26.5 33.25 33.75 26.25 21 19.5 16.25 15.25 16.5 14.5 15 14.25 12.5 13 12 12.75 11.25 11.75 13 11.25 12 12 12 11.75 11 11.25 11.5 11 10.75 10.75 11.75 11 11 10.75 11 11 11.25 10.5 9.75 11 10 11 10.75 9.5 11 10.75 11 11 10.5 10.5 10.75 10 10.75 10.5 10.25 10 9.75 10 10.75 11 10.25 11 10.5 10.25 11 10.75 11.25 11 11.25 11 
210.5 227.5 235 241.75 247.5 251.5 247.75 246.5 239.75 239.25 235 228.25 223 193.75 167.25 126.25 140.75 149.75 119.75 109.75 101.25 172.25 202.5 189 178.75 167.75 130 93.5 62.5 42.75 32.75 40 40 30.25 26.25 22.75 20.5 18.25 17.5 16.25 15 13.25 14 14 13.25 13.25 13 12.5 13.25 12.25 13 11.75 11.5 12.75 11 12.75 12.5 11.75 11.25 11.25 11.25 11.25 12 10.5 10.5 12.25 11.25 11.75 11 11.5 12 11.75 11 10.75 11.25 11 11.25 11 11 11 11 11 10.75 10.75 10.75 10.75 10 10.75 10.5 10.5 10.25 11 11 11 11 11 11 11 11 10.5 11.25 12 12 11.5 11 
233.5 241.25 246.25 250 253.25 251 240.5 234.25 237.25 241.75 242 240 236 234.75 229.5 221.75 223.25 217.5 218 206.5 205.75 204.25 215.75 214.5 209 206 192 191 184 97 40.25 25 27.25 28 29.5 28.5 26.5 25 22 16.5 15 14 15 15 13.25 13.75 14 12.5 13.25 12.75 13 12 12 12.75 11.25 12.75 13 12.75 11.75 12.25 12.5 13 12 11.25 11 12.75 11.25 12 11.25 12 12 12 11 10.5 11.75 11 11.5 11.75 11 11 11.75 11.25 11 11 11 11 10.5 11.25 11.25 10.75 11 11 11 11 11.5 11 11.25 11.25 11.5 11 11.25 11.75 12.5 12.75 12.5 
253.25 251.25 246.25 246.25 241 229.5 226.75 233 238 244.5 243.25 241 239.5 238 228.75 223.75 220.75 221 223 219.25 212.5 207.75 214.75 220 219.25 210.25 202.25 196 185.5 157 58.5 33.25 21.75 21.25 20.25 24.5 23.5 25.75 23 23.75 17.75 16.25 16.5 16.25 14 14.75 14.25 13.25 14.75 13.5 13.5 13 12.25 12.75 12.75 13 13.25 13 11.75 12.25 13 13.25 13 11.5 11.75 12.75 11.5 12 10.75 12.5 12.75 12 11.25 11.25 11.5 11 12.25 11.25 11 11 11.75 11.5 11 11 10.75 11.5 11 11.25 11 11 11 11 11 11.25 12 11 11.25 11.5 11.5 11.5 11.75 12.75 13 14.5 14 
242.25 243 238.25 218.75 209.25 218.25 226 227.5 239 241.5 242.5 241.75 241 237.25 227 222.75 218.25 224.75 220.5 220.5 220.75 217.75 218.5 220.75 217 215.25 207.5 211 203.25 183.25 167.25 68.5 42.75 26.75 21 19.75 18.75 18.25 18 20 22.75 18.75 18.5 21.25 17.25 17.25 15 14 14.5 13.5 13.75 12.75 12.25 14 13.25 15.5 14 13.25 13 12.75 13.25 15.25 15 12 12.75 14.25 12.5 13 11.25 13 13 12.25 12.5 11.5 11.25 12 13 11.5 11.5 11 12 11.75 11.25 11 11.75 11.25 10.5 11.75 11.5 11 11.25 11 11.25 12 12.75 11.5 11.75 12.5 12.25 11.5 13 14.25 17 22.75 21.75 
227.5 233 229.5 225.75 236.5 240.75 248.5 249.25 244.5 243.75 244 242.5 240.5 240.75 232.25 237 236.25 231 226.5 231 226 223.75 225.75 223.75 223.5 221.75 218.25 218.75 214.25 213 209.5 192.75 141.25 83 45.25 28.25 22 20.5 19.75 19.25 23 26.25 31.5 37 30.25 26.25 22 22.75 23.25 19.25 18.25 17.75 16 17 15 17 16.75 14.5 13.25 14 15.25 21.25 27.5 23 17.5 15.5 13.5 13 12.75 13.5 13 12.5 11.75 11.5 12.25 12.25 12 11.75 11.75 11.75 12.25 11.25 11.5 11.5 12 11.5 11 11.75 11.5 11.25 11.25 11.75 12 12.25 13 12.25 12.5 12.5 12.75 14 14.75 20.25 41 52.25 65.5 
232 229.75 244 251.25 247.25 249.5 249 246.25 244.75 243.75 243.25 238 239.5 240 239.5 244.5 245 243.5 239.25 235.5 227.5 224.25 224.75 225.75 225.25 222.75 226.75 227.5 221.75 220.25 218.25 215.25 213 193.5 182 102.75 78.75 39.75 35 33.75 24.5 24 25.25 25 20.25 30.5 36.75 31.5 33 27.25 25.5 20.75 18.25 17 16 21.75 18.5 16.25 14.5 15.25 18.75 37.5 50.25 38.75 32.5 30.5 22.5 16 15.5 15.75 13.75 12.75 12 12.5 12.25 12 12.5 13 12.75 12.25 12.5 12 11.5 12.25 12.25 12 11.5 12.75 11.5 11.25 11.75 12 11.75 13.25 13.75 14 14 13.75 14.5 17 27 50 76.25 102.5 115.75 
239.5 247 253 248 233.75 242.5 247 235.75 240.75 241.5 236 234.75 233.5 229.75 237 233.5 247.5 245.25 244.25 233 227 221.25 223.25 230 223.25 232 233 231.5 224.5 224.5 227 221.25 221.25 219 216.75 210.75 199 165.75 187.25 123.25 138.25 58.5 41 32.25 20.5 22.75 25.75 21.75 20.25 19 17.25 16 15 16 17.75 39.25 35.25 28 19.25 17.25 21.5 35.75 42.25 35 46 75 72.5 39 20.5 18.5 17.5 14.25 13.25 12.5 12.25 12.75 13.25 13 13 12.25 12.5 12.5 12.75 12 12.5 12.5 11.75 13 12.25 12.75 12.5 12.5 13 13.5 15.75 22.75 19.75 16.75 22.25 52.25 68.75 85.75 94.75 107.75 125.5 
234.5 242.5 232 227.25 246.25 229 217.5 232.75 240.5 235.75 231.25 232.75 239 234.5 232.25 213.5 213.5 227 243.5 234.75 230 230 230.25 231.5 236.75 240 236.5 227.5 227 231.5 232.5 233.25 228.75 222.25 221.75 219.5 219.75 220 214.5 214.75 209 196.75 176 114.25 88 29.75 24.25 18.75 19.25 17.25 17 16 15.75 17.25 23 65 75 62.5 38 26.5 21.5 32.5 35.5 37.75 82.5 114 113.5 91.5 49 32.75 20 16 13.25 13 13.25 12.75 13.25 13.25 13 13 13 13.25 12.75 12.75 13.25 12.75 12.25 12.75 12.25 13 12.5 13.5 13.5 15 17.5 30 30.75 28.25 48.25 83.75 81 72 77.25 97.5 100.5 
222.75 241.75 246.25 249 242.25 234.25 247.75 243.75 241 234.25 228.5 223 224.25 219.75 233 231.25 227 227.5 225.25 233.25 241.75 235.25 232.25 232.75 238.25 231.5 227 227 232.25 236.25 233.25 226.5 223.5 228.25 222.25 215.25 208.25 213.5 215.75 218.5 214.25 214.75 209 208 182.75 120 41.75 24 21.25 18 18 17.25 16.5 18 23.25 59.25 84.25 65 36.75 28.75 25 28 29.25 47 103 120.25 119.5 111.75 104.5 58.5 26.25 18.5 15.75 14.5 13.75 14.25 14.5 13.5 13.25 13.25 14 13.5 13 13.75 14.75 13.5 12.5 13.5 14.5 14 14.75 15.5 18 19 20 31.25 34.25 36.75 54.25 79.25 78.5 83.25 98.75 106 105 
248.25 248.25 237.25 236.5 228.75 230.25 240.5 243 240.25 235.75 228 221.75 216 228.5 235.75 245.5 250.25 243.75 231 248.25 248 241 235.75 226.75 217.25 223.5 227 232.25 236.75 240.5 231 222 225.25 231 223.25 216.75 200.5 205.75 216.25 221.5 215.75 212.25 216.75 213 211 196.5 116.25 46.25 26 21 19.25 18.5 17.75 18.25 21.25 60.5 88.75 62.5 38.75 33.5 36.25 33 45.75 67.25 104.75 93.75 90.75 102.75 105.5 87.5 55.25 43 25.5 18.25 15.5 15.75 16 15 14.5 14.25 14.25 13.25 13.25 13.5 14.25 15.5 13.75 16.25 16 18 19.75 28.25 42.25 42.5 52.5 37.5 50.75 71.5 77.75 102 112.25 131.5 140.75 143.25 148.5 
238.75 237.75 235.25 218.75 216.25 226.75 233.75 239 239 234.25 230 228.25 237.5 240 243.5 244 225 220.75 231.5 228.25 227.5 234.25 244 239.75 243.25 234.25 233.75 235 235.5 232.5 226.75 222 224 217.75 221.25 223.25 218.25 211 213 214.25 211.75 209 214.5 217.25 215.25 214.5 198.5 134.25 59 31.75 22 20 19 19.5 21.25 36 60 64 57 51.75 56 81.5 85.25 113 93 59.75 42.25 56.75 72 73.75 77.5 78.5 73 42 29.5 29.5 32 31.75 20 16.75 15 14.25 13.5 13.5 14 14.25 15 17.25 19.25 23 32.25 63 73 80 77.75 82 102 104.25 110.75 114.5 117.25 143 156.5 160.5 159.25 
223.25 221 212.75 233 243 255 252.25 248 242 232.75 224.5 224.5 227.25 234 233 225.5 230.75 243 233.5 222.5 223.75 235.75 243.25 242.5 247.5 239.25 237.25 229.75 229 230.75 237.5 239.75 230.75 228.25 227 229.75 226.25 226 222.75 218.75 225.75 231 221.5 220.25 216.5 213 216 207.5 189.25 85.25 62.5 25 22 21 19.75 24.75 31.25 48.5 63.25 67.5 92.25 116.75 128 117.75 84.75 75.25 57.5 61 58.75 47.75 45.75 38.75 46.75 41.25 38 45.25 58.25 68 51.5 26 18.5 15.25 14.5 13.75 14.75 13.75 14 16 17.25 26.25 48 66.5 76 81.75 78 90.5 97.75 107 104 97.75 119.75 141.5 158.75 156 148.25 
231.5 232.25 247.25 255 238 232.5 238.25 252.5 245.75 240.75 226.25 226.75 227.25 227.25 229.25 240.25 235.25 225 236.5 236.5 243.75 245.25 222.25 219.5 216.75 234 231 219.75 222.75 222.75 234.5 232.25 235.25 241 240.5 233 230.5 230.75 228.25 227.25 225.5 225.25 228.5 228.75 220.25 216 215.5 220.75 220.75 211.75 148.5 100.25 49.75 26 24.5 22 23 29 60 100 106.75 123.25 122.25 115.25 123.75 127.75 123.75 115.25 95.75 93 62.5 48.75 28 23.5 23.25 23.5 48.5 68.75 81.75 69 32.5 18.25 15.25 14.25 14.75 14.25 14.25 16 16 20.75 34.5 43.75 59 82.5 94.25 97 102.5 104 100.25 109.5 131.5 152.75 150.75 141 143.25 
244.25 250.5 250 226.75 222.5 241 248 237.75 234.75 238.5 230 231.25 229.75 235.5 225 230.75 240 237.5 223.75 237 245 241.5 238.75 223.75 212.5 227 234.25 227 229.25 223.5 227.25 226.25 239.25 243 239 232.25 232 233.25 232.75 229 218.75 201.75 217.5 214 223 228.25 225.5 226 229.5 228 229.75 215.75 151 126 44.25 34.75 25.25 26.75 37.75 79 90.75 106.25 113.25 121.5 131.5 130 125.25 120.75 124.25 126.25 119 107 67 68.75 48 60.5 66 59.75 64 65 41.25 25.5 19 15.75 15.25 15.25 15.5 18.25 17.5 22.5 24.5 35 62 86.25 109.75 110.25 99.25 94.25 88 101 117.75 135.25 135.25 134.75 132.5 
232 235.25 217.75 226.25 244 242.25 230.5 220.75 221.75 207.5 222.5 229.5 230.5 231 247 252.25 249.5 237.75 231 233.75 243 245 241.25 237 233.75 237.5 246.25 242.75 242 246.75 233.5 224.25 232.75 227.25 223.75 220.75 235.75 231.5 226 226.5 224.75 220 221.75 226.75 228.75 233 230.5 230 232.5 233.25 234.25 229.25 228.25 209.5 178.5 126 69.75 47.5 34 45 64.75 80.5 86.5 103 109 114 119.25 125 121.5 109 108.5 121 109 92.25 85.75 68.25 65.5 64 61 47.5 27.5 21.5 21.75 19.5 19.5 18.25 18 18 16.75 16.75 19.5 25.5 45 80.75 90 95 87 74.5 73.25 95.5 102.75 105.5 124.75 112.75 91.75 
232.25 225.5 218.5 218 213.75 219.75 226.75 216.25 213.5 217.25 225.25 238.75 240.5 237 243 254.25 250 249.25 251.75 245.5 235.25 230 238 244 246.5 249 243.75 241.5 237.25 230.25 231.75 228 226.75 219.25 226.5 231 246.5 236.75 228 227.5 227 220.75 211.75 229.75 233.5 229 224 230.75 234.75 236.25 236.75 234.75 229.5 220.5 212.5 206 184.75 155.5 94.25 75 52.75 65.25 74.25 89 105.75 113.25 114.75 118.75 120 121.5 123.5 125.25 116.75 97.75 88.5 76.5 55.75 48.75 47 30 21.75 18.25 18.25 18 19.5 19 17 17.25 15.75 17 18.25 24.5 30.25 73.25 77.25 57.25 56.75 83.25 102.75 114.25 117 130.5 131.5 103.25 110.75 
233.25 231 224 233.5 225.75 216.25 217.5 224.5 234 235.25 237 247.25 247 238 220.25 222.75 238.25 242.75 240.25 251.75 248 233 226.75 228.5 226.5 238.75 240.75 236.5 233.25 227 225.75 233.75 230.75 222.25 225.25 237.25 241.25 235 229.5 224 221.25 220.75 208.75 210.5 209 204.25 213.75 231.75 236.75 238.25 237.75 233 224 211.5 212.5 214.75 213.75 205.75 204 180.25 136 105.75 71.5 68.75 86.25 86.75 90.25 97.75 98.5 116.25 114 120.75 114 108.5 102 97.75 92.5 73.75 72 48.75 33.75 22.25 18.75 17.5 17.75 16.5 15.5 17.25 16.5 18.25 21.25 23.5 37 67.5 104.25 96.25 100 102.75 99.25 108.25 112 120.5 115.5 115.75 144.75 
219.5 216 225 215.5 225.25 220.5 233.5 244 244.5 240.75 239.25 242 242.25 239.5 231.75 221 214.5 212 221.5 225 229.75 230.5 240 232 229 238.75 236.75 234.75 229.25 223.25 228.75 236 229.5 225.5 213.75 225.5 227.25 228.25 229.25 222.5 220 220.5 218.75 204.75 205.75 210.25 224.5 235.5 238.75 239 237.25 229.5 211.25 205.25 203.75 215.5 221 217.75 214 213.75 212.75 190.25 192.5 133.75 129 81.25 58.75 41.75 52.5 47.25 60.5 65.75 71.75 98.75 96.75 95.5 105 112.5 109 110 80.5 42.25 26.75 19.75 20 17.5 17.5 18.5 20 21.75 19.75 22.25 35.75 72.25 107 110 90.25 82.5 77.25 66 101.25 124 126.5 139.75 142.25 
237.75 230.5 231.75 236.75 239.5 241.5 239 237 239.75 246 249.25 240.25 238.75 246 245 239 235.25 239.25 234.75 231.25 240.5 255 255 252.5 240.75 240.25 240.25 239.5 236.75 229 231.5 233.25 229.25 222.75 220.25 220 209.5 215.75 228.25 227.75 223.75 223.25 226.75 231.5 227.75 231 238 236.75 238.25 237.5 237.75 225 211 208.5 206.5 209.5 213.25 220.5 222.25 221 220.75 220 218.5 217.5 210.75 192.5 179.25 122 123 70.5 61.25 47.5 65.5 88.25 90 88.25 93 107.75 112.5 118.5 119 94 41.5 29.75 22.75 22 25 28 41.75 24.5 21 34.75 63.25 100.75 101 87.25 76.25 63.5 52.25 70.25 99.75 119.5 135.25 133 129.5 
242.75 243 243.25 247 249.5 246.5 241.5 247.5 252 255 255 254.25 253 246 239.25 254.25 251.25 251 249.25 238.75 223 222.25 223.75 233.25 245.25 246.25 246.25 242.75 241 237.5 238 232.5 226.75 224.5 224.5 219.75 215.5 216.5 221.25 228.75 228.75 227 236.5 240.5 241.75 244 241.5 236 236.25 235.5 234.5 223 210 210.5 212.25 215.5 218.5 224 224 224.75 226.75 226 225 222.75 225.25 226.75 223.75 219.75 211.5 206.25 187 176.5 173.5 157 158 127.75 103.25 83 101.5 109.25 113 106 52.75 38.5 33.25 47 61.75 95.25 66.5 33.75 32 55 104.75 110.75 105 99.75 87.25 64.25 53.75 79 101.25 124.5 130.5 125 123 
245.25 247.5 244.75 248.75 244.5 240.25 241.5 247.25 254.5 255 255 248.5 249.25 250.25 244.75 250.25 253.5 244.25 242 240 237.75 222.75 228 221.5 240.25 246.25 246.5 246 251 246.75 237.75 235.25 231.5 229 229.5 230.25 229 225.25 213.25 217.25 229.25 236.5 239.75 242.5 244.25 243.75 241 237.25 236 234.75 235 218.75 214.75 215 219.5 217.75 214 216 219.25 226.75 228 227.25 226.5 225.25 230 231.5 229.5 224.75 225.75 221.25 219 216.75 215.25 214.75 217.25 218.75 193.25 156 99.75 113.5 113.5 94.75 55.25 41 42.5 64.25 104.75 88.25 48.25 39.75 52 103 115.25 123.5 112.25 115.75 89 73.5 74.5 86 96 108.5 99 101 95.75 
255 253.75 245.25 233.25 222 233 232.25 226 215.5 235.75 243.75 249.75 248.75 253.5 243 239.25 235.75 232.25 226.75 243 240.5 245.75 239 239.25 239.75 240.75 238.25 236.5 240.5 245.5 235.75 232.25 233.5 234 231.75 231.75 233.25 232.5 227.5 221.25 229 237.5 241 243 243.25 243.25 241 236.75 234.75 235.75 235 225 213.75 213.25 218.25 222 221.75 221.75 226.25 229 226 225.75 225.75 226.25 232.75 235 233.5 229 227.5 222.25 217.5 216.25 207.25 199 216 221.25 217.5 207 180.25 124.75 125.75 113.25 83.25 82.5 72 104 90.5 69.5 91.75 93.5 112.5 112 134.25 119 99.75 94.5 93.75 84.5 79.75 82 86.5 88.25 83 83.75 71.5 
255 255 255 253.5 253.25 242.25 240.25 228.75 218 225 223.5 235 221 229.25 239 231 230.75 248.75 224 228 241.5 247.25 251.75 253.25 251 250.5 249.75 236.75 215.25 219 224.5 227.75 232.5 233.25 232.5 233 234 232.25 228.25 227.25 235 241.75 246.5 240 235.25 239.25 238 235.25 233 234 235.5 227.5 219.75 215.5 223.25 226.75 224.25 221.5 218.5 218.5 223 226.25 225.25 230.25 237.5 238.75 235.25 233.25 223 214.25 212.75 215 206.75 198.25 209.5 217.75 217.5 218.75 212.5 176 130.25 107.5 97.75 113 117.5 101 97.25 138.25 143.75 124 121.75 137 143.25 125.25 97 83 83.75 67.5 66.25 58.5 79.5 90.25 80 80.75 72.5 
222.25 240.25 246.75 247.25 251 250.5 241 241.25 246.75 238.5 234.5 231 229.5 237.5 227 229 228.25 241 242.25 242.25 250 235 245 239.75 242.25 252 254.25 248 238.25 234.5 233.25 239.25 240 239 237.25 235.75 235.5 232 227.75 234.25 239.5 245.75 247.75 244.25 231.5 234 235 235 234.25 233.75 233.75 226.75 210.5 210.5 217.75 221 218.75 220.75 220.5 224.75 226.75 226.25 228 231.75 240.25 240.25 238 233.5 226.25 216 213.5 214.5 204.5 201.5 207.5 216.5 219.25 217.25 217 211.5 169 109.75 102.5 121.25 120 117.5 143.75 141.5 123 121.5 140 150.75 134 109.75 95.75 82 72.75 62 55.25 62 79.75 75 68.5 82.75 70 
232.25 227.5 222 219 219 230.25 237 238.75 240 247.5 242 228.25 232.75 234.75 237.25 243.25 236.5 237.25 245 243.75 230 234.5 238.75 234.75 230 213.75 226.5 236 237.75 239.25 247.5 248.75 249.5 248 245 242.5 239 231.25 233.75 238.75 246.25 247.5 248.5 245 236.5 232.25 234.75 234 233.75 233.75 234.5 231.75 214 209.75 214.75 218.75 220 220 219 222.25 221.25 224.25 231.75 235.5 240 238.25 238 231.5 220.25 216.25 211 214.25 209.5 198.25 202.75 216.5 221 218.75 217.75 218.25 214.75 177.75 134.25 107.75 120.75 137.25 137.25 128.25 123.5 135.5 145.5 152.75 116.75 93 79.75 82.75 76.25 68 60 59.5 56.75 59.5 70.25 70.25 61 
243 242.25 236 226 225 230.25 239.25 225 225.25 227.25 238 224.25 228 228.25 223.75 232 230.25 232.5 239.75 248.25 244.5 243.25 236.75 227.75 223.75 234.25 240 255 247.5 243.25 249.5 253.5 253.75 250.75 252.75 251.25 243.5 240 241.5 249.5 249.5 249.25 249.25 247 240.5 231 230.5 233.25 234.5 234.25 235.5 234.5 230.5 217 223.25 222 219.75 217 218 211.5 216.5 227.75 230.25 233.25 237.75 238.25 234.25 227.25 215.75 210.5 214 211.5 208.75 208 214.5 220 218.25 220.5 218.25 218.75 220.5 217.5 199.5 166.75 115.75 103.25 109 119.75 132.5 140.25 144.5 138.75 98 58.75 62.5 69.5 60 56.25 53.5 56.25 59.5 73.5 85.5 91 97 
233.5 242.5 244 252.75 252.75 253.25 247.25 231.25 223.5 210.25 213.75 230.25 247.5 242.5 222.75 238.5 233.5 226.5 241.5 249 233.75 241.5 231 241 250 245.25 231.75 236 227.25 246 251.5 249.25 251.75 250.25 253.5 239.25 236 240.5 246.5 254.25 254.25 251 249 247 243.25 233 225.5 231.75 233.5 235 236.5 236 236.5 234 231 230.25 228.25 218.5 215 210.5 223.25 231.25 232 238.5 240 235.75 229.5 223.25 216.75 215.5 218.25 214.25 212.75 219 219.5 220 214 208 211.5 220.5 224 223 222.75 216.75 213.5 175.25 138.75 103.5 99.25 102.5 96.25 80.25 46 30.75 40 52.75 56.5 54.25 59 62.5 75.75 87.75 116 124.5 122.5 
241.75 254.5 246 242.75 242 250.75 248.5 241.25 234.75 233 250 243 229 233 249.5 255 247.75 243.5 242.25 233.75 248.25 241 235.75 249.5 238.75 228 231.5 222.75 227.5 240.25 238 229.75 222.25 235.25 220.25 216.75 227.25 235.75 242 242.75 241.25 244.5 241.25 241.5 239 237 226 226.5 234.5 236.5 236.75 235.5 238 236 231 215.25 219.5 216.25 220 223.25 235.25 238.75 242.25 237 235 229.75 225.5 223 222.5 224.75 219.75 216 219 221 224.25 226.5 221.75 217.25 219.5 225.5 226 225 222 221.25 219.25 216 206 196.5 148.75 115.75 65.25 37.75 28.5 26 27.5 32.5 55.5 65.75 72.25 83 87 102.5 113.75 111.25 60.5 
246.5 229.75 231.25 236.5 239 241 246 243 233.5 224.75 224.25 238.25 229 238.75 244.25 239.75 247.75 252 245.25 251.75 246.75 226.25 233.25 247.5 237 227.5 236.5 244.25 239.5 231 227.75 229.5 220.75 215.5 222 221.25 224.5 239.5 242.25 233.5 227.5 232 234.5 233.75 233.5 236.5 230 224 229.25 237 235.5 235.25 239.25 238.75 232.75 219.25 215.25 215.5 219.75 227.5 233.75 242 240.25 234.25 231.5 226.75 221 223.5 220.25 227 222.25 222.75 222.25 225.75 227 226.75 224 222 226.25 227.75 227.75 226.25 223.25 221.5 220.75 220 219.75 219.5 216 207 161.75 148.25 68.25 64 32 29.25 28.5 46.5 49.25 53.5 55.25 44 64.5 38 30.5 
253.75 253.75 240.25 234 238.5 249 250 244.5 242 238 237 240.25 245.75 246.25 247 241.25 236.5 244 247.5 239.25 222 238.5 254.5 240.5 234 230.75 220.5 219 226.25 236.75 226.5 233.5 236.25 227 219.25 224 226 232.25 222 222.75 227.5 232.5 224.5 223.75 229 238.5 237.25 227 232.5 234.5 235 235.5 241.5 241 239.25 239.25 235.5 237.25 236.5 235.5 239.5 240.75 239 233.25 228.75 219.5 219.5 224.25 221.5 228.25 227.75 226.75 228 233 232.25 230.5 227.75 229 230.75 229.5 231.5 229 227.75 225.5 224.75 226 224 223.5 219.5 218.5 216.25 216 206.75 168 127 85.5 48.5 52.75 33.5 30.5 27.75 27.5 29.25 26.25 26.75 
238.25 237.5 238.75 243.25 247.75 241.75 246.5 247 242.25 236.75 234.75 237.75 232 230 232 242.25 243.25 243.5 246.25 241.25 241.25 253.75 240.25 226 226 225 226.25 226.5 231.5 227.5 215.75 218.5 225.5 238 243 244.75 244 240.75 234 241.75 242 237.75 230.5 226.5 230.5 235.5 236.5 235.25 237.25 235.5 234.5 236.75 240.5 242.75 244 244.75 246.5 247 245.5 244 242.75 241.5 236 233 230.5 222.75 225.5 227.25 226.5 223.75 226.25 227.5 231.5 237.75 242.25 233.75 229.25 233.5 233.5 232.75 229 229.5 228.75 227.25 226.25 225.25 225.5 226 222.75 220.75 219.25 220.75 218.75 218.75 213.5 204.25 190.75 153.75 144.25 114 110.5 104.75 94.75 95.5 86 
238 230 245.75 244.25 235.5 233.5 239.5 245.25 248 241 238 241.75 237 231.5 233 239.25 243.5 249.5 254.5 254.75 255 254.25 240 249 250.75 245 250.5 254.75 249 243.25 235.5 242.75 241.75 249 250.25 252 255 255 249.25 246.75 242.75 234.5 232 222.25 223 229 231 239.75 243 240 236 238.75 241 240.75 242 244.5 244.25 243.75 237 235.25 238 239.25 237 233.75 230.75 226.75 225 227.25 226.25 223 227.5 224.5 227.75 229 238 225.5 229 235.5 233.75 234 234.5 232.25 228.25 226 225.25 227.25 228.75 228.75 226.5 224.5 222 222.75 222 222.5 220.25 219.75 221.25 218.25 219.25 220.5 214.25 207.25 208.5 213.5 216.5 
216.5 226.25 213.5 226.75 236.75 242.5 243.75 248 252.5 254 254.5 253 245.75 235.25 234.75 236.75 240.75 247 246 247.25 241 235 238.5 234.25 229.5 236.75 238 237.25 249.25 248 253.75 254.25 249.25 253.25 252 244.5 228 223 216 213.5 215.75 224 227.25 221.75 226 223.75 232.75 243.25 243.75 241.5 238 237.25 241.75 239.75 238.5 241.5 241.25 235.25 219.5 214.5 221.25 239.5 241.5 236 232.25 228.25 226.5 230.25 222.5 221 230 225 216.75 226 222.25 207.5 226.75 235.25 234.5 233 226.25 227.5 226.75 228.25 229.25 228.75 228.75 229.25 227.5 224.75 223.5 223.75 224.5 216.75 215.25 217.25 224 226.75 225.25 222.75 222.5 221.5 221 221 221 
216 231.75 231.5 235 239 242.5 247 251 254.75 254.75 252.5 254 251.25 245 247.75 241 241.5 248.5 250 252 240.75 230.75 228.25 219 229.75 250.75 250 243.25 246.25 245.5 238.5 237.75 247 244.25 232.5 233.75 229 225.75 231.5 244.25 247.75 247.5 244.25 243 242.25 231 238.75 247 246.25 243.25 241 242 244.25 243.25 236 237.25 237.5 224 209.75 201.25 206.25 216.25 230.25 231.25 233 230.5 232.25 231 220.5 223 230.25 234.25 220 216 215 212 224.25 235.25 226.25 230.5 221.5 218.75 224.5 232.5 233.75 230.25 229.5 229.5 228.25 227 225 225.25 224.5 226 225.25 222.5 221.5 222 222.75 223.75 224 223.75 223.25 223.25 223.5 
253.25 253.25 254 255 251.25 252 250.25 251 249.75 253 254.25 253.5 252 251 248.75 250 250.5 253.25 253.5 254.75 253 244 229.75 245 255 252 248 237 235.5 244.25 236 232.25 239.75 239 245.25 236.25 236.5 241.25 248.5 249.25 250 249.25 248.5 247.5 245 237.75 244.25 252 250.5 249.75 247.75 246.25 245.25 241.25 235.5 235.75 237 227.25 209.75 208.75 214.25 213 217.5 226.5 230.75 231.5 233.5 234.25 230.25 221.5 214.75 227 236.75 229.5 213.5 215.25 208.75 208.75 229.75 228.25 215.5 215.5 227.75 236.75 234.25 234.25 231.75 231.75 229.5 227.5 226.75 226.25 226 226.75 227.75 227.5 223 223 225.5 225.75 225.75 226.25 224.5 224.5 224 
255 255 255 255 251.25 255 254.75 253.5 244.75 244.5 247 255 255 255 255 254.5 254 254.5 253.75 251.25 243.25 245.75 254.5 240.25 231 230.75 236.5 247 232 235.75 243.5 244.5 235 237 243 229 242.25 250.75 245.75 242.75 235.5 240 241.5 246 238 236.75 244.75 247.5 246 245 244.75 247 244 240.75 237 235.75 235.75 230.75 213.75 204.75 201.5 200.25 210.25 217.25 221.5 217.75 226.25 239.75 232.25 222.75 212.25 211.25 229.75 243.25 221.5 221 219 220.25 219.5 211.75 216 228.5 238.75 231.25 227.25 214 224.25 229.5 229 229.5 228.5 228.25 226.5 227 228.25 229.5 228 226 225.75 226.5 226.5 226.5 226 225.5 223.75 
253.5 242.25 243.5 234.75 246 249.25 254 255 254.5 244.25 242.5 247.5 255 255 255 254 254.5 254.5 251.25 249 245.25 243.75 244 240.25 237 235 244.5 249.75 253.75 249.5 231.5 231 230.75 215.25 221.75 230.25 250.75 251.5 244 238.5 228.75 220.5 236 242.5 238.5 235.5 233.25 243 230.75 230.75 237 231.75 238.75 239.75 238 236.5 233.5 227.5 214 207 209.25 219.25 217 213.25 220.25 224.75 214.75 214.75 220.25 224.75 218 224 226.25 224.25 235.5 221.75 221.75 211.75 198.5 207.5 225 232.75 227.25 237.25 230 221.5 227 228.75 229.5 228 226.5 226 227.5 230 229.5 234 239 229.5 226 226.75 227.25 227.25 226 226.25 224.75 
237.75 227.25 228.5 247.75 254.25 248 249.75 252.5 255 255 245 246.25 252 255 255 255 254.5 254.25 250.75 251 246.5 245.75 239.25 244 244.75 238.5 241.75 246.75 243.75 243.75 234.75 225.5 232.75 230 232.5 253.25 248.5 241.25 239.75 234.75 229 238.75 243.25 235.5 239 226 209.25 198 199.5 210.25 207.5 222.5 231.75 235.5 238.5 243.5 240.75 230.25 214.5 203.5 194.25 204 209.5 216.75 226 231 218 212.75 218.75 222.5 218.25 199.5 202.5 218.5 216.75 207.75 222.25 209 214 220.5 235.75 236.25 239.75 229 218 221.5 227.75 227.25 228.25 227.25 227.5 227.75 227.75 230.75 229.5 240.5 246.5 228.5 228.75 226.25 226.5 226.25 225.25 224.75 223.75 
244.5 251.25 251.5 252.5 244.75 247.75 254.75 254.25 255 255 253 244.5 245 250.75 254.25 255 255 254.5 251.25 250.25 249 250 247.75 247.25 246 243.25 232.75 232 233 231.75 241.25 249.75 251 250 246 249.75 242.75 227.5 236.75 231 228.25 232.25 230.75 233 238 236.75 239.25 239 222.75 222 216 217.75 218.75 227.5 225.5 238.75 242 238.75 233.25 228.5 212.75 203.5 207.25 212 210 216.25 229.5 222.5 220.75 221 222.75 223.5 223 224.25 212.25 214.25 222.25 218.75 233.5 241.5 244.5 236 228.25 213.25 220 226.75 229.25 226.75 227.25 226.75 229.25 228.5 228.25 227.5 226.5 219.5 206.25 215.25 225.25 227 226.25 226.5 224.25 225.75 225 
243.25 251 247.25 234 226 245.25 253 249 251 255 252 248.75 242 234 238.5 250 255 255 252.25 252.5 253.5 253.25 253.5 254 254.5 246.5 235 222 222 221.75 241.25 250.5 252 237.75 233.25 237.5 233.5 247.25 249.25 241.25 248.5 247.25 228.5 226.25 227.25 233.25 228.75 240.25 237.25 238.25 233.75 232.5 231.5 219.75 212.5 209 215 228.5 230.5 239.25 236.25 230 219.5 213.5 214.75 238 241 223 224.75 224.5 225.5 223.25 210.25 212 223.75 234 221.25 214.5 203 221.5 229.75 229.75 211.25 217 227 230.5 230.75 229 230.5 232.25 232 229 228.75 225.5 225.75 229 234 228.5 227.25 227 227.75 226 225.5 226.25 223.75 
232 242.5 243.75 248 253.5 249.75 252.25 255 252.5 255 252.5 248.75 251 244 243.75 244.75 248.25 246.5 249.75 248 253.5 255 255 255 251.25 248.75 236.75 236.75 220.5 233 246.5 236 231.75 230 220.5 225.25 248.75 234 235.25 249.75 234.5 236.75 230.25 212.5 209.25 224.75 222.5 222.75 229 230.25 229 235.25 231.75 223 223 232.5 231 225.75 223 218.75 228 237.75 226.25 217 229.75 229 232.5 226.75 216.75 212.5 212.5 230 226.75 226.25 222.5 222.75 233.5 233.5 241.5 219.75 230.25 233.5 231.75 227.5 231.75 232.5 231.75 241.5 240 237 236 231 225.75 211.5 220.75 227.5 227.25 226 227 227.5 227.75 225.5 226 226 214.25 
241.5 232 233.75 235.75 243 240.5 238 240.75 239 247.75 246.5 251.75 254 254 253.75 252 250 243.5 247.25 242.75 245.5 245.25 251 253.25 245.5 244.5 243.5 240 240.25 244.75 235 233.5 231.75 241 249 233.5 233.25 237 235.5 252.75 242.5 230.25 229.25 221.25 226 232.5 234 225 227.75 221.5 231.25 239.5 236.75 230.5 237.5 233.5 225.25 208.75 213 205 203.25 223.5 224 231.25 220.75 209 207.5 224 231.25 239.5 225 233.25 239.5 216 219 233.5 246.25 215.75 190.25 185.75 212.75 215.5 213.25 221.75 231 231.75 224.5 220.5 230.75 227.75 227.25 227.25 229.25 233.75 237 241.75 239.25 232 228.75 228.25 228 226.25 225.5 223.25 211.75 
255 252.75 240.5 229.25 227.75 220.75 222.5 226.75 236.5 248 255 255 255 255 255 253.25 251.75 251.5 249 251.25 246.5 241 243.5 243.75 245.75 234.75 237.25 248.25 247.75 250.5 236.25 234.75 229.5 233.25 247 238.5 223.75 233.5 235.5 226.5 234.75 241 235 226.75 232.5 225 219.5 227.75 233 229.25 232 232.25 240.5 242.25 240.75 242.75 242.25 234 230.75 224.25 224.75 235.25 223.25 208.5 215.75 207.5 214.5 221.75 230.75 230.25 233.25 222 210.5 220 226.25 228 232.25 207.75 210.75 216 216.5 206.5 201.5 219 227.75 228 227.25 222.75 217 212.5 206.75 223.25 227 227.5 227.75 221 230 229.25 228.75 230 235.25 228 225.75 222 205.25 
255 246.75 243.25 248.75 255 255 255 252 255 255 255 250.75 249.75 255 254.75 253.25 252.75 250.5 240 237.25 248 251.25 248.5 241.5 246.25 241.75 232.5 234 246.5 241.5 235.25 218 220.25 231.5 220.75 220.25 238.25 243.5 234.5 222.75 223.25 229.75 233.5 234.75 237.75 223.75 214.5 219 233 240.25 230.5 225.5 230 225.25 226.75 235 236.5 231.5 217.5 212.75 220.75 213 215.25 214.25 228.5 213.5 202.5 206 210.5 214.25 235.25 244 240.75 221.25 220.75 212.75 224.5 241 244.5 244.5 235.25 215.25 214 225.25 228 232.75 230.75 233.25 225 235.5 231.25 234.5 224.75 223.25 225.25 215.75 217.5 225 228 230 230.25 223.75 225.75 224.25 226.25 
250 252.75 254 253.25 253.25 255 253 254.75 249.25 255 254 252.75 238.25 233.75 245.5 246.5 250.5 253.5 248.5 240.25 240.25 240.75 251.5 251 248 244 247 232.75 246.25 247 232 228.5 227 224.75 223.5 218.5 224.5 241.75 229.25 229.25 223.5 220.75 230.25 240.75 236.75 230 230.75 228 227 234.25 226.75 228.25 223.25 225.5 224.75 224.25 215.75 215.25 211.25 218 220 209.25 206.5 231.25 241 234.5 235.5 229 216.5 206.25 223.25 236 247.25 242.75 248 235.5 235 230 216.25 221.5 233 243 230.75 232.25 228.25 222.75 225.75 235.75 237.25 238.5 234.5 230.25 228.25 233.75 234.25 230.25 224.25 227.5 232.25 237.25 221.75 219.5 224.5 227 229.75 
236.75 242.5 242 251.25 253.25 243 246 243.25 244.25 236 237.5 237 250.75 241.75 235 235.5 243.5 249 250.75 248.5 243.75 232.25 229.75 237.25 237.25 238.75 242 247.5 243.25 245 242.5 234 237.25 225.5 222 226.5 237.5 245.5 226.5 223.5 220 234.5 246.75 245.75 232.25 221.75 216.75 232.5 244.25 242.5 228.5 222.75 227 222.75 222.5 219.75 202.75 208 209.25 223.25 218.25 227.25 236.5 241 240.25 234.25 230.5 226.5 233.75 218.25 209.5 218 213 215.25 221 231 229.75 223.5 216.5 194 204.75 217.75 231.5 234 223.75 208.75 218.75 232.25 229.75 230 225.25 221 230.5 228.75 216.5 222.25 232 231.5 221.25 209 211.75 219.5 226 228.25 238 
245.75 243.25 244 241.5 238.75 232.75 243 238 248.75 240 236.25 234.25 233.75 238 241.25 239 247.25 251 251.25 252 250.75 251.25 232 220 225.25 238.5 238.75 237.5 239.75 244.5 250.75 248.25 240.25 236.75 226.25 234.5 244.5 243.5 237 237 235.25 240.25 242.75 245 239.5 233.5 234.75 235.75 230.25 229.75 237 235.25 233.5 226.25 225.25 234 239 235.5 237 244.5 243.5 247.5 247.5 235.25 231.5 228.25 222.5 220.75 221.5 226.25 199 209.75 216.75 226.75 232.25 213.5 207.25 214.25 220.5 217 214 216 229 236 235.75 213.25 213.75 222 230.25 214.75 209 235.75 237 226.75 234.25 232.25 235.5 236.75 234.25 228.5 220 227.75 227.5 228.25 231.25 
248.75 245.25 245.25 240 232 247.25 253.75 241.5 241.75 248 244.25 237.5 236.75 237.25 243.25 253 254 255 255 254.5 254.5 254.75 253.5 249.5 243 240.75 244.75 241.25 236 238.75 234.25 243.25 246 252.25 244.75 241.75 238.25 228 230.5 237 237.5 245.5 252.25 244.75 239.5 233.5 226.5 219.5 208 215.5 230.25 236.25 228 227.25 230.25 241.5 244 242 247.25 242.75 235.75 230.25 225.75 223.25 217.5 230.5 234.5 235.25 243.25 229.75 226.25 213 216.75 218.5 202.75 222.5 237.75 234.25 217.25 220.25 205.25 211 229.5 244.5 239 238.25 218 218.75 227.5 226.75 240.75 251.25 240 243.75 249.75 226.75 237.25 238.75 231.75 235.25 230 227.75 223.75 215.5 213.75 
232.5 243.25 238 246.75 251.5 240 237.25 241.25 233 229.75 231 242.5 248 249 255 255 253.5 253.75 254.25 255 255 255 255 255 254.75 253.25 255 253.5 251.5 242 233.25 225 227.5 230.25 248.25 254.25 248.5 228 216.5 220.25 227.5 243.75 241 230.75 235 225 212.75 217.75 225 237.25 240.5 236.75 227.25 221.5 236.75 246.75 244.75 249.25 254.75 252.25 238.5 229 229 236 246.75 238 227.75 227.75 238.5 244.5 240 227.5 224.5 236.25 240 231 219.25 200.75 210 204.75 202 216.25 239.75 243.25 232.25 229.25 227.5 234.75 225 233.5 235 223 212 236.5 224.5 220.75 234.25 239.5 234.5 231.75 227 227 206.75 200 216.5 
232.75 240 247.25 238.75 247.5 243.5 235.25 241.25 239.5 228.75 241 247.75 252.75 255 254.75 246.75 246.25 245 249.5 250 253.5 253.5 255 255 255 253.5 250.5 255 255 255 248 242.25 221.25 216 210.75 237 246 249.5 242.75 245.75 242 244.75 232.5 226.75 234.5 244.75 250 252.25 254.75 252.75 250.25 243.5 238.5 240.25 246.5 254 253.25 251.25 243.75 242.5 241 235.5 235.5 243.75 234 234.75 238.75 233.5 215.25 213.75 222.75 236.25 247 243.5 225 196.75 185 188.25 205.5 223.5 230.5 241.5 248.25 245.75 232.75 224.75 227.5 208.75 212.75 228.25 243 231.5 235 240.5 219.5 231 234.75 235.5 224.5 234.75 224.5 224 218 223.25 231.5 
247.5 245.25 238.5 239.25 237.5 242.25 235 245.75 252 255 255 255 255 252 248 247.25 245.75 249 247.75 242.5 249.75 248.5 251 254.25 253 248 232.25 247 244.5 240 247.5 254.25 254.5 245.25 225.25 226.25 229.25 235.5 220.75 228.5 234.25 249 242.25 234.5 241.5 233.5 235.75 234 234.25 247 246.5 248.5 243 244.25 242.5 231.5 236.75 247.5 244.5 231.75 230 236.25 238 232.75 215.5 220.5 223.5 213 206.25 205 223.5 245 252 248.75 232.25 218 211 227.25 234.5 245.25 250.25 244.75 217.25 216.5 244.75 245.25 244 240.5 235 240 243.75 242.5 232.25 222.75 228.75 241 235.25 218.75 214 205.5 210.25 211.5 222.75 231.5 227.5 
