45 45.25 45 45 45 45 45 44.75 45 44.75 44.75 44.75 44.25 44.75 44.5 44.75 44 43.75 43.25 44 43.5 43.5 43 43.25 43 43.5 43 43 43 43 43 43 43 43 43 43 43 43 43 42.75 42.5 42.5 42 42 42 42 42 42 42 42 42 42 42.5 42 42 42 42 42 41.75 42 42 41.5 42 41.5 42 41 41 42 41.5 41.5 41.75 41.5 41.75 41 41.5 42 41 41.25 41 41 41 41 41 41 41 41.25 41.25 41.75 41 41 41 41.25 41.5 41.25 41 41 41 41 41 41 41 41 41 41 41 
45.5 45 45 45 45 45.25 45 45 45 45 44.75 44.25 44.5 44.5 44.5 44.5 44 43.75 43.5 43.25 44 44 43 44.25 43 43.25 43 43 43.25 43.5 43 43 43 43 43 43 43 42.5 43 43 42.75 43 42.75 42.25 42.25 42.25 42.25 42.5 42.5 42.5 42 42.5 42 42 42 42 42 42 42 42 42 42 41.75 41.25 42 42 41.5 42 42 42 42 41 41.5 41 41.5 42 41.25 41 41 41 41.25 41 41 41.25 41.25 41 41.75 41.5 41 41 41 41.25 41 41 41 41 41 41 41.25 41 41 41 41 41 41 
45.25 45.25 45.25 45.25 45.25 45.75 45 45 45 45 44.5 44.25 44.25 44.75 45 45 44.5 43.25 43.25 44 43.75 43.5 43 43.75 43 43.5 43 43.25 43 43 43 43 43 43 43 43 43 42.75 43 42.5 43 43 42.5 42.5 42.75 42.5 42.5 42.25 42.5 42.5 42.25 42.25 42.25 42 41.75 42 41.75 42 42 41.5 42 42 42 41.25 42 42 41.25 41.25 41.75 41.5 41.75 41.25 41.75 41 41.25 41.75 41.25 41.5 41 41.25 41.75 41 41.25 41.5 41.75 41.25 41.75 41 41.5 41.25 41 41 41.5 41 41 41 41.25 41 41 41 41 41 41 41 41 
45.75 45.75 45.75 45.25 45 45 45 45 45 45 45 45 44.75 44.75 44.75 44 43.5 43.75 43.75 43.5 44 44 43 43.5 43 43.75 43 43.25 43 43.5 43 43 43 43 43 43 43 42.75 42.75 42.5 43 42.5 43 42.5 42.5 42.25 42 42 42.75 42.25 42 42 42 42 42 42 42 42 42 42 41.75 42 42 42 42 42 41.5 42 41.5 41.75 41.75 41.75 41.75 41.25 41.75 42 41.25 41 41.75 41 41.25 41 41.25 41.25 41 41 41.5 41.5 41 41 41 41.5 41.25 41 41 41 41 41 41 41 41 41 41 41 41 
46.25 46 46 45.75 45 45.25 45.5 45 45 45 45 45 45 45 44.25 44 44 43.75 44 44 44 44 43.5 44 43.75 43.25 43.25 43.75 43.25 43 43 43 43 43 43 43 43 42.5 43 42.5 42.75 42.25 43 42.25 42.25 42.5 42.75 42.75 42.75 42.5 42 42 42 42 42 42 42 42 42 41.75 42 41.75 41.75 41.5 41.75 42 41 41 41.75 42 41.5 41.25 41.75 41.25 41.75 41.5 41.25 41.25 41.5 41 41.5 41.25 41.25 41 41 41.5 41.5 41.75 41.5 41 41 41 41 41 41 41 41 41 41 41 41 41 41 41 41 
46.75 46 45.5 45.25 45 45 45.25 45 45.25 45 45 45 45 45 45 44.75 44.25 43.5 43.5 44.25 44 44.75 43.5 44 43.75 43.75 43 43.75 44 43.5 43 43 43 43 43 43 43 42.5 43 42.75 42.75 43 42.5 42.75 42.5 42.5 42.75 42 42 42 42 42 42.25 42 41.75 42 42 42 41.75 42 42 42 42 41.5 42 42 41.25 42 42 41.75 41.5 41.25 41.25 41 42 42 41.25 41.25 41 41.5 41 41.25 41.25 41 41 41.25 41 41.5 41 41 41.25 41.5 41 41 41 41 41 41 41 41.25 41.25 41 41 41 41 
48.25 46.75 46 45.5 45.25 45.25 45.25 45 45.25 45.25 45 45 45 45 45 45 44.75 44 43.75 44.25 44.5 44.75 43.75 44 43.25 43.5 43 44 43.25 43 43 43 43 43 43 43 43 43 43 43 42.5 43 42.75 42.25 42.75 42 42.25 42.25 42.75 42 42 42.25 42.5 42 42 42 42 42 42 42 42 42 42 41.75 42 41.25 42 42 42 41.5 42 41.5 41.5 41.5 42 42 41 41 41.75 42 41.75 41.25 41 41 41 41.75 42 41.5 41 41 41.75 41.25 41.25 41 41.25 41.75 41 41 41 41 41 41 41 41 41 
47.25 46.75 46 45.5 45 45 45 45 45 45 45 45 45 45 45 45 45 44.75 44.25 44.25 44 44.25 43.25 43.75 43.75 43.5 43 43.5 43.25 43 43 43 43 43 43 43 43 43 43 43 42.75 43 42.75 42.25 42.75 42.75 42.5 43 42.5 42 42 42 42.25 42 42 42 42 42 42 41.75 42 42 42 41.5 42 42 42 41.5 41.75 41.75 42 42 41.75 41.5 42 42 41 42 41.25 41.75 41.25 41.25 41.75 41.25 41.25 41.25 41 41.75 41.25 41 41 41.75 41 41 41.25 41 41.5 41 41 41 41 41 41 41 41 
46 46.25 46 46 45.25 45 45 45 45 45 45 45 45 45 45 45 45 44 44.75 44.75 44.75 44.75 43.75 44 44 43.75 43 43.25 43.5 43.5 43 43.5 43 43 43 43.5 43 43 43 43 43 42.5 42.5 42.5 42.25 42.5 42.25 42.25 42.25 42.25 42 42.25 42.5 42 42 42 42 42.25 42 42 42 42 41.75 41 42 42 41.75 42 42 41.75 41.75 41.25 41.75 41.5 41.25 42 41.25 41.5 41 41.5 42 41.5 41 41 41 41.5 41.75 41.75 41.25 41 41.25 41.5 41 41 41 41 41 41 41 41 41.25 41 41 41 41 
46.25 46.5 47.5 46.75 45.5 45.25 45 45 45 45 45 45 45 45 45 45 44.75 44.25 44.5 44.25 45 44.75 43.5 44.25 43 43.75 43.25 43.75 44 43.5 43 43 43 43 43 43 43 43 43 43 43 43 43 42.25 42.25 42.5 42.25 42.25 42.5 42 42 42 42.5 42 42 42 42 42 42 42 42 42 42 41.75 42 42 41.75 41.5 41.25 41.75 42 42 41.5 41.75 41.75 42 41.5 41.5 41.5 41.25 41.25 41 41 41.5 41.25 41.75 42 41.75 41.25 41 41.25 41.5 41.25 41 41 41 41 41 41 41.25 41 41 41 41.5 41 
46.75 49 53.75 53.75 48.75 46.5 45.75 45.75 45.75 45 45 45 45 45 45 45 45 44.5 44.75 44.75 44.5 44.75 44 44 43.25 43.5 43 43.75 43.25 43.5 43.25 43 43 43.5 43.5 43 43 43 43 42.75 43 43 43 42.25 42.25 42 42 42 42.5 42.25 42 42 42 42 42.25 42 42 42 42 42 42 42 42 41.75 42 42 41.5 41.75 41.25 41.75 42 42 41.25 41.5 42 42 41.5 41.75 41.75 41.25 41.5 41.25 41.75 41.5 41.25 41 41.5 41.25 41 41 41.25 41.25 41.5 41 41 41 41.25 41 41 41 41 41 41 41.25 41 
51.25 53.5 58.75 61.75 59 51.25 47.5 47.25 46.5 45.5 45 45 45 45 44.75 44.75 44.5 44.75 44.5 44.5 44.75 44.75 44 44.5 43.5 43.75 43 44 43.25 43.75 43.25 43.5 43 43 43 43.25 43 43 43 43 43 43 43 42.25 42.25 42.5 43 42.25 42 42 42 42 42.5 42 42 42 42 42 42 42 42 42 42 41.5 42 42 41.75 42 41 41.75 41.25 41.5 41.5 42 42 41.75 41.25 41.75 42 41.75 41.5 41.5 41 41.25 41 41.5 42 41.5 41.5 41.25 41.5 41.25 41.25 41 41 41 41 41 41 41 41.25 41.25 41 41 41 
55.5 61.25 69.5 67.25 76.5 65.25 51.5 48.5 47 45.25 45.25 45 45 45 45 45 45 44 44.75 44.75 44.75 44.25 44 44.25 43.25 43.5 43.25 43.75 43.5 43.5 43 43 43 43 43 43 43 43 43 43 43 43 43 42.75 42.75 43 42 42 42.5 42 42 42 42.25 42 42 42 42 42 42 41.5 42 42 42 41.5 42 42 42 42 41.5 42 42 42 41.5 41.25 42 42 41 41.5 42 41 41.75 41.25 41.5 42 41 41.75 42 42 41.25 41 41.5 41.25 41 41 41 41.5 41 40.75 41 41.25 41 41.25 41 41 41 
48 54 68 63 76.25 79.25 58 50.5 47.5 47 45.75 45.5 45 45 45 44.75 44.5 44.5 44.25 44.25 44.25 44 44 44.25 43.75 44 43.25 43.75 43.75 43.25 43 43 43 43 43 43 43.5 43 43 43 43 43 43 43 42.25 42.75 43 42 43 42.25 42 42 42 42 42.25 42 42 42 42 42 42 42 42 41.75 42 42 41.5 42 41.25 41.75 42 42 41.75 42 42 41.75 41.5 41 41.75 41.25 41.5 41.5 41.5 41.5 41.25 42 42 41 41.25 41 41.25 41.25 41 41 41 41 41 40.75 41 41 41 41.25 41 41.25 41 
54.5 57.25 57.25 55 54.5 65.5 51.5 48.5 50.75 50.25 51.25 47 45.25 45 45 45 45 44.5 44.5 44.25 44.5 44.25 43.75 44 43.5 44.25 43.5 44 43.75 43 43 43.25 43.25 43.5 43 43 43.25 43 43 43 43 43 43 42.75 42.25 42.5 42.75 42 42.75 42 42 42.5 42.25 42 42.25 42 42.25 42.25 42 42 42 42 42 42 42 41.75 41.5 42 41.5 42 41.75 42 41.25 42 42 42 41.25 42 41.5 41.75 41.75 41 41 42 41.5 42 42 41.75 41.25 41 41.5 41.25 41 41 41 41 41 41 41 41.75 41 41.25 41 41.5 41 
59.5 54.25 52 52.5 53.25 50.75 47.5 50 57.5 51.25 57.75 49.75 45.5 45.5 45 45 45 44.25 44.75 44.5 44.75 44.75 43.75 44 44 43.75 43.25 44.25 43.75 43.5 43 43 43 43.25 43 43 43.25 43 43 43 43 43 43 43 42.5 42.25 42.5 42.25 42.75 42.25 43 42.5 42.5 42.25 42.25 42 42 42 42 42 42 42 42 42 42 41.75 41.75 42 41.25 41.75 42 42 41.5 42 42 41.75 41.5 42 41.75 41.75 41.75 41.25 41.25 41.25 41 41.5 42 41.75 41.75 41 41.75 41.25 41 41 41.25 41 41 41 41 41.25 41 41.25 41 41 41.5 
63 51.25 48.75 47.75 48.25 48.25 46.75 55.25 50.5 46.25 45.5 45.5 45.25 45 45.25 45 45 43.75 44.5 45 45 44.75 44 44 44 44 43.5 44 44 43.5 43.25 43 43.25 43 43.25 43.25 43 43 43 43 43 43 43 43 42.5 43 42.75 43 43 42.75 42.25 43 42.5 42 42 42 42 42 42 42 42 42 42 42 42 41.5 41.5 42 41.5 41.75 42 42 41.75 42 42 42 42 41.5 41.25 41.75 41.75 41.25 41.75 42 41.25 41.75 42 41.5 42 41 41.5 41.25 41.25 41 41.25 41 41 41 41 41.5 41.25 41 41 41 41 
53 47.75 46.5 46.25 46 46.5 48 54.75 48.5 45.5 45.75 45 45 45.25 45.25 45 45 44.5 45 44.75 45 44.5 44 44 44.25 44 44 44 44 43.5 43.25 43 43.75 43.5 43 43 43.5 43 43 43 43 43 43 42.75 43 42.75 43 43 42.75 43 42 43 42.25 42 42 42 42 42 42 42 42 42 42 42 42 42 41.75 42 42 41.5 41.75 41.75 42 42 42 42 41.75 41.5 42 41.25 41.5 41.25 41.75 41.75 41 42 42 41.5 41.5 41 42 41.5 41.5 41 41 41.25 41 41.25 41.25 41.75 41 41 41 41.5 41 
51.25 47.25 46.75 46.25 46.25 47.5 49.5 55.75 47.75 45.75 46 45.5 45.5 45.25 45.25 45 44.75 44.75 45 45 45 44.75 44.5 44.5 44.5 44 43.75 44 43.5 43.5 43.5 43.5 44 43.25 43 43 43 43.25 43.5 43 43 43 43 43 43 42.75 43 43 42.75 42.75 43 43 42.25 42 42.25 42 42 42 42 42 42 42 42 42 42 41.75 42 42 41.25 42 42 42 41.25 42 42 41.5 41 41.25 42 41.25 41.5 41 42 41.75 41.25 42 42 41.5 41.5 41.25 41.75 41.25 41 41 41.25 41 41 41 41 41.25 41 41 41.25 41.75 41 
51.25 47.5 46.5 46.25 46.25 46.75 48.75 55.75 49.25 45.75 45.5 45 45 45 45 45 45 45 44.75 45 45 44.75 44.75 44.75 44.5 44.25 43.75 44 43.75 44 43.25 43.25 43.25 43.25 43 43 43.5 43 43.25 43 43.5 43 43 43 43 42.5 43 43 43 43 43 43 42.25 42.5 42.5 42 42 42 42 42 42 42 42 42.25 42 42 42 42 42 42 42 42 42 41.75 42 41.75 42 41.75 41.75 41.5 41.5 41.75 42 41.75 41.25 42 42 42 41.75 41.5 42 41.5 42 41.25 41.5 41.25 41 41 41.25 41.25 41 41.25 41 41 41.25 
49.5 47.5 47 47.25 47.75 49.25 54.75 60.5 47.5 46.25 45.75 45.25 45 45 45 45 45 45 45 45 45.25 45 44.5 44.75 44 44.25 43.75 44.5 44.25 43.75 43.25 43 43 43.25 43.5 43 43.75 43 43 43.25 43 43 43 43 43 43 43 43 43 43 43 43 42.5 42.25 42.25 42 42.5 42 42 42 42 42 42 42 42 42 42 42 41.25 42 41.75 41.5 41.5 41.75 42 41.75 41.5 41.75 41.75 41.5 41.5 41.75 41.5 42 41.25 42 42 41.5 42 41 41.5 41.75 41 41 41.5 41.25 41.25 41 41 41.5 41.5 42 41 41 41 
52.25 47.25 47.25 52 50.5 51.25 62.25 59.5 47.75 45.75 45.25 45 45.25 45 45 45 45 45 45 45 45 44.75 44.25 44.5 44.75 44 44.5 44.25 44 44 43.5 43 43.5 43.5 43.25 43.5 43.5 43 43 43 43 43 43 43 43 42.75 43 43 43 43 43 43 43 42.75 42.5 42 42 42.25 42.5 42 42 42 41.75 42 42 42 42 42 41.75 42 42 42 41.75 42 42 42 42 42 41.75 41.75 42 41.75 41.25 42 41.5 42 41.75 41 41.5 41 42 41.75 42 41.25 41.75 41 41.25 41 41.5 41.75 41.5 41 41.5 41 41.5 
55.25 49.5 49.75 59.5 51.5 49 54.25 50.25 46.5 46 45.75 45 45 45 45 45 45 44.75 44.75 45 45 44.5 44.75 44.75 44.75 44.25 43.5 44.5 43.5 44 43.25 43.75 43.75 43.75 43.25 43.5 43.5 43.75 43.5 43.25 43.25 43 43 43 43 42.75 43 43 43 43 43 43 43 42.25 42.5 42 42.25 42.25 42.25 42 42 42 42 42 42 42 42 42 41.75 42 42 41.75 42 42 42 42 42 42 42 41.75 41.25 42 41.5 42 41.5 42 42 41.75 41.75 41.25 42 41.75 41.75 41 41.25 41.5 41.25 42 41.25 41.5 41.25 41.75 41.5 41.25 41.5 
57.5 48.75 50.25 56.5 50.75 46.75 46.5 46 46 46 45.75 45.25 45.25 45.25 45.75 45.25 44.75 44.25 44.75 45 45 44.75 44.5 44.5 44 44.25 44.5 44.5 44.25 44 43 44 43.75 43.5 43.75 43.5 43.5 43.75 43.5 43.75 43 43 43.5 43 43 43 43 43 43 43 43 43 43 42.5 43 42 42.25 42.25 42.75 42.75 42 42 42 42 42 42 42 42 41.75 42 42 42 41.75 42 42 41.75 41.75 42 42 42 41.5 42 42 41.25 41.25 42 42 42 41.75 41.75 42 42 41.75 41 41.75 41 41.25 42 41 41.5 42 42 41.5 41.5 41.75 
58.5 50 52.5 56 49.25 46.25 46 46 46 45.75 46 45 45.5 45.5 45 45 45 44.75 45 45 45 44.5 44.75 44.75 44.5 44.25 44.5 44.75 44 44.25 43.25 44.25 43.5 44 44 43.75 43.5 43.75 43.25 43.5 43.5 43 43.5 43 43 42.5 43 43 43 43 43 43 43 42.5 42.75 42.25 42.75 42 42.5 42.75 42 42 42 42 42 42 42 42 41.75 42 42 42 42 42 42 42 41.5 42 42 42 41.5 41.5 42 41.75 41.5 42 42 41.75 41.75 41.25 42 42 41.25 41.5 41.25 41.25 41.5 41.75 42 42 41.5 41.25 41 41.5 41.5 
52 49.75 50.75 55 52 48 46.5 46 46 45.5 45.75 45 45.5 45 45 45 45 45 45 45 45 44.5 44.75 44.75 44.5 44.25 44 45 44.5 44.25 43.5 44 43.5 43.5 43.5 44.25 43.5 43.75 43.25 43.5 43.5 43 43.25 43 43 42.5 43 43 43 43 43 43 42.75 42.75 42.25 42.25 42.75 42.5 42.25 42.5 42 42 42 42 42 42 42 42 42 42 42 42 42 42 42 42 42 42 42 42 41.25 41.75 42 41.75 41.75 42 42 42 41.5 41.75 42 42 41.5 41.25 41.5 41.75 41.25 41.75 41.5 41.75 41.5 41.25 41 41 41.75 
53.5 49 49.25 53.75 50.5 47.25 46.5 46 46 46 46 45.25 45.75 45.25 45.75 45 45 45 45 45 45 44.75 45 44.5 44.5 43.75 44.5 45 45 44 44.25 44.25 44 44 44.5 43.75 43.75 43.75 43.25 43 43 43 43 43 43 43.25 43 43 43 43 43 43 43 43 42.25 42 42.75 42.5 42.75 43 42.5 42 42 42 42 42 42 42 42 42 42 42 41.75 42 42 42 42 42 42 41.75 41.5 41.75 41.5 41.75 41.5 42 42 42 41.5 41.25 41.75 42 41.25 41.25 42 41.5 41 41.5 41.5 41.75 41.25 41.25 41.75 41.25 41.5 
52 48 47.25 47.5 47.5 46.25 46.25 46 46 45.75 46 46 45.75 46 46 45 45 45 45 45 45 44.75 45 45 45 44 44.75 44.5 44.5 44 43.5 43.75 44.25 44 44 44.5 44 44 43.5 43.75 43.75 43.75 43.5 43.25 43 43.25 43.25 43 43 43 43 43 43 42.5 43 42.75 43 43 43 42.75 42.25 42.25 42 42 42 42 42 42 42 42 42 42 41.75 42 42 42 42 42 42 42 42 42 42 42 41.5 42 42 42 41.75 41.75 41.75 41.5 41.75 41.5 41.75 41.5 41.5 41.5 41.25 41.75 41.75 41.25 41.75 42 42 
47.25 49 49.25 48.75 47 46.5 47.25 47 47.75 47.75 48 46.5 46.75 47 46.5 46 45 45.5 46 45.25 45.5 45 45 45 45 45 45 45 44.5 44.25 44 44 43.75 44.25 44 44.75 44 43.5 43.75 43.25 44 43.75 44 43 43 43.25 43 43 43.25 43 43 43.75 43.25 43 43 43 43 42.75 43 43 42 42.25 42 42 42 42 42 42 42 42 42 42 42 42 42 42 42 42 41.75 42 42 42 42 41.75 41.25 42 41.75 41.5 42 41.75 41.75 41.75 41.5 41.25 41.75 41.75 41 41.5 41.5 41.25 41.75 42 41.5 41.75 41.75 
47.5 48.25 50 50 47 47 48.75 49.5 52.5 51.25 51 50.75 48.25 48.5 48.75 47.75 47 47.5 47.25 46 45.5 45 45.5 45 45 45 44.5 44.75 45 44.5 44 44 44.25 44.25 44.25 44 43.5 44 43.75 43.25 44 43.25 43.75 43 43 43 43.5 43.75 43.5 43 43 43.25 43 42.75 43 43 43 42.5 43 43 43 42.5 42 42.25 42 42 42 42 42 42 42 42 42 42 42 42 41.5 42 41.75 42 42 42 42 41.75 41.5 42 42 41.75 41.75 41.75 42 42 42 41.5 41.75 41.75 41 41.5 41 42 41.75 41 41.75 41.25 41.75 
48 49.75 52 48 47 46.75 47.75 49 52.5 52.25 56 53.25 51.25 50.5 52 51.5 51 48.25 46.25 45.5 45.75 45.25 45.5 45 45 45 45 44.5 45 45 44.25 44 44 44.25 44.75 44.25 44 44 43.25 43.5 43.75 44.25 43.75 43 43 43.5 44 44 43.5 43 43.5 43.25 43 43 43 43 43 43 43 43 42.5 42.5 42.25 42 42.25 42 42 42 42 42 42 42 42 42 42 41.75 42 42 42 42 42 41.5 42 41.75 41.5 42 42 42 41.75 42 42 42 41.25 41.25 41.75 41.5 41.5 41.75 41.75 42 41.75 42 41.75 41.75 41.75 
48.25 49.5 49.75 48.5 48.5 49 48 48.5 51.25 52.75 57 55.25 54.5 57.75 65.75 57 53 47.25 45.75 45.5 46 45 45 45 45 44.75 45 45 44.75 44.25 44 44.75 44.5 44 43.75 44 44 43.75 43.75 43.25 44 44 43.75 43 43.5 43.25 43.5 43.75 43 43 43 43 43.5 43 43 42.75 43 43 42.5 43 42.75 42.75 42.25 42 42.25 42 42 42 42 42 42 42 42 42 42 42 42 42 41.75 42 42 42 41.5 41.75 41.5 42 42 42 41.25 41.5 42 42 41.25 42 42 41.75 41.5 42 41.5 42 41.75 41.5 42 41.75 41.75 
48 49.5 48.75 48.75 48.75 48.75 47.75 48 50.75 55.25 59.75 58.75 57 65.75 69.5 55.75 50.5 46.75 45.5 46 46 45 45 45 45 44.75 44.75 45 45 45 44 44.5 44.25 44.75 44.75 44 44.25 44.25 44 43.5 43.5 43.75 43.5 43.75 43.25 43.25 44 43.25 43.25 43 43.25 43 43 43 43 43 43 43 43 43 43 43 42.5 43 42 42 42 42.25 42 42 42 42 42 42 42 42 42 42 41.25 42 42 42 42 42 42 42 42 42 42 42 41.5 42 41.75 42 41.5 41.5 41.5 41 42 42 42 42 42 41.5 41.5 
50 49 50.25 49.5 48 47.75 48.25 48 49.25 57.5 64.5 60.5 64.25 65.5 59 49.5 47.5 46 45.25 46 45.75 45 45.25 45 45 44.5 45 45 45 45 44 45 44.75 44.25 45 44.25 44.25 44 43.5 44 43.75 43.25 43.25 43.5 43.75 43.75 43.5 44 43.5 43 43 43.5 43 43 43 43 43 43 43 43 42.75 43 42.25 42.75 42.5 42 42.5 42.25 42 42 42 42.25 42 42 42.5 42 42 42 42 42 41.5 42 42 41.5 41.75 42 42 41.75 41.75 42 42 42 41.75 42 42 42 41.25 42 42 42 42 41.75 41.5 42 42 
50 48.5 50 49.5 49.5 49.5 51.75 51 48.5 58.5 64.5 67.5 66.25 61.5 51.5 48.5 47 46 46.25 47 46.25 45.75 45.75 45.25 45.5 45.25 45 45 45 45 44.75 44.5 45 44.25 44.75 44.25 44 44.75 44 43.5 43.5 43.5 43.75 43.5 43.75 43 44 44 44 43 43.5 43.5 43 43 43 43 43 43 43 43 43 42.5 42 42 43 42.25 42.5 42.25 42 42 42 42.25 42 42 42 42 42 42 42 42 42 42 42 41.75 42 42 42 42 41.5 41.75 42 42 41.25 41.5 42 42 41.25 42 42 41.75 41.75 42 42 42 42 
49.25 48 49 51.75 53 49.75 49.25 50.5 53 55.5 63.75 71.5 66 60.25 54 49.75 47.75 46.75 48.25 49 47.75 46.75 46 45.75 47.25 45.75 45.25 45 45.5 45.25 45 45 45 44 45 44.75 44 44.25 44 43.75 44.25 44.5 44 43.25 43.75 43.5 43.5 43.5 43.25 43 43.75 43.25 43.25 43 43 43 43 43 43 43 43 42.75 42.5 43 43 43 43 42.5 42.25 42.5 42.25 42.25 42 42.5 42.5 42 42 42 42 42 42 42 42 41.75 41.75 42 42 42 42 42 41.75 42 42 41.25 41.75 42 41.75 42 42 42 42 42 41.75 41.25 41.75 
48.25 48.5 49.75 51.5 50.5 48 48.25 51.75 53 54.75 61.75 69.75 73.5 74.75 55.75 54.5 50.5 50.25 51.25 68 62 51.5 50.5 48.5 46.75 45.25 45.5 46.25 48.25 48.75 45.75 45 45 45 45 45 44.5 44.5 44 43.75 44 44 44 44 43.75 44 43.25 43.75 43.25 43.25 43 43.75 43.5 43 43 43 43 43 43 43 43 43 43 43 43 42.5 42.5 42.75 42.25 42.75 42.5 42 42 42.5 42.75 42.25 42 42 42 42 42 42 42 41.5 41.75 42 42 42 41.5 41.75 42 42 42 42 42 41.5 41.5 42 42 42 42 42 41.75 42 42 
49 48 48 49 48 47.5 50 52.25 54.75 58 60.25 66 75.75 78.25 59.5 58.25 54.5 52.75 56.5 86 77.75 55.75 49.5 46.75 46.75 45.75 47.75 49 50.75 52.75 47.5 45.5 45 45 45 45 44.5 45 44.25 44.5 44 44.5 44 43.75 43.75 43.25 43.75 43.75 43.5 43 43.25 44 43 43 43 43 43 43 43 43 43 43 42.75 43 43 42.5 42.75 42.5 42.75 42.5 42.25 42.75 42 42.75 42 42 42 42 42 41.5 42 42 42 42 41.5 42 42 41.5 41.25 42 42 42 42 42 42 41.75 41.5 42 42 41.5 42 41.75 41.75 42 42 
47.5 48 48 47.75 47.5 48.75 49.5 55.5 56.75 56.25 55 62 64.5 60.25 61.25 57.5 52.5 50.5 59.5 88.25 95.75 63 55.75 47.25 47.5 48.25 49.75 47.75 46.75 47.25 47.25 46.25 45 45 45 45 44.5 45 44.5 44.75 44.25 44.5 44.25 44.25 44 44 44.25 44 43.75 43.5 43.5 44.5 43 43.5 43 43 43 43.25 43 43 43 43 42.5 43 43 43 43 42.75 42.5 42.75 42 42.5 42 42.5 42.5 42.5 42 42 42 42 42 42 42 42 42 41.5 42 41.75 42 41.75 42 42 41.75 42 41.5 41.5 41.75 42 42 42 42 41.75 41.25 41.5 42 
47.25 47 48 47.25 50.5 50 49 51.5 52.75 50.5 50.25 56 57 54.75 61 56 53 53 57.5 93 110.25 84 59.25 50.75 47.25 46.5 46 45.75 46.25 46.75 47.25 46.25 45 45 45 45 45 44.75 44.75 44.5 44.25 44.5 44.5 44.75 43.75 44.25 44.5 44.75 44.5 44.5 44 44 44 43 43 43.25 43.25 43 43.25 43 43 43 43 43 43 43 43 42.75 42.75 42.5 42.5 42.5 42.25 42.25 42.5 42 42 42 42 42 42 42.25 42 42 42 42 42 41.75 42 42 42 42 41.25 41.75 42 42 41.5 42 42 42 42 41.5 42 41.75 41.75 
48 48 48 48 50 50 48.75 48.25 48.25 48.25 47.75 52.75 55 50.25 51.25 52.25 52.5 54.5 58.25 76.75 92.75 59.75 51.5 52.75 48 46 46 45.5 46 46 47.25 47.25 46 45 45 45 45 45 45 44.75 45 44.75 44.5 44.75 44.75 44.25 46 46.75 47 46.75 48.25 48.25 44.25 43.75 43 43.25 43.25 43.25 43.25 43 43 43 43 43 43 42.75 43 42.75 43 42.75 42.5 42.5 42 42.5 43 42 42 42 42 42 42 42.25 42 42 42 42 42 41.75 41.25 42 42 42 41.75 42 41.5 41.75 41.25 42 42 42 42 41.75 42 41.5 42 
48.75 48.25 49 48.25 49.5 49 48.75 48.25 48 47.75 47.25 49.5 51.25 51.25 49.5 47.25 47.5 49.5 47 50.25 45.5 47.25 46.75 48.25 47.25 46 46 46.25 46.5 47 47.5 52.5 55.5 48.75 50.75 47 45.25 45.5 45 45 45 45 45.75 46.25 49.75 47.5 53 52.5 49.5 49 54.25 57.5 54.25 45.5 43.75 43 43.5 43.75 43.25 43 43 43 43 43 43 43 43 42.25 42.5 42.75 42.25 42.5 42.25 42.5 42.25 42 42 42 42 42 42 42 42 41.75 42 42 42 42 41.5 42 42 42 42 42 42 42 41.5 42 42 42 42 41.75 42 41.75 42 
49.5 50.75 51.5 52.5 50.5 49 48.75 48 48.25 48.25 47.75 48 48 48 47.75 47 48 52.5 47.5 47 46.75 46 46.75 47 47.25 47.5 50 48.75 50.25 48 48 52 58.75 58.25 65 61.75 51.25 46.25 46 45.25 45 46.5 53.25 64.25 61.25 50.75 53.25 52.25 56.5 50.5 52 49.75 65.25 47.75 44.5 43.75 43.75 43.25 43.25 43.5 43 43 43 43 43 43 43 43 43 43 42.75 42.25 42.75 43 42.75 42 42 42 42.25 42.25 42 42 42 41.75 42 42 42 42 42 42 42 42 42 42 42 42 41.5 42 42 41.5 42 42 42 42 42 
50.75 56.5 101 70 56.5 51.5 50.25 49.5 49.75 49 48.5 48 48 47.75 47.5 47 48 49.75 47 47 47 46.25 47.5 50 53.75 62.25 61.5 51.75 48.75 47.75 48.25 47.5 47.75 47.75 50 53 55.75 53.25 48.25 47.5 48.5 48 49.75 53.5 57 58 61 74.25 69.25 52.75 47.5 47 51.75 44.75 44 44 43.75 43.75 43.5 43.25 43 43 43 43.5 43 43 43 43 43 43 43 42.75 42.75 42.75 43 42 42 42.75 42 42 42 42 42 42 42 42.25 42 42 42 42 42 42 42 42 42 42 42 42 42 42 42 42 42 41.75 42 
52.5 63.25 169.25 152 83.5 59 52.5 51 50.25 49.75 49 48 48 48 47.5 48.25 49.75 47.75 47 47 47.25 49.25 58.25 69.75 73.25 66 60.25 48.5 47.75 47.5 47 46 46.25 46.25 47.25 47 48 54 58.5 59.75 60.5 58.75 56.75 54 53.25 54 61 68.75 66.5 52.75 47.5 45.25 44.5 44.5 44 44 44 44 43.5 43.5 43 43 43 43.5 43 43 43 43 43 43 43 43 43 43 43 42.25 42.75 42.5 42 42.5 42 42 42.25 41.5 42 42.5 42.25 42.25 42 42 42 42 42 42 42 42 42 42 42 42 42 42 42 41.75 42 
58.25 120.25 202.5 223.25 170 83.5 77.5 64.5 53.75 51.25 49.75 49.25 49 48.75 48.25 47.75 50 49.75 48.75 48.5 48.75 56.75 66.5 75 73.5 60 51.5 48.5 49 49.25 48.5 49 51.25 54 51.25 48.5 47.25 47.5 54.25 58.25 61.25 58.75 63.5 66.25 63.5 53.75 59.75 62.25 62.25 56 49 44.75 44.75 43.75 43.75 43.5 43.25 43.75 44 43.5 43 43 43 43 43 43 43.25 43 43 43 43 42.25 42.75 43 43 42.25 42.75 42 42 42 42.25 42 42 42 42.5 42.25 42 42 42 42 42 42 42 42 42 42 42 42 42 42 42 42 42 41.75 42 
115.5 207.5 231.5 238 226 214.5 198 168.25 85 55 52.75 50.25 50.5 49.75 48.25 48.25 48 48.5 49 50.75 53.5 60.5 62.75 64.75 70.75 72.5 71.25 64.75 59.5 55.75 55.5 59 65.75 69.5 59.75 57.5 51.25 49 51.75 57.25 54.5 49.75 51.75 56.75 60 55.75 60.25 61.75 61 53.5 49.5 45.25 44.75 44 44.25 43.5 44.25 43.75 43.75 43.25 43 43.25 43.25 43.5 43 43 43.25 43 43 43 43 42.75 43 43 42.75 42.25 43 42.75 42.5 42.5 42.25 42.5 42 42 42.25 42 42 42 42 42 42 42 42 42 42 42 42 42 42 42 42 42 42 42 42 
205.75 224.75 225.5 240.5 245.5 246.5 248.5 235.75 141 81.25 55.5 53.75 51.5 50.75 50 49.25 48.75 48.75 48.75 49.25 49.25 49.5 51.5 53.75 52.5 58.25 62.25 72.5 68.5 61 52.75 61.5 64.75 66.5 73.5 69.25 61 56.5 66.25 79.5 66 60.75 62.5 64.75 61.5 57 56.25 57.75 58 53 46.5 45 44.5 44.75 44 44.25 44.75 44 43.5 44 43 43.5 43 43.5 43.75 43.25 43 43 43 43 43 43 43 43 43 42.75 43 43 43 42.5 42 42.25 42.75 42 42.5 42 42 42 42 42.5 42 42 42 42 42 42 42 42 42 42 42 42 42 42 42 
238.5 241 246 247.25 248.5 248 240.25 235.5 232.5 178 152.75 76.75 67.25 54 52.5 52 51 51.25 51 50.75 51.75 57.25 60.25 53 50.5 53.25 53 57.75 61.25 64.75 63.25 58 61.5 55.75 61.25 64.25 73.25 71.75 79.25 80.75 68 62.25 60.25 55.5 52.25 50 48.5 48 47.75 46.75 45.25 45 45 44.75 44 44.5 44.25 44 44 44 43.5 43.25 43.25 43.75 43.75 43 43 43 43 43 43.25 43 43 43.25 43 42.75 43 43 42.5 42.25 42.5 42.25 43 42.5 43 43 42.5 42.75 42 42.25 42.5 42 42 42 42 42 42 42 42 42 42 42 42 42 42 
222.75 234.25 240.5 247 252 252 250.75 249 248.5 244.75 235 208.75 153 119.75 90.25 73.5 77.25 71 67.25 63 75.75 122.75 164.5 141 136.5 109 81.5 59.75 61 64.75 69.25 71.75 65.25 60.75 57 58 61 58.25 53.25 48.5 47.25 46.75 46.25 47 46.5 46.5 46 46 46 45 45.25 45 45 45 44.5 44.5 44.75 44.25 44.25 43.75 43.5 43.75 44 44.25 43.25 43.25 43.75 43 43.25 43 43 43 43 43 43 42.75 43 43 43 42.5 43 42.5 43 42.25 43 43 42.5 42.25 42 42.5 42.5 42.75 42 42 42.5 42 42 42.25 42 42.5 42.75 42.25 42 42 42.75 
224.25 239.5 245.5 252 254.25 255 254.25 255 248.75 248 246.5 242 240.5 225.75 204.75 177.5 194.5 202.75 168.25 157.75 152.25 212 227.5 223.5 217 210.5 179.75 150.5 106.25 77 66.5 79.25 78.75 66.25 60.75 57 54.25 50.5 50.25 48.75 46.75 46.75 46 46 46 46 46 46 45.5 45.25 45.75 45 44.5 45 44.25 44.5 44.75 44 45 44.75 44 43.75 43.75 44.25 44.25 43.5 43.75 43.25 43 43 43.5 43 43.25 43.25 43.25 43 43 43 43 42.25 43 43 43 42.25 43 43 42.75 43 42.5 43 42.25 42.75 42.25 42.25 42.25 42.25 42.75 42.5 42.75 42.25 42.25 43 42.5 43 43 
245.25 252 255 255 255 254.75 247.25 244 245.75 248.75 249.5 248.5 247 245.75 241.25 242.5 242.25 234.25 237.25 230 228.25 226.5 234 233.5 231.25 226.75 214.5 210.5 210.5 119.5 68 57 59.5 60.75 64.25 64.25 61.5 59.75 55.5 48.75 47.25 47 47 46.5 46 46 46 46 45.25 45.75 45.5 45.25 45 45 44.5 45 44.5 45 45 44.5 44 44 44.75 45 44.5 44.75 44 43.75 43.75 43.25 43.75 43.25 43.75 43 43.25 43 43 43 43 42.75 43 43 43 42.5 43 43 42.25 43 42.25 43 42.75 42.25 42.25 43 43 42.25 42.25 43 43 43 42.5 43 43 43 43.25 
255 254.75 253.25 249 247.75 236.5 236 241.75 248 251.5 251.5 249 249.5 247.75 242.25 240.5 236.75 238.5 239 237.75 229.75 227.5 233.5 239 237.75 229.5 222 217.5 205.75 176 81.5 64.25 53 52 51.75 57 57 58 55.25 56.25 49.25 48.75 47.5 46.5 46.5 46.75 46.75 46 45.5 45.5 46 45.25 45.25 45 45 45 45.25 45 45 44.75 44.5 44.75 44.25 45 45 44.25 45 44 43.75 43 43.5 43.25 43.5 43.25 43.5 43 43 43 43 43 43 42.25 43 42.25 43 43 43 42.5 42.5 42.5 43 42.5 42.25 43 43 42.25 42.75 42.5 43 43 43 43 43.25 46 45.25 
248 250.75 244.25 225.75 222.75 235.5 240.25 242.5 248.5 247.75 249.5 249.25 250.5 248 243 241.75 236.5 241.25 238.75 239.5 238.5 237 237.75 238.75 237.5 234.75 229 232.75 227.25 214.25 203 114 83.5 62.5 52.5 51.25 50 50 48.5 52.25 55.5 51.5 51 56.75 51.25 50.25 48 48 47 46 46.75 46 45.5 45.25 45.25 47 46.25 45.25 45 45 45.5 47.25 46.5 45 44.75 45 45 44.5 44 44.25 43.75 43.25 43.75 43.25 43 43 43 43 43.25 43 43 42.5 43 43 43 43 42.5 42.5 42.5 43 42.75 43 42.75 43 43 43 43 43 43 43 43.25 43.5 47 53.25 52 
235.5 237 242.75 247.75 252.75 253 255 253.75 251.25 249.75 251 249 249 249.5 247 253 253.25 248.5 246.25 247 242.75 243 239.75 238.25 242.25 239.25 240 240.25 238.5 237 237 227.5 201.75 151.25 106 74 57.5 54 51.75 50.75 53 58.25 63.75 68.5 60.25 63 59 61.5 59.75 56.5 53.75 52.25 51.25 49 48 49.25 47.75 46.5 45.75 45.75 48.25 58.75 72.5 66 53 48.75 46 45.25 45 44.75 44.5 43.25 43.5 43.75 43.75 43 43 43 43 43 43 43 42.75 42.5 43 43 43 42.75 43 43 42.75 43 43 43 43 43 43 43.25 43.5 44.5 45 53.75 79.25 92.25 108 
250 253 254.5 252 247 255 254.5 251.5 249.75 249.25 249.25 248.25 253.25 249.25 249.5 254.75 255 255 252.75 246 242 237.75 240.5 244.5 238.5 239 246 247.5 240 240.75 240.25 240.25 238.25 232.75 233.75 181.25 161.5 114.25 100.75 106.5 67.75 61.5 52 51.5 51 58.75 68 63.25 62.5 56.25 54.75 50 48 46.5 48 56.75 53.5 48.5 46.75 47 51 75 81.75 69.5 70.25 79.5 68 52.25 49.75 47.75 46.25 44.75 44 44.25 43.75 43.5 43.25 44 43.25 43.25 43 43 43 43 43 43 43 43 43 43 43 43 43 44 44 48 45.75 44.75 48 52.75 76.5 98.75 118.75 141.5 155.75 
228.5 249 253 249.5 247 246.25 238 239.25 246.5 246.25 245 247.5 243.75 243.5 243.25 235.75 249.25 247.5 253.5 246.25 242.5 235.5 239.25 246.25 242.5 250.75 251.75 240.75 237.5 243.25 245.5 246.5 244.5 241 237.25 238.75 236.5 226.75 230 203.75 201.75 138.25 102.5 86.5 56.25 54.25 51.75 50.5 48.25 48 47.5 47.5 46.75 47 53.25 88.5 88.5 73.75 58 49.25 52.75 68.5 71.25 70.5 89.75 125.5 130.25 87.25 60.25 50.75 49 46.25 45.5 45 43.5 43.75 44 44.25 43.25 43.5 43.5 43.25 43 43 43 43.25 43.25 43 43 43 43 43.25 43.75 45 47 58 52.75 50.5 64.5 112.5 111.75 116.25 119.75 133.75 144.75 
249.75 254 235.5 235.75 253.5 235.25 227 243 247 243.75 243.5 247.25 249.5 245 242.5 227.5 228 242 254.5 246.75 244.25 245.75 245.25 246 252.5 252.5 247.75 238 243.5 248 251.5 253.75 245.25 241.5 239.75 239.25 236.25 235.75 233.75 231.75 231 224.75 216 168.75 131.75 62.5 54.75 50.75 48.75 48.25 47.75 47.25 47 47.75 55.25 102.25 114.5 99.25 78.5 58.25 54.25 64 62.5 75 129.5 154.25 146.5 132.75 100 72 51.75 47.5 45.75 45 45 44 44.25 43.5 44 44 43.5 43.25 43 44 44.5 43.25 43.25 43 43 44 43.75 45 44.75 45.5 48 66.5 64.25 63.5 91.25 121.75 100.75 99.75 107.75 126.25 122.75 
235 252.75 254 255 254 246.5 252 250.25 248.5 243.75 241.25 238.75 238.5 231 243.75 236.5 232 239.75 239 245.5 251.25 247.25 243.5 248.75 253 244.5 240.25 238.75 246.25 252 248.75 244.75 241 246.5 241 232.25 227.25 231.25 233.25 235.25 231 231.25 227.75 226.5 203 128.75 65.5 54.5 50.75 48.75 48.75 48 47.25 48.25 56 96.25 116 97 66.75 58 54.75 57.25 57.5 82.5 140 151.75 151.25 148.25 136.75 85 55.25 49.25 47 45.75 45 45 45 44 44.5 44.5 43.5 44 44 45 46.5 45.25 44.25 43.75 45.75 45.5 46.75 46.75 48.25 49.5 50.5 60 61.75 70.5 86.5 105.75 114.25 119.5 134 139.25 138.5 
253 252.5 245.75 248.25 238.25 239.25 250.25 249.5 248.75 246.25 242 233.25 227.5 239 247 255 254.5 249.75 239.5 254.25 254.5 251.25 247 241.25 235.25 236 238 245.75 252 254.5 244.25 238.5 244.25 249 240.75 232.25 217.75 223.75 234 237.75 231.75 231.75 235 230.5 229.25 206 118 67 54 50.75 50 48.5 48 48 53.5 103.25 122.25 90.75 66.25 61.5 62.25 59.75 70.25 95.5 138.25 130.75 132.5 143.75 139.25 110.5 78.25 66.5 52.25 47.75 46.5 45.75 45.25 45.5 45 44.75 43.75 44.5 44.25 44 45.5 46.5 45.25 45.75 46.5 48 49.75 55.5 66 67.25 75 62.5 75.5 94.75 104 128.75 141.75 161 167.5 169 171.5 
245.5 239.5 238 229.25 232 239.25 246.25 247.5 247.5 244.5 243 240.5 248.5 249 252.5 254 238.5 235 245.75 238.75 236.75 247 253.5 248 255 245.25 247 249 246.5 245 239.5 243 242.5 237.5 242 241.5 236.75 230.75 230 231.25 230 231 236.75 235 233.5 233 214.75 148.5 88.5 63.25 53 50.25 49 49 52.25 72 93.5 97.25 87.25 84 86 112.75 114 143.25 119.25 89 74.5 92.5 107.5 105.5 109.75 110.5 100.5 68 58.5 58.75 60.5 61 49.5 46.25 44.5 44.75 44 43.5 44.5 45.75 46.75 47.5 49.75 53.25 62.75 93.25 100.25 109 105 108.5 129.25 131.75 142.25 146 149 171.5 181 184.75 183 
234.75 231.25 230.5 253 253 251.25 255 254.25 252.5 243 239 237.25 239.5 246 242 237.5 244.5 250.25 243.5 236.75 241 250 242.5 239 254.5 247 247 240.5 244 247 252.25 253.75 243 246.25 245.5 248 245 243.25 242.5 237.75 242.25 249.5 239.75 241 235.25 231.5 233.5 231 221.5 130 111.25 58.25 53 51.5 50.25 52.5 57.25 77.75 97 105.5 130 150.75 158.75 144.25 114.75 116 103 101.25 96 79 76.5 67 68.5 66.25 66.25 73.25 90 106.5 92.5 62 50.25 45.5 44.5 44 44.5 44.5 44.25 45.5 47.5 56.25 80.75 97.75 105.5 110 109 122.5 128.75 135.75 130.5 127.25 150.25 169.5 180.25 177 171 
248.25 244.5 255 253.5 235 231.25 250 253 254 251.25 239 241.25 235.75 232.75 234.25 246.5 246.25 239.5 249.75 251.25 253.5 255 239.25 234.25 224.5 242.5 243.25 234.25 234 225.75 241.5 240.75 248.75 255 254.25 247.5 246.75 246.5 245.25 243 237 234.25 239.25 242 238.75 236.25 235.25 240.25 237.5 240 202 153 104.25 61.75 56.5 51.75 52.5 56.5 91.25 132.5 139 149.5 148.5 146.5 158.75 165.25 154.5 150 133.75 134.25 107.25 89.25 70.75 54.5 61.75 57.5 82.75 92.25 116.75 105.75 67.75 50 46 44.75 45 45 44.75 46 46.5 52 62.75 68.75 90 117.5 129.75 128 129.25 128 126 134.5 158.25 171.25 166.75 162.5 163.5 
250.5 253 253 236.75 239.25 253.5 250 238 241 243.5 240 241.75 243.25 250.75 242 246.5 248.5 245.5 233.25 242.25 251 250 249.25 231.75 227.75 237.75 247.75 243.25 244.25 240 240.75 248.5 253.25 250.25 249.5 244.25 248 247.75 245.5 242.5 231.25 221.25 233.25 233 241.5 246.5 243.5 242.25 243 242.5 240.5 239.75 193.25 182 90.25 71.25 55.75 56 66.25 104.75 115 125.5 136 147.75 157 152.5 149 151 152.75 156.25 149.5 149.5 118.25 114.25 100 104.5 106.75 96 96.5 90 64.5 55.75 50 47.5 45.25 46.25 46.5 47.5 46.75 50 51.25 63.25 92 117 141.5 137.5 126.5 117.5 110 126 142.25 145 157.5 151.75 143.5 
245 242.75 231.75 236.75 253 248.25 235.25 234 230.5 217 234.75 240 238.5 238.25 254 255 254 245 238.25 245.75 253 255 251.75 245.75 243 247.5 254.25 252 251.25 254.5 241.75 235.25 244.25 239.25 234.75 235 248.75 243.75 238.25 240.25 240.75 235.75 238.75 243.75 244.75 248 246.25 244 244.5 244.25 244 242.5 241 231.5 206.5 161.25 100 73.25 62.5 75.5 96.5 109.75 114 128.5 132.75 142.25 147 152.5 146 128.5 130.25 143 133.75 121 116.75 93.5 89.75 91.75 89.5 71.5 53.25 49.5 50.25 50.25 50.25 49.25 47.75 46.25 46.25 46.25 48.5 54.75 71.5 107.75 110.25 110 104 91.75 97.75 129.75 124.5 131.5 152 124.75 116 
242.5 232.25 224.75 231.75 225 232.25 235 224.75 222.5 222.5 234.25 247 248.5 245.75 251.5 255 255 253.75 254.75 254 242.25 241.5 250 253.25 255 255 252.5 250 247.75 243 242.5 237 237.25 235.5 240.75 240.5 254.25 248.75 240.5 242.25 240.5 232.75 229.5 248.25 250 244 240 244.25 245 245.5 245.75 244.5 242.25 237 232 223.5 204 166 103.25 87 82 98.5 107.5 122.5 134.75 140.75 143.25 146 147 150.5 151 153.25 140.25 123 115.75 103.25 82 76.75 75.5 57 49.75 47.5 47.25 46.75 48.75 48.5 46.25 45.25 46 46.25 48.5 53 59.25 104.5 97.25 78 83 113 134.25 142.75 144.75 157.25 152.5 127 139.75 
240 241.25 236 239.25 234.25 224 227.5 234 243.5 241.5 245 252.5 253.25 244.5 230 232.25 245 242.5 246.5 255 251 241 237.25 237.75 240 248.5 248.5 245.5 243.5 234.75 236.75 243 240.25 233.75 239 248.25 251 247 242.75 239.5 236.75 233 222.5 226.25 225 220.5 228.75 242.75 246 246.75 246.75 244 238 228 231.5 234 235 223.5 222.75 183.25 151.75 122.25 101 103 120.25 118.5 123 129.25 129.25 145 143.25 150.5 142 133.75 128.25 122.75 114.5 95.5 98 73.75 58.5 50.25 47.75 47 46.25 46 46 46 46.5 47 52 52.75 68.5 102.25 128.5 112.75 121.5 131.25 129 138.25 138 146.25 134.5 138.5 168.5 
227.5 224.5 236.5 230.25 238.25 235.25 244 245.5 245.25 247.75 247.75 244.5 241 247.5 245.25 231.5 225 229.5 231 237 241.25 246.25 254 245.75 240 246.25 245 243.5 239 234 239.25 244.5 238.5 236 225.75 236 236.25 241.5 243 239.5 235.75 234.25 231.75 222 223.25 228 240.5 245.5 246.75 247.5 246 239.25 225.25 221.5 222 231.75 239.25 238.25 236.5 234 233.75 210.5 219.25 167.75 162.75 124 95.25 77 79.75 76.5 81.25 87.25 95.5 124.25 122.25 123 132.5 141 137 139 108.25 73 57.25 48.75 48.5 46.25 46 47.75 50 50.5 48.5 51.25 67 104.5 136 137.5 119.25 110.25 105 92.75 131.25 145 148.5 164.25 166.25 
247 244.75 241.25 246.25 248.75 249.25 244.75 243.75 250.75 253.25 255 254 249.5 250 251.5 251.75 255 252.5 249.5 245.25 251.75 251.5 251.5 253.25 251.25 248 247.5 248 246.25 242.75 243.5 239.5 238 234.75 234 228 219.25 227.75 240 243.5 240 237.5 241 245.5 245.25 247 248 246.75 247 246.75 246.75 235 225.25 225 224.75 226.25 233.25 241.25 242.75 241.5 240.75 238 237 238.75 236.75 230.75 222.25 193.75 193.5 146.75 129 118.25 116.25 139.5 116.5 120.75 107.25 129.5 135.75 147 146 125.75 72.75 63.25 52.5 54.75 69 71.5 87.25 54.25 51.5 73.75 108.5 138 126 116.5 103.75 85.5 78.25 100.25 126.25 144.75 159.25 155 151.75 
246.5 247.75 251.25 253.75 255 249.25 247.5 254.5 255 255 255 253.25 255 251.75 246.25 255 254.25 254.25 252.75 247.25 225.25 224 221 233.75 246.5 255 254.25 253 249 248.25 247.5 244.75 241 240.25 240.5 237.5 233.25 231.75 229.75 236.5 239.75 241.25 248.5 248.75 250 250.25 249 246.25 245.75 245.25 243 235 226 229.25 232 233.5 235 236.75 238.5 239 240 241 239.25 238.5 239 240.5 240.5 235 239.5 234.25 233.5 226.75 228.25 218.75 220.25 207 156 122 124 138.75 142 130.75 73.75 71 65.25 95.25 120.75 127.5 90 59 74.25 108 140 140.25 134.75 135 117.25 92 89.5 111.5 128.25 149.5 140.5 142.25 136.5 
252.75 253.25 249.75 242.75 237.25 240.25 248.75 251.25 254.25 255 255 254 254 252.75 250.25 254.5 255 244.75 240.75 248.75 247 236.75 240.25 239.25 250.5 251 246 245.5 253 250.25 242 243.5 243.5 243.5 243 243 242 238.5 224.5 229.75 242.25 246.75 245.75 248 250 249.5 248.75 247 245.25 245.25 244.5 231.5 229.5 233.25 235 232.5 232 234.25 237.25 246.5 245.5 238.5 239 239.25 240.75 241.75 240.5 237.75 240.25 236.75 236 234 231 228.75 237.5 237.5 231.25 207.5 142.5 145.25 146 127.25 89.75 74.25 76.5 105.75 120.25 86.5 70.25 88.5 109.5 137.5 149.5 145.5 132.75 133.5 113 106 107.75 111.5 115.75 116.75 112 115.75 103.25 
255 255 249 235 226.75 237.5 237.25 230.5 224.75 247.75 248.5 253.5 254 255 250.75 246.5 244.75 235.75 245.75 250.75 248 249.75 242.75 243.5 246.5 245.25 242.75 239.75 252 253.5 245.5 243.25 245 246 244.25 244 243.25 241.5 238.5 232.75 237 243.75 247 248.25 247.5 249.25 248.75 245.5 244 244.75 243.75 234.25 226.25 227.25 233.5 238.75 238.75 240.5 242.5 242 238 238.5 238.75 239.75 242.25 244 243 241.75 239.75 234 232.25 232.25 217.5 212.25 232.75 236.75 233.5 226.25 208.75 154.75 153 136 116.25 121.5 114 138 104.5 110.5 148 148 141.25 144 162 140.25 119.5 114.75 119 108.25 103.75 102.75 109.75 109.75 105 105.5 91 
255 255 255 253.5 253 244.5 243.25 233.5 224.5 231.5 234 244 229 242.25 248 238.5 237.75 253.25 230.5 235.75 249.25 252.5 255 254 251 252.75 252.5 244.75 228.25 227.5 235 238 241.25 243.25 244.5 244.25 244.25 242.75 241 239.75 244 247 250.25 244.25 243 247.5 247.5 245.25 244 244.5 244 237.5 231.25 230.25 239.5 242.5 241 239.75 233.25 232.25 236.75 238.25 239.5 242.25 245.5 246 244.25 243.5 235.5 228.25 229 231.75 221.5 216.25 227.5 233 233 236 228.75 190 151 130.75 122 141.75 142.75 125.5 124 167.25 174 146.5 146.25 161.25 165 147.25 119.5 107.75 108 91.25 92.25 82 105.5 115 102.5 108 96.75 
233.75 244 249.5 249.75 248.5 251 245.75 246 252.25 246.75 243.75 239.75 238.25 246.25 236.75 238.5 242.5 249 250.75 247.5 251.25 247.25 253.25 251 251 254 255 249.5 242.5 243 241 248.5 247.75 248 246.75 246 244.75 243 242.25 244.5 248 251 251.75 247.5 238 243 245 245.25 245 244.25 243.5 235.5 224.5 226.5 234.25 236 236 238 237.5 240 242 239.5 240.75 243.5 246.5 246.75 245 243.25 238.75 231 228 231.75 221 218 225 232.25 235.25 235 234 225.5 180.75 124.5 132.25 149.25 140.75 140.5 169.25 165 149.75 147 163.5 173 155.25 135.5 120 105.5 96.75 86.25 79.5 88.75 106.75 101.75 94 109.5 94.5 
242.5 241.5 229.75 229.25 221.25 233.75 241.25 242 244.25 250.25 248 233.75 239 241 244.5 248.75 242 245.25 252 251 244.25 248.75 247.25 240.5 231.75 229.25 231 244.25 247.25 249.5 255 254.25 254.5 254.25 252.75 251.25 247.5 245 246.5 249 252 251.75 252.25 249.5 243 240.5 243.5 244.75 245 244.5 244.75 240.75 225.25 224 228.75 232.75 235.5 235.75 234.75 238 235 237.75 243 244.75 246 244.75 245 242.25 232.25 229.75 227.25 232 225.75 215 221.25 232 236.5 234.5 233.75 234 230.5 191.25 156 138.75 144.5 164 159.5 151.5 150 160.5 168.5 174 132.5 117.5 104.5 106.5 98.75 91.25 84.25 86.25 82.5 84.75 97 98.25 89 
247.5 241.25 243 238 241.25 242 245.25 230.5 225 224 243.5 231.25 241.75 233.25 228 236 236 240.25 244.75 255 247.75 250.75 238 236.75 243.5 249.5 254.25 253.25 251 251.5 254.25 255 255 255 255 255 252 249.5 251.5 254.25 254.75 253.5 253.25 252 247.25 238.5 241 244 244.75 244.75 245.25 244.75 243 232 238 238.25 234.75 230.75 232.5 225 228.25 240 239.75 241.5 245.5 246.25 243.5 239 227.5 225.5 231 226 226.25 228 234.75 237.25 230 231.75 232.25 235.5 237 235.75 224 199.5 155 137.25 125.75 135.5 154.25 159.75 165.75 147.25 106.75 76 82.75 91.75 82.5 80.5 80.75 85.5 87.75 105 116.5 122.75 133.25 
234.75 249.75 254 255 255 253.5 250.75 240.25 246.5 236 228.5 246.75 255 245.5 242.25 247.25 244.5 229 255 248.25 245.25 253.5 245 251 254.5 246.5 230.75 237.5 236 253.5 255 252.5 254 254.75 251.25 235.25 239 247.75 252.5 255 255 255 254.75 253 250.75 242.5 235.75 242 244.5 244.25 246.5 245.25 245 245 243 240.5 238.25 235.5 230.5 228 240 244 244 247.5 248 246.5 243 238.25 234.25 233.75 232.5 231.25 232.25 235.75 238.25 238.5 232.25 222.75 228.5 236.5 239 239 239 237.75 237.5 212 187 137.25 123.25 99.75 93.25 80 58 52.75 60.25 73.75 83.75 83.5 89.75 93.25 105.25 117.25 143.5 148 139.5 
246.75 255 251 243.75 243.5 251 248.25 246 234.5 236 252.5 245 229 234 255 255 250 250.5 244 238.25 250.75 243.75 241.5 252.75 239.5 238 243.25 232.75 240.25 244.25 240.5 230.5 225.75 237.5 223 232 232 245 249.75 246 244.25 249 249 246.5 247.5 246.75 237 237 246.25 247 245.5 245 245.5 244.5 236.5 221.5 228 228.75 231 240.25 244.75 247.5 248.75 247.25 247.5 244.25 241.75 239.75 237.75 239.5 233 232.5 234.5 238.25 242.75 243 238.75 236 238.25 240.5 241 240.75 236.25 236.75 233.75 233.75 231.75 233.5 206.25 167.75 121.5 76.75 59 52.75 52.5 54 74.25 89 104.75 105 111.5 118.5 117.5 113 64.5 
250.5 236.25 238.25 242.5 242 244.25 247.25 244.75 237.25 227.5 232.5 242 231.25 242.5 251.25 245.75 254 253.25 246.75 255 251.5 230.5 238.75 252 245 234 248.5 252.25 248.5 239.5 235.75 237.75 229.75 226.5 235.25 237.25 235.25 248.5 251.75 243.75 235.75 241.5 245.75 244.5 243.25 245.25 242.75 233.5 239.5 246.5 244 245.25 245.75 245.75 239 226 225.75 228 230.25 236.75 243.5 249.25 249 247.75 247.75 241.75 237.75 240 236.25 240.75 236.5 237.5 238.75 243.25 243.25 241.25 239.75 238.5 241 242.75 242.5 242 239 237.5 236 237 236.25 236.5 234 232.5 202 193 107.5 91.5 59 53.75 54.5 61.5 65 65.25 63.5 55.75 66.25 53 51 
252.75 252.75 241.25 234 242 251.5 251.5 247 244 238.75 239.75 243 253 252.5 249.5 243.25 243.25 252.25 253.75 245.75 231.25 241.25 253.25 248.25 244 238.75 232.5 233.25 238.75 247 238 249.5 242.5 231 227.25 229.5 234.25 243 233.75 233.25 236.25 240.75 238 236.75 238.75 246.5 245.5 235 241.5 244.75 244.5 246 247.25 245.5 244.75 242.5 240 241.5 243.25 244.5 248.5 250 250 247.75 244.25 235.75 237 241.5 237.25 241 240.75 241.5 244.5 247 246.25 244 242.5 243.75 243.5 243.5 245.75 244.5 242 240.25 239.5 240.75 239.25 238.5 236.75 236 233.75 227.75 219.75 174.5 133.5 89.5 63.75 64.5 54.5 53.25 52.75 51.5 51.75 51.5 50.75 
238 241 243.5 247 247.75 245.5 247.25 248.5 245 241.25 239.75 242.5 236 236.25 240.75 249.5 246.25 245.25 250.25 241.75 243.25 255 246.25 234.75 238 234.75 235.5 235.5 240.75 236.25 228 230.75 235.75 243.25 247 249.25 249.75 246.25 239.75 245.75 247.25 244.75 238.25 238.5 240.25 243.5 244.5 243 246 244.75 244.25 245.5 247 247.5 247.5 249 250 251.5 251.25 253 253.5 252.5 250.5 248.75 243.25 238.75 242 243.25 240.75 239.5 240.5 242.25 246.5 251.75 254.75 248.25 245 248.25 247 247 244.25 244.75 243 242.25 239.75 239.75 240.5 239.5 239.25 238.25 237 236 234.75 233 227.5 209 190.25 148.75 136.25 105.5 102.25 100.25 96.25 93 83.75 
241.75 239.5 243.75 238 235.75 238.25 244.25 248.5 252.75 248.25 248.25 251 242 236.75 237.25 243.75 246.75 251.75 252 255 254.25 252.75 248.25 254.5 250.75 246.75 251 255 253.25 251 244.25 253.75 251.75 255 254.5 255 254 255 242.25 243.5 241.5 234.25 233.25 230.75 230.5 233.75 238 247.5 248.75 248 248.75 248.75 247.75 247.75 248.5 249.75 250.75 250.5 242 243 250 255 251.75 250.25 246.25 244.25 242.5 244.25 241 239 242 237.5 244 244.75 253 237.75 244.25 249.75 249.25 247.75 247.5 246.25 243 240.75 240.25 241.5 242.25 241.5 241.5 240.5 239 238.75 238.75 236.75 234.5 236 237.25 235.25 234.75 237.5 226 218 218.75 224.5 230.5 
208.5 223.5 221.5 231 241 246.5 248 252.25 254.5 255 255 254.5 249 240.25 243 239 240.5 249.5 247 250 237.5 236.25 240 228.75 225.25 244 248.5 249 253.25 252.75 252 255 254.25 253 252 249.5 229.5 227 224.25 225 236.5 242 243 237 237.5 229.75 241.75 250.25 249.75 250.5 249.5 249.75 252.25 249 246.25 247.5 247.25 237.75 223 221 227.25 250.25 255 253 248.75 245 245.75 246.75 237.25 239.5 246.75 240.5 230.5 241 233.25 224.75 246.5 251.75 249.25 248 238.25 239.25 240.75 244.75 244.5 244.25 243.25 243.5 243 241.75 241.25 239.75 239.25 233.5 232.5 232.75 237.5 238.5 238.5 238 238.5 238.5 238.75 238.25 239 
231.5 241.75 242.25 243.25 243.75 246 250.25 253.5 255 255 251.5 253.25 252.75 248.25 248.75 244.25 246.75 251.25 252.75 253 245.5 235 230.25 231 251.5 255 253.25 247.5 246.75 253.75 241.75 238.75 253.25 245.5 237.5 234.5 235.25 236.5 244.5 252.75 255 254.25 251.75 249.75 246.75 237.5 250 254 254 254 253.25 253.75 253.5 252.5 245.5 245.5 244.75 231.25 220.25 219 220.75 230 240.75 244.25 246 249 251.5 246.75 239.25 238.5 241.75 251.25 240.5 234.75 232.5 234 231.5 246.75 240.25 242 235.25 230.75 240.5 249.5 250 247.75 245.5 244.25 244 242.75 241.75 240.25 241.25 241.5 241.25 238.25 236 234.5 237.25 238.5 239.25 240 239.25 239.25 239 
255 255 255 255 254.25 254 252.25 251.75 249 252.75 255 253.25 252 251.25 251.25 250.75 252 253.25 254.5 255 255 248.25 236.75 252.25 255 255 252.5 244 244.75 251 243.5 240.75 246.5 252.75 253.25 247 242.25 249 254.5 254.5 254 254.5 254 252.25 248.5 244.5 252.75 255 255 255 255 255 252.75 247.75 245.25 245.25 245 235.5 218.25 219 230.75 231.75 237 247 244 241.5 246.75 251.5 245 233.5 226.25 240.75 253 243.5 225 230.5 219.75 225.5 249.5 240.25 232 234.75 248.25 249.5 246.75 244.75 246.5 245 243.75 243.25 242.5 241.75 241.75 241.75 241.25 239.5 238.25 238.75 239.5 240.25 240.5 240 240 239.5 239 
255 255 255 255 252.75 255 254.5 253.25 245.75 244.5 249.5 255 255 255 255 255 254.25 255 255 252 245 252.5 255 244.75 236.5 238.25 242.5 251 235.5 241.5 252 248.5 243.25 245.75 253 235 248 255 250.5 249.5 244 250 247.5 250 244 245.5 253.25 254.25 255 254.5 254.25 255 252.25 248.75 247.75 244.75 244.25 240.5 223.5 217.75 211.25 213.75 228.25 236 235 231.25 243.75 254.25 246 236.75 226.75 224.75 246.5 255 239.5 241.25 237 239.25 235.25 223.75 231.75 244.75 252.25 244 239 223.5 238.5 243.5 244.5 243.75 243.75 243.25 242.75 242 242.5 242.5 242.5 240 239.25 240.5 241 240.25 240.5 240 239.75 
254 245.25 244.5 238.75 250.5 250 255 255 254 244.25 244 249.25 255 255 254.25 254.25 254 254.25 251.5 249.5 246 246.25 249.5 242.75 241.5 239.25 248.75 253 255 247.5 239.25 242.75 240.25 226 234.75 235.75 253 253.5 249.25 246.75 237.25 228.5 242.5 248 243 246 244.25 253 246 248 252.75 246.5 251.25 250 248.75 247 243 236.75 223.25 221 224.5 230.75 233 228.75 237.5 237.75 232.5 236.25 237 239 231.25 244.75 243.75 242 251.25 236.5 238.75 224.5 216.75 228.75 242.5 250 241 251.75 246.25 235 242 243.5 244 244 241.25 241.25 243 244.25 243.75 247 249.5 243.5 241 241.25 241.75 241.25 240.25 240.25 239.5 
236.25 230 240.5 250.25 255 250.5 251.5 253.75 255 255 248 247 252 255 255 255 254.25 254 252 251.75 249 247.5 243 249 246.5 243.5 248 250.75 248.75 247 242.25 234.25 240.25 234.5 240 255 254 244.5 242.25 239.25 235.5 246 248.25 243 245 233.75 219 216.25 215 224.75 222.5 237.25 240 248 251.25 253.75 249 239.75 225 215.75 210.5 220 227 234 243.75 244.25 231 230 235.5 237.25 232 215.75 222.25 232.25 231.5 224 240.5 223.25 229.75 237.5 250.75 251.75 255 242.75 230.75 238.75 243.75 244 244 242.75 242.75 242.5 243.25 244.25 243.25 251 255 242.75 242.75 242 241.25 240.25 240.25 240 240.25 
247.25 255 253.5 244.25 234.75 245.75 254.5 253 255 255 253.75 246.75 244.75 244.25 252.25 254 255 254.75 252.5 250 251.25 251.25 252.25 253.25 250.75 249.25 235.25 234.5 237.25 235.25 242.5 253.25 255 251.25 251 254.25 242.5 243.5 247.75 242.25 242 241.5 243.25 247.25 243.75 243.75 248.75 251 241.5 241.5 236 234.25 233.5 238.25 231 243 244.75 246.75 242.5 243.25 227.25 221.5 226.75 234.5 224 233.5 245.75 239.75 239.5 238.75 238 237.75 235 230.5 228.25 236.25 234.75 232 240.75 246 253 249.25 237.5 225.25 238.5 242.5 244.25 243.25 243 244 244.5 243.25 242.25 240 238.75 235 225.75 232.5 241.25 242 241.75 241.5 240 240.5 239.25 
240.75 248.25 239 231 239.25 248.25 253.75 248.5 246.75 254.5 253.5 250.25 244.75 235.25 235 249.5 253.5 255 253.25 254.25 255 254.25 255 255 251.25 245.25 235.75 227.5 226 231.5 249.5 249 250.5 241.25 239 247.25 251 253.75 249.5 251.75 254.25 254.25 237 225.75 223 235.75 233.25 240.75 242.75 251 242.75 248.75 245.5 237.25 239.75 229 232.5 237.5 236.25 251.25 248.25 246.25 232.75 222.25 234.75 254.5 250.25 242.25 239.5 237 238.5 238 222.75 242.25 246.75 248 242.25 242.25 234.75 243 247.25 243.5 234.25 238.75 243 245 245 248.75 251.5 251.5 249.75 243.5 241.5 231.75 232.75 244.75 245 241.75 242.25 241.75 242.25 242 241 240.75 238 
232.5 245 250 251.75 255 253.25 253 255 254.75 255 251.75 249 249.75 248.25 246.25 246 246 245 249.25 247.25 252 255 254.5 254.5 252.25 254 240.5 244.75 232.5 242.25 250.75 237.5 238 232 228 234.75 253 235.75 240.75 252.75 236.5 236.5 239.25 228.5 223.5 235.75 235.75 234.75 241.25 239.75 243 248.5 241.25 233.75 233.5 243.5 253.5 232.5 228.25 222.5 230.75 245 238.75 241.75 244.5 238.5 236.5 240.5 228.75 226.25 229 246.75 252 237.25 229.25 242.25 245.75 238.75 240.25 224.5 242.5 245.75 245.75 240.75 246 246.5 247.25 251.75 249.25 246.75 247.75 244.75 242.25 237.25 245.5 241.75 231.75 240.25 242.75 242.75 242.5 241 240 239.5 225.25 
244.25 230.75 238.75 239.75 247 244.25 239.75 243.25 241.75 247.5 244.75 251.75 254.25 254.5 254.25 252 249.25 244.5 248.5 241.5 246 248.5 251.75 255 245.25 245.25 248 241.25 241 247 239 242.25 242.75 249.25 254.5 236.25 242.75 242.75 247 255 246.5 237 236 228.25 231.75 240.25 248.5 236.25 239 232 246 251.5 249.25 246 252 245.5 230.75 217 223.75 216.25 216.75 235.75 235.75 239.5 228.25 218.25 226 241.5 249.25 254.5 244 248 253.5 231.5 242 250 255 225.75 197 204 224 227.75 224.75 237.5 243 243.75 233 226.5 243.75 239.5 238.5 242.5 240 247.75 251.25 255 253 247.5 243.5 243.75 243 240.75 240.25 235.75 219.5 
255 252.25 238.75 229.5 226.5 218.5 221 224.5 236.25 246.25 255 255 255 255 255 254 252.25 252.25 252.5 252.25 245.75 243 247.75 247.5 246.75 237.25 242.75 249 248 251.75 239.25 247.25 237.75 244.5 252.75 247.25 230.75 242.5 241.5 235.5 246 245 239.25 232.75 239.25 234 232.25 241 239.5 239.5 245 245.75 251.75 253.75 251.75 254 251 247 244 233 236.5 254.5 235 222.75 224 220.5 231.25 240.5 246.5 245.75 249.75 235.5 225.25 242 243 245 243 216.75 223.25 230.5 228.5 223.25 215 234 240 241 239 239.5 230.5 225 219.25 238.25 240 241.75 239.5 230.25 242.75 242 242.75 245.25 250.5 242.5 240 234.25 218.25 
255 247 247.25 250 254.25 254.25 253.5 250 255 255 255 251.5 250.25 255 255 253.75 253.5 250.75 241 240.5 249.75 249.75 248.5 243.25 247.75 243.25 237 241.5 251 244 238.75 223 228.75 239 229.75 233.5 242.5 248.25 242.25 230.75 233.75 237.5 239.5 238.25 241.5 230.75 226.5 232 246 248.5 241 238 243 243 240 247.25 248.25 244 230.5 227.75 233.25 228.75 231 224 235.75 225.75 218.5 223.5 228.25 234.5 252 254 244 229.75 225.75 225.75 235.75 255 255 253.75 243.5 224 226.5 238.75 241.75 247.25 244.75 245.5 236.25 243.75 239.25 246.25 237 236 237 227.5 230.5 240.25 243 243.25 245 237.75 240.75 236.75 238.75 
246 249 255 252.25 254 255 249.5 255 248.25 254.5 249 249.25 239.5 240.75 242.25 246 249 252.5 249.25 242.25 241.75 238.25 251 248.75 248.25 244.75 247.75 237.25 246.5 247.5 235.5 233.5 234.5 227.25 229.5 227.25 233.5 244.75 235 234.75 229.5 228 238.25 247.75 240.25 235.75 237.5 236.5 244 245.75 236.25 237.25 231.75 233 235.25 233.5 225.25 225.25 220.75 228.5 229.75 221 218.75 245.25 250.5 243.75 243.5 241 228.5 224.75 242.25 248.5 253.25 248 251.75 245.25 251 244.75 232 238 246.75 251 243.25 243.5 242 238 240.25 251.75 250.25 251.5 251.25 244.25 240.5 246.25 247.75 243 236.5 241.75 245.75 248 233 234.5 239.75 241.25 243.25 
240 242 240.75 252.75 249.25 232.75 240.25 242 245.5 234.25 239.75 238 245.25 247.25 237 235.25 244 249.25 251.75 250 248.5 237.75 229.75 228.5 234.25 243 239.25 248 245.75 246.25 247.75 236.5 239.5 231.25 227.75 231.75 247.5 247.25 234.5 231 228.25 240.75 247.75 248.25 237.75 233.75 233 250.25 249.75 247.75 237 234 241.75 233 230.5 229.25 222 225.25 228.25 239.75 236.75 247.25 252.5 251.75 249.75 241.75 236 239.5 245.75 233.25 220.5 230.25 224.5 230.25 241.25 247 235.25 235.25 231 214.5 227.5 232 244 244.75 237.5 224 232.75 244.5 240.5 238.5 230.25 232.75 245 237 229 237 244.25 245 234.5 222.75 228.25 236 240.25 241.5 251.25 
249.5 243.25 241.25 234.5 235.75 244.5 251.5 241 247.5 248.75 237.25 233 230.75 235 244.25 243.5 251.5 251.75 252.25 251.5 252.5 252 242 230 232.25 241.5 240.75 236 238.5 248.75 255 253 249.75 246 234.5 237.75 244.25 245.25 247.5 244.75 247.5 246.5 250 251.75 246.25 246 246.25 237.75 228.75 232 240.75 245.5 241 235.75 237.5 243.25 250.75 247.75 248.75 250.5 250.25 248.75 246.75 239.25 233 235.75 239.5 240.75 234.25 237.75 213.25 233.5 234 243.75 224.5 216.75 235.5 236.75 236.25 235 231.25 232.5 243.5 251.5 253.25 233.75 232.25 234.5 243 233.5 231.75 253 253 245.25 255 250.25 247.75 250.5 248.5 248.25 240 241 243 238.5 238.5 
249.25 244.25 249.5 243.25 234.5 247 253.75 241 242.75 244 246.75 240.25 239 241.25 244.75 254.25 255 255 255 254.5 254.25 254.25 253.5 251.5 247.5 246 246.5 245.75 243.25 240.75 232 240 241.5 250.5 248.5 247.75 239.5 229.75 232.5 244.5 238.5 248.5 253.5 246.25 242.5 232.5 229 219 212.75 221.5 236 238.5 231.25 229.75 237.25 246.75 246 248.25 253.5 250.5 241 235 230.75 233.5 236.25 244.5 245.75 249 255 247.75 246.5 225.25 222.75 224.5 232.25 249.25 247.5 236.75 229.75 230.25 214.5 222.75 243.75 251.75 253.5 251.75 228.5 243.25 247.75 244.5 250.5 253.25 245 252.25 253 232.25 247.5 250.25 240.25 247.5 243.75 241 228.75 215.25 223.25 
232.75 243.75 237 249 252.25 239 238.75 241.25 233.25 232.25 230 243.75 246.75 249.25 255 255 254.25 254.25 254.25 255 255 255 254.5 254.5 254.75 254.5 255 254.75 254.25 246 236.5 230.5 234.5 233 252.5 255 249.25 231.75 222.25 222.75 231 247.25 242.25 236.5 241.75 227.75 219 225.75 235 245.25 245.75 240.25 231.25 229 242.25 249.5 248.75 253.5 255 254.25 246.25 237.5 239 245.5 255 245 233 235.25 242 250.5 250 236.75 238.5 248.5 246 238 227.25 209.75 224.5 215 216 236.25 254.25 253.25 241.5 238.25 243.75 240.25 236 246 248.75 230.25 222.5 250 229.75 234.5 244 253 247.75 246 241 240 218.25 213 239 
232 243.5 249 237.5 248 244 234.75 242.75 239.75 231.5 240.75 246.75 251.5 254.25 254.5 247.5 248.75 246.75 251 252 254 253.75 255 255 255 254 253.5 255 255 255 248.5 243.5 220.75 222.5 218 241 246.5 251 248.75 248.25 245.5 247.25 232.75 233.25 241.5 248.25 255 255 255 255 252.25 246.5 240.5 245.25 251.25 255 254.25 253.5 247.25 247.5 246.5 240.75 243.25 249.25 238.5 243.25 247.25 243.75 225.5 224 232.75 245.5 252.5 246.5 227.75 206.5 194.25 203.25 219.25 235.5 244.25 249.75 252.5 252.75 241.25 238.5 238 219.25 229.25 243.75 253.5 245.75 244 248.5 231 246 244.75 244.75 235.75 249.5 235.5 238 229.25 238 243.25 
247 246.5 239.75 240 238.75 241.5 236.75 246.5 253.5 255 255 255 255 252 249 249.75 249.75 250.75 249 244.75 251 249 253.25 254.25 254 249.25 238.5 249.75 247.5 243.5 248 255 254 246.75 229 230.25 235.25 237.75 226.5 235.25 239.75 251.75 246 244 248.25 241 245.25 241.25 243.75 250 249.25 250.5 246 249.25 248 237.5 243.75 250.75 247.25 236 234.75 240.5 242.75 236.75 220.75 230 230 220 214.5 216.75 233.75 251.75 254.5 251.75 237.5 224.75 220.75 235.5 244.5 253.5 255 253 229 234 254.75 251.25 253.5 248.25 245.25 248.5 248.5 251.75 239 233.5 243.5 249.75 243.75 227.75 226.75 218 225 227.25 237.75 244.5 235.75 
