3 3 3 2.5 1.75 1.5 2 2.25 1.25 1.75 1.5 1.5 1.75 1 1.75 1 1 1 1 1 1 1 1 1 1 1 1 0.75 1 1 1 1 1 1 1 1 1 0.75 0.5 0.25 1 1 0.25 0.75 0.25 0.5 0 1 0 0 0.75 0.25 0.75 0 0 0 0.75 0 0 0.5 0 0 0 0.25 0 0 0 0 0 0 0 0.25 0 0 0 0 0 0 0.5 0 0 0 0 0 0 0 0 0 0.25 0 0 0 0 0 0 0 0.5 0 0.25 0 0 0 0 0 0 
3 3 3 2.5 2.75 2 2 2 1.5 1.75 1.75 1.25 1 1.5 1 1.25 1 1.5 1 1 1 1 1 1 1 1 1 1 1 1 1 1 1 1 1 1 1 1 0 0.75 1 0.75 0.5 0 0 0 0 0.75 0 0.75 0.5 0 0.5 0 0.5 0 0.75 0.25 0 0 0 0 0 0.25 0 0 0 0.5 0.25 0 0 0 0 0 0 0 0 0 0 0.5 0 0 0 0 0 0 0 0.25 0.25 0 0 0.25 0 0 0 0 0 0 0 0 0.25 0 0 0 0 
3 2.75 2.75 2.75 2.5 2 2.75 2 1.5 1.5 2 1.25 1.75 1.5 1.75 1.25 1.5 1.25 1 1 1 1 1 1 1 1 1 1 1 1 1 1 1 1 1 0.75 1 0.5 1 0.75 1 0 0.5 0.25 0 0.25 0 0.75 0 0.25 0.25 0.25 0.25 0 0.25 0 0.75 0.25 0 0 0 0.5 0.25 0 0 0 0 0 0 0 0 0 0 0.5 0 0 0 0 0 0.25 0 0 0.25 0 0 0.5 0.5 0 0.25 0.5 0 0 0 0 0 0 0.75 0 0.5 0 0 0 0.25 0 0 
3 3 3 3 2.5 2.5 2.25 2.75 2 1.75 1.5 1 1.5 1.25 1.5 1 1 1.75 1 1.25 1 1 1 1 1 1 1 1 1 0.75 1 1 1 1 1 1 1 0.25 0.25 0 0.75 0 1 0.75 0.25 0.75 0 0.5 0 0 1 0.25 0.5 0 0 0.25 0.75 0 0 0.25 0 0 0 0 0 0 0 0.25 0.25 0 0 0 1 0.25 0 0.25 0.25 0.5 0 0 0 0 0.5 0 0.25 0.25 0.25 0 0.25 0 0 0 0 0 0 0 0.25 0 0 0 0 0 0.25 0 0 
3.5 3 3 2.75 2.75 3 2.25 2.75 2 2.25 2.5 1.75 2.25 1.25 1.75 1.25 1 1.5 1 1 1 1 1 1 1 1 1 1 1.25 1 1 1 1 1 1 1 0.75 0 0.75 0.25 0.75 0 0.75 0.75 0.25 0.75 0 0.75 0 0 0.25 0 0.25 0 0 0 0.75 0.25 0.25 0.25 0.25 0 0 0 0 0 0.5 0 0 0 0.5 0 0.25 0 0 0 0 0.25 0 0 0 0.25 0.5 0.25 0.75 0 0 0 0 0 0 0.25 0.25 0 0 0 0.25 0.25 0 0 0.25 0 0 0 0 
4.75 3.25 3 3 3 3 2.75 2.5 2.75 2.25 2.75 2 2.25 2 2 1.5 1.25 2 1.25 1 1 1 1 1 1 1 1 1 1 1 1 0.5 1 1 1 1 1 1 0.5 0 1 0.25 0.75 0.75 0.25 0.25 0 0 0 0 0 0 0.25 0 0.25 0 0.25 0 0 0.25 0 0 0 0 0 0 0 0 0 0 0.75 0 0.25 0.25 0 0 0 0.25 0 0 0 0 0.5 0.25 0 0.25 0.25 0.5 0 0 0 0.25 0.25 0 0 0 0.25 0 0 0 0 0 0 0 0 
6 4.5 3 3 3 3 2.5 2.75 2.25 2.75 2.25 2.5 2 2.5 2.75 2.5 2.5 1.75 1 1 1.5 1 1 1 1 1 1 1 1.5 1 1 1 1 0.75 1 1 1 0 0.25 0 1 0.75 0.5 0.75 0.5 0.25 0 1 0 0 0 0.25 0 0 0 0 0 0.25 0 0.5 0.25 0 0 0 0 0 0.25 0.25 0 0 0 0.25 0 0.75 0 0 0 0 0.5 0.5 0 0 0 0 0.5 0 0 0.25 0 0 0 0.25 0 0 0 0 0.5 0 0 0 0 0 0 0 0 
4.75 4.75 3.25 3.5 3 3 2 3 2.75 2.25 2.5 2 2.75 2.75 2.25 2.25 2.25 2.75 1.75 1.25 1 1 1 1 1.25 1.25 1 1 1.25 1 1 1 1 1 1 1 1 0.5 0.5 0.25 1 0.25 0.75 0.75 0 0.5 0 0.5 0 0.75 0 0.5 0.5 0 0 0 0.25 0 0 0.25 0 0 0 0.5 0 0 0.25 0.25 0 0 0.5 0 0 0 0 0.5 0 0.5 0 0.25 0 0 0 0 0.25 0 0.5 0 0 0 0 0 0.25 0 0 0.25 0.25 0 0 0 0 0 0 0 0 
4.5 4.75 3.75 3.25 3 3 2.75 2.75 2.25 2.5 2 2.25 2.5 2.75 2.5 2 1.75 2 1.25 1.25 1 1 1 1 1 1 1 1 1 1 1.25 1.25 1 1 1 0.5 1 1 1 0.25 1 0.25 0.75 0.75 0.25 0.5 0.25 0.5 0 0.25 0.75 0.25 0.25 0 0 0 0.5 0 0.25 0.25 0 0 0 0 0 0 0 0 0 0 0.25 0 0 0 0 0 0 0.25 0 0.25 0 0 0.5 0 0.75 0 0 0 0 0 0 0 0.25 0 0 0.25 0.25 0 0 0 0 0 0 0 0 
5 4.5 4.25 3.75 3 3 3 2.75 2.5 3 2.5 2.5 2.5 2.25 2.25 1.25 2.25 1.75 1.5 1.5 1.75 1 1 1 1 1 1.5 1 1.25 1 1 1 1 1 1 1 1 1 1 0.25 1 0.75 1 0.5 0 0.25 0 0.25 0 0.75 0.75 0.25 0.25 0 0 0.25 0.25 0 0.75 0.25 0 0 0 0 0 0 0 0 0 0 0.5 0 0 0.25 0 0 0 0.25 0.5 0.25 0 0.25 0.5 0.25 0.75 0.25 0.25 0.25 0.5 0.25 0 0 0 0 0 0.25 0 0 0 0 0 0 0 0 0 
5 7 9.5 10.75 5.75 4.25 3.75 3 3 3 3 3 2.75 2.5 2.75 1.5 2.25 1.5 1.5 2 1 1 1 1.25 1.5 1 1.25 1 1 1 1 1 1 1 1 1 1 0.75 0.75 0.25 1 0.5 1 0.75 0.25 0.75 0 0.5 0 0.75 0.25 0 0.25 0.25 0.25 0.25 1 0 0.5 0.25 0 0.5 0 0 0 0 0 0.25 0 0 0.75 0 0.25 0 0 0 0 1 0.5 0.5 0.25 0 0.5 0.25 0.75 0 0 0 0 0 0 0.25 0 0 0 0 0.25 0 0 0 0.5 0 0 0 0.5 
12 14 21.5 26 22.5 11.25 6 5.5 4.75 3 2.75 3 2.25 2.25 3 2.5 2.25 1.25 1 1.75 1.25 1.75 1 1 1.25 1.25 1.5 1 1 1 1.25 1 1 1 1 1 1 1 1 0 1 1 1 0.5 0.75 0.5 0 0 0 0 0.25 0.25 0.5 0.25 0 0.5 1 0 0.5 0 0 0 0 0 0 0 0 0.25 0 0 0.25 0.25 0.5 0 0 0 0 0.25 0.25 0.25 0.25 0 0.25 0.5 0.75 0 0 0 0 0.25 0 0.25 0 0 0 0 0 0 0.25 0 0 0 0 0 0 
14.5 24.25 33.25 28.75 50.25 35.75 11.25 8.5 5.75 3 2.75 3 3 2.75 2.25 2 1.75 1.75 1.75 1.5 1.5 1.25 1.25 1.5 1.5 1.5 1.5 1 1 1 1.5 1.5 1 1 1 1 1 1 1 0.5 1 0.75 1 0.5 0.5 0.75 0.25 0.5 0.25 0 0.5 0.5 0 0.25 0 0.5 0.75 0.25 0.5 0.25 0.25 0 0 0 0 0 0 0.25 0 0 0 0.25 0.5 0.75 0 0 0 0 0.5 0 0.5 0.5 0.5 0 0.5 0.25 0.5 0.75 0 0 0 0.25 0 0 0 0.25 0 0 0 0 0 0 0 0 0 
5.75 10.25 31 25.25 40.25 48.5 22 10 7.25 5 3.5 3 3 2.25 3 2.5 3 2 1.5 1.5 1.75 1.5 1.75 2 1.75 1 1.5 1 1.5 1 1 1 1 1.25 1 1 1 1 1 1 1 1 1 0.75 0.5 0.75 0.5 0.5 0.25 0.75 0 0.25 0.25 0.25 0.25 1 1 0 0.75 0.25 0.75 0.5 0 0 0 0 0 0 0 0 0 0.5 1 0.25 0 0 0.75 0.5 0 0 0.75 0.25 0 0 0.25 0 0.5 0 0 0 0.5 0.25 0 0 0 0.25 0.25 0 0 0 0 0 0 0 0.25 
12 18.25 19 16 12.25 31 14 7.25 8.75 7.75 7.5 5.75 3.5 2.75 2.75 2 2.5 1.75 1.25 1.5 1.5 1.5 1.25 1 1.25 1 1.75 1 1.25 1 1 1.25 1 1 1 1.5 1 1 1 0.75 1 1 1 0.5 1 1 0.25 0.5 0.25 1 0.75 0.25 0.75 0.75 0 0.25 0.5 0 0.5 1 0.75 0.75 0.25 0 0 0.25 0 0.75 0 0 0.25 0.25 1 0.5 0.5 0.25 0.25 0 0.25 0.25 0 0.25 0.25 0.5 0.5 0.25 0.75 0.5 0 0 0 0.25 0 0 0 0 0 0 0 0 0.25 0 0 0 0 
21.25 16 11.5 11.25 13.25 14.25 7.25 5.75 19 15.25 20.75 12 3.75 3 3 3 3 2 1.75 1.5 1.25 1.75 1 1.25 1.5 1 1.25 1.25 1.75 1.25 1 1 1 1 1 1.5 1 1 1 1 1 1 1 1 0.75 1 0.5 0.75 1 1 0.25 0.75 0.25 0.5 0 0.75 1 0 0.75 0.25 1 0.25 0 0 0 0 0 0.75 0 0 0.25 0 0 0 0 0.5 1 0.5 0 0.25 0.25 0 0.5 0.25 0.75 0.25 0.75 0 0.5 0 0 0.75 0 0 0 0 0.25 0 0 0 0.25 0 0 0 0.25 
27 12 9.75 9.25 9.25 8.5 5 12.5 11.5 4.75 4 5 3.5 3 3 3 3 2.5 2 2.25 2 2 2 2 1.75 1.5 1.75 1 1.75 1.25 1.25 1 1 1.25 1 1.25 1 1 1 1 1 1 1 1 1 1 0.5 0.5 0.5 1 0 0.75 0.5 0 0 0.5 0.75 0.25 0.75 0.5 0.5 0.25 0 0.25 0 0 0 0.5 0 0 0.5 0.75 0.5 0 0 0 0.5 0.25 0.5 0.25 0.5 0.5 0.5 0 0.75 0 0.5 0 0 0 0.25 0.25 0 0 0 0 0 0 0 0 0 0 0 0.5 0.25 
16.25 7.25 5.25 4.5 4.5 5.25 5.75 15.75 6.75 4.25 2.5 3 3 3 3 3 2.5 2.5 2.5 2.5 2.75 1.75 2.25 2 2 1.75 1.5 1 2 1.25 1.5 1 1 1.25 1.5 1.25 1 1 1 1 1.25 1 1 0.25 1 1 0.5 0.25 0.25 1 0.75 0.5 0.75 0.25 0 0.5 0.75 0.25 0.5 0.75 1 0.75 0 0.25 0 0.5 0.25 1 0.25 0 0.5 0.5 0.75 0.5 0.25 1 0.75 0 0.25 0.25 0 0.5 0.25 0 0.75 0 0.75 0 0.5 0 0 0.25 0 0 0 0.25 0 0.25 0.25 0 0 0 0 0 0 
11.25 6 5.25 4.75 4 5.5 7.75 17.5 6 4 3 3 3 3 3 3 2.5 2 2.25 2.75 2 2.5 2 2 2.75 2 1.75 1.75 2.25 1.25 1.25 1 1 1.5 1.75 1 1 1 1 1 1.5 1 1 1 1 0.75 0.75 0.75 0.75 1 1 0.5 0.5 0.25 1 1 1 0.5 1 0.75 0.5 0.75 0.5 0 0 0.25 0.75 0.5 0 0 0 0.25 1 0.25 0.5 0.5 0.25 0.25 0 0 0.25 0 0 0 0.75 0 1 0.25 0.5 0 0.25 1 0 0 0 0 0 0.25 0 0 0 0.25 0 0 0.5 
12.25 5.75 5.25 5 4.5 5 7 16.75 8.25 3.75 3 3 3 3 3 2.5 3 2.25 2 2.25 2.5 2 2.25 2 2.25 2 2 1.75 2.25 1.25 1 1 1.25 1.25 1 1 1 1 1 1 1 1 1 0.75 1 1 1 0.5 0.75 1 1 1 1 0.5 0.75 0.5 0.75 0 0.75 0.75 0.25 1 0.5 0 0 0.25 0 0.75 0 0.25 0.75 0.5 1 0.25 0.5 0.75 0.75 0 1 0 0.5 0.5 1 0 0.75 0.25 0.75 0 0.25 0 0.25 0.5 0 0.25 0 0.25 0 0.25 0.5 0 0 0.5 0 0 0 
9 6 6 5.25 6.75 8 11.25 26 6.75 3.75 3 3 3 3 3 2.75 3 3 3 2.5 2.5 2.25 2.25 2 2.5 2 2 1.75 2 1.5 2 1 1 1 1 1.5 1 1 1.25 1.25 1 1 1 1 1 1 1 1 1 1 1 1 0.75 1 0.75 1 1 0.5 1 0.75 0.75 0.5 0.5 0 0.25 1 0.25 0.5 0 0 0.5 0.75 1 0.25 0.5 0.25 0.5 0.5 0.5 0 0.75 0.5 0.5 0 0.25 0.75 1 0.5 0.5 0 0.75 0.5 0 0.25 0 0.25 0.25 0 0.25 0 0 0.25 0.25 0 0.25 
11.75 5.75 5.25 10 10 11 21 24.25 6.5 4 3.25 3 3 3 3 2.75 2.75 2.25 2.5 2.25 2.75 2 2.25 2.25 2.25 2.25 2.25 2 2 1.5 2 1 1.25 1 1.25 1.25 1 1 1 1 1.25 1 1 1 1 1 1 1 1 1 0.75 1 0.75 1 1 1 0.75 0 1 1 0.25 0 0 0.5 0 1 0 0.25 0.25 0 0.5 0.5 0.75 0.75 0.5 0.5 0.5 1 0.5 0.5 0.25 0.75 0.25 0 0.25 0.5 0.75 0.25 0.25 0 0.5 0.75 0 0.5 0.25 0.25 0 0.5 0.25 0.25 0.25 0.5 0.25 0 0.5 
16.75 9.75 8 17 10.25 7.5 19.25 17 4.75 3.75 3 3 3.25 3 3 2.75 3 3 3 2.75 2.75 2.75 2.75 2 2.25 1.75 2 2 2.5 1.25 2 1.75 1.25 1.25 1.5 1.5 1 1 1 1.25 1.25 1 1.5 1 1 1 1 1 1 1 1 1 0.75 1 1 0.75 0.75 0.75 1 0.75 0.25 0.25 0 0.25 0.25 0.75 0 0.75 0 0 1 1 0.5 1 0.25 0.5 0.5 0.75 0.75 0 0.5 0.5 0.75 0.25 0.5 0 1 0.25 0.25 0 0.5 0.5 0 0 0 0.75 0 0.25 0.25 0 0 0.5 0 0.5 0.5 
20.25 7.25 8.25 18.5 11.25 5.5 6.25 4.5 4.25 3.25 3.5 3 3 3 3 2.75 3 2.75 3 3 3 3 2.5 2.5 2.75 2.25 2 2 2.5 1.5 2.25 1.25 1.75 1.5 1.5 1.5 1 1.25 1 1.25 1.5 1.25 1.5 1 1 1 1 1 1 1 1 1 0.5 1 1 1 0.75 0.25 1 1 0.75 0.25 0.5 0.75 1 1 0.25 0.25 0 0 0.5 0.75 0.75 0.75 0.25 0.75 0.5 0.5 0.5 0.25 0.5 0 0.75 0 0.5 0.5 0.75 0 0.5 0 0.75 1 0 0 0 0.75 0 0.25 0 0.5 0.25 0.5 0.25 0.25 0.5 
23.25 9.25 10.25 18 9 5.75 4.5 3.75 3.25 3 3 3 3.25 3 3 3 3.25 2.75 2.75 2.75 2.75 3 2.5 2.5 2.5 1.75 2.25 2.25 2 2 1.5 1.75 2 2.5 2.25 2.75 1.5 1.25 1.25 1.5 1.25 1.25 1 1 1.25 1 1.25 1.25 1 1 0.5 1 0.75 0.75 1 1 1 0.75 0.75 1 0.75 0 0.75 0.5 1 0.75 0 0.5 0 0.5 1 1 1 1 1 0.75 1 0.5 0.75 0.5 0.5 0.5 0.5 0.25 0.75 0.25 0.5 0.25 0.75 0.75 1 0.75 0.25 0.25 0 0.25 0 0.25 0.25 1 0.25 0.5 0 0 0.5 
12.5 9.25 9.25 16.75 12.5 7.75 5.25 4.25 4 4 3.25 3.75 3.5 3.75 3 3 3 3 3 3 3 3 3 2.75 2 3 2.25 2.75 2.75 2.25 2 2 2 2 1.5 1.5 1.25 1 1.5 1.5 1.5 1 1.25 1 1 1 1 1 1 1 1 1 0.75 1 1 1 0.75 0.75 1 1 0.75 0.75 0.5 0.25 0.5 0.25 0 0.5 0.25 0.75 1 1 1 1 1 0.75 0.75 0.5 0.25 0 0.75 0.75 0.5 0 1 0.75 1 0 0.75 0 1 0.5 0.25 0 0 0.75 0.25 0.25 0 0.75 0 0.5 0.5 0 0.5 
16.5 8.75 6.5 16 9.25 6.25 5 4 4 4.25 3.5 3.25 3.75 3.25 3.5 3 3 3 3 2.75 3 3 3 2.5 2.75 2.75 2.5 2 3 2 2 1.75 2 2.25 2 1.75 1.25 1 1 2.25 1.75 1.25 2 1 1.5 1.25 1.5 1.25 1 1 1 1.5 0.5 1 1 1 1 1 1 1 1 1 1 0.5 0.75 1 0.75 0.25 0 0.25 1 1 1 1 1 1 0 0.5 0.75 0.5 0.25 0.75 0.5 0.25 0.75 0 0 0.25 0.75 0.25 0.75 0 0.5 0.5 0 0.75 0 0 0 0.75 0.25 0.5 0.25 1 0.75 
15.25 7 6.5 7.25 7.5 5.25 5 3.75 4.5 4.5 3.5 4 3.5 3.5 3 3 3.25 3 3 2.75 3 3 3 3 2.75 2.75 2.5 2.25 2.75 2.75 2.5 2 3 2.25 1.75 2 1.75 1.25 1.25 1.75 1 1.5 2 1 1.5 1 1.25 1 1 1 1 1.25 1 1 1 1 1 1 1 1 1 1 1 0.75 0.5 0.75 0.5 0.75 0 0.5 1 1 1 1 0.25 0.75 0.5 0.5 0.5 0.25 0.5 0.75 0.75 0.5 0.75 0.75 1 0.25 0.75 0.25 0.75 0.75 0 0.25 0 1 0.5 0.75 0.75 0.75 0.75 0.25 0.25 0.5 0.75 
6.75 8 8 7 5.75 5 5.75 5.5 5.5 5.75 5.75 5 5.25 4.5 4.25 3.5 3.5 3.25 4.25 3.5 3 3 3 3 3 3 3 3 2.75 2.5 2.5 2 2.25 2.25 2 2 1.25 1.25 1.5 2 1.5 1.75 1.75 1 1.75 1.75 1.5 1 1.25 1.25 1 1.5 1 1 1 1 1 1 1 1 1 1 1 0.75 1 0.75 0.5 1 0 0.25 0.75 1 1 1 0.5 0.5 0.75 0.25 0.5 0.25 0.25 0.5 0.25 0 1 0.75 1 0 1 0.25 0.75 0.75 0.5 0 0 0.25 0 0.5 0.75 1 1 0.75 0.5 1 0.5 
6.25 7.75 10 10 5.5 5.25 7.75 6.5 10.25 10.5 9.75 9.75 6.75 7 7 5.25 6 6 6.5 4 3 3.25 3 3 3 3 2.75 3 2.75 2.75 3 2 3 2.25 2.5 2.5 2 1.75 1.75 1.75 1.5 1.75 1.75 1.5 2 1.25 1.75 1 1.25 1.5 1 1.5 1 1.25 1 1 1.25 1 1 1 1 1 1 1 1 1 0.5 0.75 0.25 0.25 1 1 1 0.75 1 1 0.75 0.25 1 0.5 0.75 0.75 0.5 0.75 1 0.25 1 0.5 1 0 1 1 0.5 0 0 1 0.25 0.75 0.25 0.75 0.25 1 0.75 1 0.75 
7.75 9.5 12.75 7.75 6 6.5 7.5 8.5 12.5 13 16 14 11 11.5 11.75 11 11 7.5 5.25 4.5 3 3 3 3 3 3 2.25 3 2.75 2.5 2.75 1.5 3 2 2 2.5 2 2 2 2 2.25 1.75 2.25 1.5 2 1.75 2 1 1.75 1.25 1 1.5 1 1 1 1.75 1.25 1 1.25 1 1 1 1 0.5 0.75 1 1 0.75 1 0.5 1 1 1 0.5 1 1 1 0.5 0.75 0 0.75 1 1 0.75 1 0.75 1 0 0.75 0.25 1 0.5 0.75 0.5 0 1 0.5 1 0.5 1 1 1 0.5 0.75 1 
8.5 9 10.5 9 8 10.25 7.75 8 11 12.75 18.75 16.75 15 20.75 34.5 19.5 14.25 6.25 4.5 3.25 3 3.25 3.25 3 3 3 2.75 3 3 3 3 2.5 3 2.25 3 2.5 2.25 3 2.25 2.25 2.5 2 2.75 1.75 1.75 1.5 1.75 1.25 1.5 1.75 1 1.5 1 1 1 1.25 1 1 1.25 1.5 1 1 1 1 1 1 0.75 1 0.75 0.75 1 1 1 1 1 1 0.75 1 1 0.75 0.5 1 0.75 1 1 1 1 0.25 1 0.75 1 1 0.75 1 0.5 1 0.5 1 0.25 0.75 0.75 1 0.5 0.75 0.5 
8.75 9.5 10 9.5 8.5 9.5 7.25 6.5 9.75 16 23.5 21.5 18.25 29.5 32.5 15.5 8.75 5.5 4.25 3.75 3.25 3 3 3.25 3 3 3 3 3 3 3 3 3 3 3 2.75 2.25 2.25 2 2.5 2 2 2 1.75 2.25 1.75 2 1 1.75 1.75 1.5 1.75 1 1.25 1 1.5 1 1.5 1.75 1.25 1 1 1 1 1 1 0.25 1 1 0.75 0.75 1 1 1 1 1 1 1 1 0.25 1 1 0.75 1 1 0.5 1 0.5 1 0 1 0.75 0.75 1 0.75 1 1 1 0.75 0.75 1 0.75 1 1 0.75 
11.5 9.5 11 9.5 8 7.75 7.75 6.75 8.25 19 27.25 21.75 27.75 29.25 20.5 9.75 6.25 4.25 4.5 4.25 3.5 3.75 4 3.5 3.5 3.5 3 3 3 3 3 3 3 3 3 3 2.75 2.25 2.25 3 2.25 2.25 2.75 1.75 2 1.75 2.25 1.75 2 1.5 1.5 1.75 1 1.5 1 1.5 1 1 1.5 1 1 1 1 1 1 1 1 1 1 1 1 1 1 1 1 1 1 1 1 1 0.5 1 0.75 1 0.75 1 1 0.75 0.5 1 1 0.75 1 0.25 1 1 1 1 0.25 1 0.5 1 0.75 1 1 
11 9 10.75 10.5 8.5 8.75 13.25 12 7.25 20 26.75 30.5 32.75 28 12.5 8.5 6 4.75 5 5.75 4.75 4.25 3.5 3.75 3.5 3.25 3.25 3.25 3.25 3 3 3 3 3 3 2.75 2.75 2 2 3 2.25 2.5 2 1.75 1.75 1.5 2.25 1.75 2.25 2 1.5 1.5 1.25 1.75 1.5 2 1.25 1 1.25 1.5 1.5 1 1 1 1 1 1 1 1 1 1 1 1 1 1 1 1 1 1 1 1 1 0.5 0.75 1 1 0.75 1 0.75 0.5 1 1 1 1 1 1 1 1 1 1 1 1 0.75 1 1 
10.25 8.5 10 12.25 13.75 11.25 10.5 12 11.25 17.25 26.75 36.75 28.25 19.5 14 9.75 7 6 7 8.25 6.25 5.75 4.75 4.75 5.25 5.5 4 3.75 3.75 3 3.25 3.25 3.5 3 3 3 2.75 2.5 2 3 2.5 3 3 1.75 2.5 2 2.25 1.25 2 2 1.75 2 1.25 1.75 1.5 2 1.25 1.5 1.5 1.75 1 1 1.25 1 1 1 1.25 0.75 1 1 1 1 1.25 1 1 1 1 1 1 0.5 1 1 1 1 0.75 0.75 0.75 0.75 0.75 0.5 1 1 1 1 1 1 1 1 1 1 1 1 1 1 1 
9.5 8.75 10.5 15 13.25 8.5 8.5 11 13.25 15 24.75 38 35.75 35 17.75 14 10 10 9.75 24.75 20.75 9.25 10 8 7.5 5.25 4.75 5 5.75 7.5 4.5 3 3 3 3 3 3 3 2.5 3 2.5 3 3 2.75 2 2 2.5 2 2.5 2 2 2.5 1.5 2 2 2.25 1.5 1.25 1.75 1.75 1.25 1.25 1.25 1 1 1 1.5 1.25 1 1 1.25 1 1 1 1 1 1 1 1 1 1 1 1 1 1 0.75 1 0.75 1 1 1 1 1 1 1 0.5 1 1 1 1 1 1 1 1 1 
10 9 9.25 10.25 9.5 8 11.25 13.5 16.5 19 23.25 27 42.75 46.5 22.75 21 17.5 13.75 15.25 56.75 47.5 19.25 11.75 8 6.5 6.25 7.75 9 11 16.5 7.75 4 3.75 3 3.25 3 3 3 2.5 2.5 3 3 3 1.75 2.75 2.5 3 2 2.25 2.75 2 2.75 1.5 2.25 1.75 2.5 1.25 1.75 1.5 1.75 1 1 1.5 1 1.25 1 1.75 1 1 1.5 1.25 1.25 1 1 1 1 1 1 1.25 1 1 1 0.75 1 1 1 1 0.75 1 0.75 1 1 1 1 0.75 0.75 0.75 1 1 1 0.75 1 1 1 1 
8.25 8.25 9.5 9.25 9.25 10.5 11.5 17.75 18.25 17 15 22.25 25.5 22.5 27.5 20.25 14 10.5 19.25 57 81 35.75 21.75 8 7.5 9.25 10.25 7.5 6.5 8.25 8.5 5.75 4.25 3.25 3.75 3 3 3 3 3 3 3 3 2.5 2.75 3 3 2 3 3 2.5 2.75 1.5 2.5 1.75 2.5 1.75 2 2 2 1.25 1.75 2 1 1.25 1 1.25 1 1 1.5 1 1.25 1.25 1 1 1 1 1 1.25 1 1 1 1 1 1 1 1 1 0.5 1 1 1 1 1 1 1 0.75 1 0.75 1 1.25 1 1 1 1 
8 8 8.25 7.75 12.5 11.75 10 11 13 10.75 10.25 16.75 17.75 13.5 22.75 18.5 15.5 16.25 18 63.25 94 61.5 20.5 14 7.75 6.5 5.5 5.5 5.75 7.25 7.75 6.5 5.25 4.25 4 3.25 3 3.75 3 3 3 3 3 3 3 3 3 3.25 4.25 4 3.25 3 2.25 2.5 2.5 2.75 2.25 2 2.25 2 2.25 1.75 2 1 1.5 1.5 1.75 1 1 1.25 1.25 2 1.5 1 1 1.25 1.25 1 1.25 1 1 1.25 1 1 1 1 1 1 1 1 1 1 1 1 1.25 1.25 1 1 1 1 1 1.25 1 1.25 1 
9 8.75 9.25 8.5 10.75 11.25 10 8 8.5 8.5 8 14 16.75 11 10.75 14.5 15.75 18.25 21.25 44 72.25 26.75 11.5 17.75 9 6 5.75 6 5.75 6.75 8.25 8.25 6 5 4.75 4.5 4.75 4 3.5 3.75 3 3.5 3.25 3 3.25 3 4.75 5.75 7 6.75 9 8 3.25 3 2.75 2.75 2.25 2 2.25 2 2 1.75 2 1.75 1.75 1.5 1.5 1.25 1 1.75 1.25 2 1.75 1 1 1 1 1.25 1 1 1 1 1.25 1 0.75 1 1 1 1 1 1 1 1 1 1 1 1 1 1 1.5 1.25 1.25 1.25 1.5 2 
10.25 9.25 10.5 10 11.75 11 10.75 8.75 8.25 8 8 11 13.75 12.5 10.5 8.25 8 8.5 7.5 14.5 7.5 10.25 7 10.25 8.75 6.25 6 6 7 6.5 7.75 12.75 14.25 6.75 6.75 5.25 5.25 5.25 4.5 5 4.25 4.25 4.25 4 7 5.75 13.25 17 10.5 10 16 21.5 13.75 3.75 3 3 2.5 2.25 2.5 2.75 2 2 2 2 2 2 2 1.5 1.75 1.75 1.5 2 1.25 1 1.5 1.75 1.5 1.75 1.5 1 1 1 1 1 1 1 1 1 1 1 1 1 1 1 1 1.25 1.25 1 1 1 1 1 1.25 1.25 2 
12 12.75 12.5 12.25 11.5 9.75 10.25 10 9.75 8.75 8.5 8.5 9.5 9.25 8 7.5 8.25 14.25 8.75 7.5 6.5 6.75 6.75 8.75 8 7 8.25 9 10.5 9.25 9.75 18.75 27.75 21.75 35.75 17 9 6 5.25 5.25 5 6 11 26.75 26.75 9.75 12.5 10.75 11 8.75 15.25 13 31 10.25 3.5 3 3 2.75 2.75 3 2.5 2.25 2.5 2 2.5 2.25 2.75 2.25 1.75 1.25 1.25 2 1.5 1.5 1.75 1.5 2 1 1.25 1 1 1 1.25 1 1 1 1 1.25 1.25 1 1 1 1 1 1 1 1 1 1 1.5 1.25 1.25 1.5 1.75 1.5 
14 17 53.75 27.75 18.75 14.5 12.75 11.75 10.75 9.75 9.5 9.5 8.25 8 8 8 9.75 14.75 8.5 7.25 7.75 7 7.5 10.25 12.5 23.5 23.5 13.75 11.75 10 10 8.75 11.5 11.25 18.25 23.5 17.5 13 7.25 7 8 8.5 12.5 24.25 22.5 20.75 21 33 35.25 13.75 9.75 8.25 21 6.25 3.5 3.25 3 3 3 3 3 2.25 3 2.5 2.75 2.5 2 1.5 1.75 2 2 2 2 1.75 1.75 1.25 2 1.5 1 1 1 1 1 1 1 1 1.5 1 1.25 1 1.75 1 1 1 1.5 1 1 1.5 1 1.75 1.5 1.25 1.25 1.75 1.75 
16 25.5 156 134 64.25 26 17.75 15.5 13.25 12.25 11.25 10.5 10 9.25 8.75 9.75 12.75 10.25 9 8 8 11.75 23.5 42 43.5 35.25 28 11.5 9.25 9.75 9.25 7.75 7.5 7 8 8.75 10.25 16.25 22.25 23.25 23.5 21.5 19.5 16.5 16.75 17 25.75 36.75 33 14.5 7.75 4.75 2.75 4.25 3.25 3.25 3 3 3 3 3 3 3 2.75 3 2.75 3 2.75 2 3 2.25 2.5 2 2.25 2 1.75 1.75 1.75 2 2 1.5 1.75 1 1.5 1 1.25 1.75 1.5 1.25 1.25 1.5 1 1 1 1.5 1.25 1.5 1.5 1 2.25 2.25 2.25 1.75 2 2 
24.25 105.25 196.5 226 185 68.75 63.5 45.25 21 15.5 13.75 13 12 10.5 10.5 10.25 13.5 14 12.5 11.5 10.5 21.75 32 45.75 46.75 31 17.5 12.75 13.25 14.5 12 13.5 17.75 22.5 17 10.75 8 8.5 15.75 21.5 24.5 20.75 24.5 32.25 29.5 16 23.25 25.5 29.25 18.75 10 4.5 3.5 3.5 3 3 3 3.25 3 3 3 3 3 3 3 2.75 3 3 2.25 2.75 2.5 3 2.25 2 2.5 2 2.25 2.25 1.75 1.75 1.5 1.5 1.25 1.75 1.25 1.75 1.25 1.25 1 1.5 2 1.25 1.5 1.25 1.5 1.25 1.5 2 2 2 2.5 2.25 2.25 2.5 2.5 
90.5 201.25 222.5 228.5 225.5 220.25 206.25 169.25 62.75 19.25 16 14.5 13.5 12.75 11.75 12 12 12.75 13 14 17.25 28.25 29 32.25 40.5 44.5 50 39.25 29 23.25 20.75 27 36 42.25 31 26.75 15.25 11 16 23.25 20 14.5 14.25 21 24.25 19.5 26.25 26.75 24.75 15.25 9.5 5 3.75 3.75 3 3.5 3 3.25 3.5 3 3 3 3 3 3 3 3 3 2.5 2.75 2.75 3 2.5 2.25 2.75 3 2.5 3 2.5 2.25 2.25 2 1.25 2.25 1 1.75 1.75 1.5 1.5 1.75 2 2.25 2 2 2 2 2.25 1.75 2 2.25 2.75 2.75 2.25 3 2.25 
188 210.75 214.25 232.75 237.25 239.5 241.5 233.75 123.5 43.25 20 18.75 16 14 13.75 12.75 13 12.75 13 13.25 13.5 15 15.5 17.75 15.75 22.75 31 47 40 28.75 15.25 27.75 33.5 34.25 46.75 43.5 27.5 21.25 36 52.75 32.75 24.5 28.75 34.25 28.5 21.25 18.75 21 24 16.25 6 5 3.75 3.25 3.5 3.5 3 3.5 3 3 3.25 3.5 3.25 3 3.5 3 3 3 3 3 3 3 3 2.75 2.5 2.5 2.25 3 2.25 2 2.25 2.25 2 2.75 2 2.25 1.75 1.5 1.75 1.5 2.5 1.5 2.25 2 2.5 2.5 2.25 2 2.75 2.75 2.75 3 2.25 3 3 
240.5 232.75 235.75 240.75 240.75 241.5 230.75 227 219.5 139 103.75 31.75 25.75 19 16.75 16.75 15.25 14.25 15.5 16.25 16.5 19.25 20.75 18.75 16.75 17.25 17.5 24.75 31.5 35.25 32.25 22 29.75 19.75 31 34 42.5 39.25 52 64.75 46.25 32.75 30.5 20.75 17 14 10.75 9.75 11 7.5 5.75 5 5 4.75 4 4.25 3.75 4 3.5 3.5 3.5 3.75 4 3 3.75 3.5 3.75 3 3.25 3.75 3 3 3 2.75 3 3 2.5 3 3 2.75 3 2.25 2 2.25 2 3 2 2 2 2 2.25 2.25 2 2 2.75 2.5 2.25 2.25 3 2.75 2.5 3 3 3 3 
220.25 231.5 236.25 240 244 245 242 240.75 238.75 239 214 179.5 90.5 64.75 40 31.5 31.5 26 23.5 23.5 31 69.75 100.25 81.5 79.25 59.75 34 24.5 26.75 35.5 39.25 37.25 32.25 25.75 22 24.25 34 31.75 21.75 13 11.75 9 8.75 9.75 8.25 8.5 7.25 6 6 6 5.75 5.5 5 5 5 4.5 4 4.75 4 4 4 4.25 3.5 3.25 3.75 3.25 3.75 3 3.5 3.75 3 3.25 3 3 3 3 3 3 3 2.75 2.5 2.75 2.25 2.75 2 3 2.5 2.5 2.25 2.25 3 2.75 3 2.75 2.25 2.5 3 3 3 3 3 3 3 3 3 
220.5 233.25 239.5 247.5 250 254.25 251.75 249.75 241.25 240.75 243.5 235 238.25 208.75 182.75 144.5 170.5 180.25 137.25 127.5 111.5 195.5 222.5 211.5 202 195.75 147.5 112.25 68.75 43.25 37.25 56 53.75 35.25 27 21 16.75 12.5 13 11 8.75 8 7.5 7.25 7.5 6.75 6.5 6 6 6 6 5.25 5 5 5 5.25 4.75 4.75 4.5 4.75 4 4.25 4 4 4 4 4.75 3.5 3 3.75 3.75 4 3.5 3 3 3 3 3 3 2.25 3 3 2.75 2.75 2 3 2.5 2.25 2 2.5 2.75 2.5 2.75 3 3 2.75 3 3.25 3 3.5 3.25 3 3.75 3.75 4.25 
245.5 252.5 252.5 254.5 255 252 240.5 239.5 239 243.25 245.5 243 243.5 242.25 241.5 242.25 243.5 233.75 239 230.25 226.25 221.75 229.75 229.75 229.75 225.5 208 202.75 208.25 103.25 36 21.5 27 27.75 33.25 33 30.5 26.25 21 12.5 10.5 9 8.5 8.5 8 8 6.75 6.5 6.5 6 6.25 6 6 5.5 5.25 6 5 5 5 5 4.5 5 4.75 4.5 4.5 4.5 4.75 4 3.5 4 4 4 3 3 3 3 3.5 3.5 3 3 3 3 3 3 2.5 3 2.5 3 2.5 2.75 3 3 3 3 3 3 3 3 3.5 3.5 4 4 4.5 4.75 5 
255 252 251.75 245 243 225.5 228.5 236.75 241 247 246.25 244.75 245.5 245.5 240.5 237 229.25 234.25 233.25 234.75 232.25 222 227.25 235.5 235.25 225.25 218 216.75 200.75 174.25 65.75 37.5 21.75 17.5 18.5 20.25 21.5 21.75 18.5 23 14 11.25 11 9.25 8.5 8 8.25 7.5 7.5 7 6 6 5.75 5.75 5.75 6.25 5.75 5.75 5 5.25 5 5.5 5.5 5 5.25 5 5 4.5 3.75 4 3.75 4.5 3.5 4 4 3.5 3.5 3.75 3 3 3 3 3 3 2.75 3 2.5 3 3 3.25 3 3 3 3 3.5 3.25 3.25 3.5 4 4.5 5 5.25 5.5 9 6.75 
246 249 243.75 220.75 213.25 226.75 232.5 234 242 242.25 245 246 247.5 244.75 241.5 237.5 230.5 238.75 235.5 237.5 237.25 234.25 234.75 234.75 234 232.5 223.75 229.25 226 215.25 202.5 88.25 50.25 27.75 20.75 19 15 14.75 13.25 16.5 22 14.5 13.75 22.75 15.25 12.5 9.75 9.25 8.25 7.5 7.5 6.25 6.5 6.5 7 10.25 7.75 6.75 6 5.75 6.75 9.25 8.5 6 6 6.25 5.5 5.25 5 4.75 4.75 4.5 4.25 4.25 3.75 4.5 3.75 4.25 3 3.75 3 3 3.25 3 3 3 3 3 3 3.25 3.5 3 3.5 3.25 3.75 4 4 4 5 5 6 6.5 12.75 23.5 22.75 
241 241.75 236.75 233 245.5 248.75 254 251.25 246 245.25 246.75 245.75 246.75 247 243.5 251.25 250.75 241.25 236.75 244.5 241.5 241.5 238 234.25 240 236 237 236.5 234.75 234.25 234.5 222.75 173.75 102.75 50.25 27.25 21.75 18.25 17 15.75 19.5 27.5 35.5 42.75 31.5 28.75 19.25 25.25 21.75 17.25 15.5 14.25 13.25 11.75 10.25 11.25 10.5 9 7 7 9 19.75 35.75 28.75 13.25 8.25 7.75 6 5.75 6.25 5.25 5.25 4.75 5 5 4 4 5 4 3.75 3.25 3.5 3.25 3.5 3.25 3.75 3.5 3.5 3 3.75 3.75 4 4.25 4.5 5 4.5 5 5.25 5.75 6.5 8.5 16 53.25 72.25 93 
234.75 234.75 249.75 255 252 254.5 251.75 249.25 246 246 247.5 245.5 249.25 245.25 248.25 254.25 253 254 249.25 245 240.75 239.75 237 239.25 238 236.25 241.25 241.5 240.5 238 237 237 235 215.5 202.5 100.25 74.25 35 29.5 30.75 19.25 21.75 21 20.5 14.75 31.5 44.5 32.25 35.25 26.75 24 16.5 12.75 9.25 10.5 18.75 11.75 9.5 8 8 12.25 45 63.5 46.25 35 29.25 18 9.75 11.25 9.25 6.5 6 5.25 5.25 5.25 5 4.25 5 4.5 4.25 4.25 4 3.5 4 3.5 4 3.75 3.75 3.25 3.25 4.25 5 5 5 5.25 6.75 6.75 6.5 8 10.75 26 63 94.5 120.5 138.25 
247.25 252.25 255 249.75 241 249.5 251.25 239 243 244.75 245 249 241.5 238 245.5 242.25 253 255 253.75 243.75 242.25 236.25 236.5 246.25 234 245.5 246.5 243.5 232.75 240.5 242.75 241.25 240.75 239 232 235.75 207.75 170.5 194.5 120.25 132.5 47.25 34.75 25 16.5 15.75 29 19 16.25 14.25 11.25 10 8.5 8.25 12.5 43.25 32.25 21.75 12.25 9.75 15.75 39.5 44.75 34 45.75 82 77 31.5 15.25 11.75 10.5 7 6 6 5.75 5.5 5.5 5.5 4.75 4.75 4.5 4.25 4 4.75 4.25 5 4.5 4.5 4 4.5 4.75 5 5.5 5.75 7 21.5 14.5 9.75 17.25 59 81.25 101.25 104.25 118.75 138.75 
244.75 251.75 243.5 237 255 233 227 239.5 243.25 241.75 242.25 246.25 247.5 238.5 242.25 219.5 224.5 231.5 253.5 246.25 244.25 244.75 243.75 244.25 251.5 251.75 246.75 233.75 239.25 247 250 251.25 245.5 241.75 239.75 236.75 230.75 231.5 229 228.75 230 210.5 195.25 122 102 24.25 19.25 14.5 12 10.75 10.75 9.5 9.75 9.5 17.5 76 89 75.5 40 20.25 14.75 34.25 34.75 36 95.25 129.75 125 101.25 49 27.25 13.75 9.5 7.5 6 6 6 6 6 5.5 5 4.75 5 5 5.25 5 4.75 4.75 4.75 5 5.25 5.5 5.75 6 6.5 9.5 29 28 19.25 50.5 103.25 88.5 74.5 81 107.75 107 
230.5 246.25 245.25 255 240.75 234.25 253.25 249.25 246.5 244 242.25 224.75 221.25 230.5 244.75 247 249.75 244.25 236 251.5 254.5 247 243.5 245.25 248.5 235.25 232.75 234.5 249 253.5 247 238.25 237.75 249.5 242 232 212.25 221.25 229 233 227.25 229.75 229 228.75 212 143 46.5 21.75 16.25 12.5 12.5 10.75 10.5 11 16.75 72 100.75 76.75 34.25 24 21 22.25 22 47.75 124 136 137.75 132.75 128.5 59.5 24.25 13.5 10.5 8.25 7.25 6.75 6.75 6.75 6 5.75 6 5.25 5.25 6 7.25 7 5.25 5.75 7 7 9 9 11.25 12.75 12 31.5 33 35.75 61.25 90.5 84.25 87.75 108.25 114.5 109 
255 255 247.25 239.75 234 240.25 242.25 246.25 246.5 247.75 245.5 233 235.5 249.25 246.75 252 246.75 242 236.25 255 252.5 250.5 249.5 237 229 241.75 240.25 247.5 254 254.5 244.25 235.5 240.5 239.75 239 238 213.75 218.75 227.75 232.75 225 219 232.25 227.5 228.5 229.5 150 66.75 27.25 17.75 15 13 12.75 12 14.5 63.5 101.25 74.25 49.5 42.75 44.75 36.5 59.75 87.25 120.5 90 84 109 123.75 106.5 72.5 63.75 34.75 18.5 11.25 13 11.25 9.75 8.75 7 6.5 6.75 6.5 6 6.5 9 8 9 9.5 13.5 16.25 32.25 57.5 53 64 44.75 64.25 91 94.75 119.75 132.5 149.5 156.75 156.25 163.5 
243.5 239.5 240 223.5 217.75 231 239.25 244.75 247.25 245.25 245.5 245.5 252.75 247.5 254.5 255 230.5 224 245.5 230 228.25 243.25 253.75 251.25 254.5 243.75 245.25 248.5 242.25 242.25 235.25 237.5 242.5 235 244 244.25 240 231.5 226 227.25 228 231.25 233 234.5 229.25 230.75 225.25 181.5 80 35 20.25 16.75 13.5 13 14 26.75 61.75 70.5 61 55.25 70 110.5 117.25 138.5 82.25 42 32.5 43.5 57.5 64.5 68.25 89.25 96.5 55.5 36.5 46 50.25 49 19.25 11.25 8.5 6.75 6 5.75 5.75 6.5 8 9 13.5 20 38.25 80 85.5 84.25 82.25 92.25 115.5 120.75 119.75 115.75 118.5 152 168 167 164 
232.25 229.25 215.5 235.5 245.75 255 254.75 252.75 248.75 243.5 239.5 234.5 235.5 244.5 244 231 237.5 252 242 233.5 226.5 244.75 251.5 254 254.5 249 249.5 240.75 243 239.25 252 253 243.25 238.75 242.75 249 244.5 243.25 240.25 236.5 241.75 247.5 236 236.5 230.5 224.75 230.75 228 210.5 88.75 58 21.25 17.5 16 15 17.75 24.75 57.5 72.75 77 107.5 138.25 146.75 131 86.5 85.25 67.25 68.5 63.5 45.5 37.5 23.75 35 33.5 37.25 42.25 66.5 93.75 71 27.25 13.5 7.75 7 6.25 6 6 6 7 8 18.5 49.75 68.25 76.25 86.75 83.5 98 102.75 114.5 106 103.25 135.75 157.25 164.75 158 152 
235.25 234.75 250.5 255 241.75 239 247.25 254 253.5 250.5 237.25 239 239.5 236.75 239.75 247.25 247 233.75 246.75 244 251.25 252.75 226.25 229.5 233.5 245.5 245 233 236.75 234.75 251.25 246.25 243.75 248.5 253.5 249.25 246 244.25 244.5 241.75 237 242.5 246.25 245.75 236.75 227.5 226.75 234.75 231.25 225.75 137 87.5 33.25 21.25 19.5 17.5 19 27 73 118.75 120.75 139.25 134.75 126 137 142 136.25 123 101.5 93 63.5 43.75 20.75 14.75 15.75 16 50.25 82 105 82.75 27.25 11.25 8 6.5 6.75 6.25 6.5 7.5 7.5 13.5 33 39 62.25 89.5 101.75 104.5 109.25 111.5 108.5 117.25 143.5 159.5 152.5 142.5 147.5 
250.75 253.75 253.75 234.75 230.5 243 249.25 240.25 240.25 244.75 238.5 241.5 239.25 243.75 232.75 240.5 247.5 244.5 235.5 249.5 252.5 255 246.25 232.75 218.5 237.5 248.5 237.5 238.25 232 235.25 231 249.5 251.5 249.75 244.25 246 246.5 243.75 243 228.75 213.75 235 226.75 237.25 243.25 240 237.75 238.25 238.5 234.25 224.5 137.75 114 34.25 28 20.75 23.75 45 101.75 109 125 126.75 138.75 147 148.75 141.75 134.75 134.5 135 125 110 64.5 66.25 41.75 62.25 66.5 61.5 70.75 82.25 40.75 20 11 9 7.75 7.75 8.75 11.25 10 17.75 20 33.25 67 96 119.5 117.75 105.25 98 92 105.5 126.25 142.5 138.5 142 139.25 
243 243 221 236 244.25 242 232 231.5 229.5 209.5 229.75 239.25 237.75 237.5 253.25 255 254 248.5 238.75 246.75 249.5 250.75 251.75 246.25 247.5 250 254 251.25 249.25 254.25 239 234.5 241.75 237 236.75 230.75 248 243.5 237.75 240.5 239.75 232.25 238.5 241.25 243.75 246.5 242.25 241 241 240.75 240 239 240.75 219.75 193.5 143 75.75 53.25 37 52 78 96 95.75 117.5 121 125 132.25 137 132.5 117 120 133.25 119.75 102.5 99 78.25 74.75 73.5 71 50.5 23 17.5 17 13 12.75 11.75 11.75 10.5 9.75 10 12.75 21.25 50.25 91 99.25 106 92.75 77.5 71 97 107.75 104.25 132.5 120.25 92.75 
246 233.5 232.75 225.5 220.5 226.75 232.25 215 220.5 229.25 234.25 251.25 252.5 245.25 244 254 255 254.5 254.5 251 247.75 242.25 247.5 250.25 251.25 252.75 248 247.25 241.5 235.25 241.75 237 235.25 230.75 242.25 250 255 249 245 245 240.75 229.75 220.25 241.75 245.5 236.5 231.25 240.25 242 242.25 241.5 240.75 238.5 235 233.5 229.75 224.5 190.25 130.5 98 63.25 74.5 83 101.5 116.5 122.75 121.75 127 130.75 134.75 134.5 137.5 128.25 105 100.5 85.75 62.25 51.25 51.5 27.75 16.25 12.5 12 10.5 12.5 12 9.5 8.75 9 9.75 11.75 18 21.25 81.25 82.5 55.75 54.25 90.75 110.5 120.25 120 133.75 137.5 105.75 113.5 
241.25 239.5 232 247 236.25 222 223.75 234 241 240.25 242.75 252.75 253.25 242.5 223.25 224.75 241.5 238 238.25 255 252.75 239.75 232.25 233.75 233.25 246.75 248.25 243.75 242.25 235.25 233.75 242.25 236.5 230.75 229.5 245 246.75 245.75 235.25 235.5 236.75 233.5 219.25 216.25 212 206.75 218.75 239.25 243 243.5 242.5 238 229.25 213.75 222 230 237.25 234.25 231.75 222.5 178.25 144 85.5 81.25 91.5 85.25 88.25 92.75 88 113.5 109.5 124.25 122 116 112.75 109.75 112.25 95 96.75 61.25 38.75 19.75 13.25 12.25 10.25 10 9.5 9.25 11 12 16.75 15.5 32 66.5 121.5 113.75 113.25 108.25 100.5 104.25 109.25 130.5 115.5 126.25 156.5 
220.5 218 230 217 230.75 227.25 242.25 244.75 246 246 244.25 242 244.75 244 239 228.75 217.25 223 229.25 230 233 240.75 253.25 240.75 235.75 245.25 242.75 241.25 236.75 231 237 243.75 235.75 234.25 220.25 237 238 241.5 245.5 241.75 235.5 233.5 229.25 212.75 217 220 236.5 241.5 244.25 244.5 243 234.25 218.75 215.25 213.5 228 240.25 238.75 236 235 234 223.25 220.5 177 154.5 100.25 61.5 39.25 39 32.75 38.75 48.5 63.25 102.25 101.75 97.25 113.75 124.5 132 133.75 107.25 48.25 25.25 14.75 13.75 11.75 11.25 13 16.75 16.5 12.75 15 37 83 121.25 111.5 91.25 78.25 67 56 106.5 121.75 131.75 146.75 145.75 
244.25 235.75 237.75 243 244.25 245.75 242.25 240.25 245.75 252.25 254.75 247.5 239.75 253 251.75 243.5 244 243.5 239 242 248 255 255 255 246 245.25 247 248.25 248 238.5 239.75 240.25 238.25 233 230 228.5 216.25 226.25 242.5 244.25 239 233.25 237.25 239.75 237 239.75 243.5 243 244.75 244.5 244.5 233 221.25 219 217.5 217.75 228 237.5 240.5 239.75 238.25 234 232.25 231.75 230.5 217.75 208.5 149.75 148 82.75 69.75 53.75 71.75 94.25 95 89.75 97.25 115.75 125 135 137.5 107 42.25 27 17.75 17.5 23 28.5 50.25 19.75 14.5 35.25 78.75 117.75 109 93.25 79.75 55 45 69.25 101 122 143.5 136.75 131.75 
248 248.25 250.75 252.25 252.5 250.25 245.75 252 254.5 255 255 255 255 248.75 243.25 255 249.5 255 254.25 245.25 231.25 223 227 236.5 250.75 254 252.75 248.25 249.75 247.25 246.75 240.75 238.25 238 238 231.5 222.25 227 232.5 242.75 240.75 237 245.5 246 246.5 246.25 246 243.75 244.5 244 241.5 231.25 219 223.25 225 227.5 232.5 240.25 239.75 241 240.75 237 235.25 234.75 234.25 235 234.75 230.5 227.5 223.5 208.25 198 195.5 175 176.25 142.25 102.75 82.75 114.25 126.5 130 122 46.75 37.5 26.5 50 71.75 114 74.5 25.75 28.25 62.5 118.75 119.5 112 109.75 94.75 61.5 52 82.25 104 132 132.5 128.25 126.25 
253.5 254 250.5 245 236 238.25 246 248.25 253.25 255 255 251.75 252 252.75 249.25 255 255 246 245 249.75 244.75 233 233 232.25 248.25 251.5 245 247 253 250.5 244 245.5 245 245.75 245.75 244.5 241.5 237 221.5 226 242 244.5 243.5 244.75 246.75 246.25 246.75 244.75 245 244.25 243 227.5 225 228.25 234 231.25 229 231 231.25 240.75 241 237.25 236.25 236.5 236.75 237 236.5 234 235.5 233 232.75 230.5 229.75 225 233.5 234.5 214 165.25 107 131 132.75 106.25 50.5 38.5 38 68.75 114.75 90.75 40.5 36.75 53 115.5 125 130.5 117 123.5 87.75 72.5 73.75 86.5 93.5 109 96.25 103 92.75 
255 255 251.5 244.25 228.75 237.25 235 225.75 217 233.75 240.5 251 251.75 254.5 251.5 240.5 238.5 240.25 238 245 249.25 254.5 246.75 244.75 242.25 246.5 245.5 241 251 254.5 235.75 238.75 244.5 246.5 247 246.25 244.5 243 240.5 232.5 238.25 241.5 243.75 243 242.25 246.25 247.25 244.5 244.25 244 241.5 234 222.75 223.25 232 239 239.5 238.75 240.25 240 235.5 235.75 236.75 237.5 238.75 240.25 239 238.5 237.75 227.75 226.25 227.25 211.75 199.25 227.25 232.5 230.25 226.5 206.25 140.25 142.25 124 90.25 93.75 76.75 117.25 91 80.75 115.75 111.5 124.25 124.25 147.25 121.75 100.75 93 93.5 82.5 77.5 78.5 86.75 84.5 80.75 82.75 66.75 
255 255 255 255 254.75 247.5 245.5 236.75 225.5 236.25 231.25 243 214.25 226.75 241.25 238.5 239.75 255 231.5 232.75 251 254 255 255 255 254 254 241.25 217.75 216 230 240 244.75 245 246 246.75 246 245.25 243.75 242.25 244.75 246.25 248.25 238.75 235.25 243.5 246.5 246.75 244.5 244.5 242.75 236.25 226.5 229.75 238 241 240.25 237.25 231.5 232.75 235.5 237.5 237 240.25 242.25 242.75 241.25 241.5 233.5 225.5 223.25 229.25 216.5 206 219.25 229.25 230 235 235.5 196.5 140.75 109.75 110.5 130 122.5 101 121.75 160 159.25 129.25 138 150.5 147 130 95.25 78.5 80 59.25 58.25 49.5 80.25 90.25 74 82 71 
224.75 242.5 250 248 251.25 251.75 243 248 252.5 243.5 242.75 240 242.5 250 232.75 232.25 235.5 247.25 251.5 251 251.25 242 249.75 242.5 250 254 255 253.25 249 245 244.75 249.75 250.25 250 249.75 248.5 246.5 245.25 245 246.5 247.5 248.5 248.75 245.5 233 239.5 244.75 246.75 246 244.25 242.75 233.5 214.5 218 227 231.75 233.25 238 236.5 240.5 241.5 238.25 237.5 240 243 242.5 241.5 241.5 238.5 227.5 222.5 229.5 214 207.75 217.75 228.75 233.5 227 230.75 232.75 192.25 118.5 101.75 129.25 137.25 146 163 145.5 127.5 135.5 154 159.25 132.75 107 92.75 81 71 58.25 50.75 62 70.75 63.75 63.75 83.75 65.75 
237.75 232.75 224.25 224.25 220.5 233.75 240.5 244.5 247 250.5 247 233.25 239 240.5 244.75 251.25 242 246 253.25 250.75 236.75 246.75 247.25 244.25 236.25 219.5 231.25 239 243 248.5 254.25 254 254.5 254 253.25 250.5 248 247.25 247.5 249 249.5 249.75 249.5 247.25 239 239.5 244 246 246.75 245 244.25 241 220 219.75 226.25 230.25 234 235.5 232.75 237.25 232 233.75 241 242.25 242.75 240.75 242 241.25 227.75 224 221.25 231.25 224 204.5 215.25 229 234.75 231.5 231.5 233 232.25 204.75 147.25 106.5 128.75 148 146 137.75 138.25 149.25 153.25 161.75 112.75 88.5 75.75 81 74.5 65 56.5 52.75 47.75 51.75 72 72.75 62.75 
252 242.5 240.25 232.5 231.5 237.5 243.5 225.75 227 229 246.5 227.5 238 232 227.5 238 235 238.5 246 254 253.5 253 243.25 233 235.75 245.75 243 255 252.25 250.5 253.75 255 255 254.75 255 255 252 249.5 250.25 253 252 252.25 251.75 249.5 245 235.5 242.25 245.75 247 245.5 244.5 243.5 239 223.25 232.5 234.25 232.75 228.75 234 225 225.75 236.25 237.5 238.5 240.5 242 242.5 240.25 223 219.75 227.25 221.25 221.25 220.75 230.25 236 228.5 232.5 229.25 232.25 235.25 234.5 219.5 179.25 118.25 99 112 128 146.25 150.25 152 144.25 91.25 49.75 58.75 66.25 55.25 50.5 51 55.75 59.5 74.75 91.75 96.25 107 
231.25 248 251.75 254.25 255 253.5 250.75 235.75 238 225.25 224 237 254 245.75 232.5 245.25 242.25 225.25 251.5 250 241.75 254.75 243.5 248.5 255 248.75 235.75 237.5 233.75 254 255 255 255 255 255 239 239.25 246.5 250.75 255 255 254.25 254 252.25 250.25 241.5 234 243.25 245.75 246 246.5 246 244.5 243.5 241 239.75 239.5 233.25 226.5 220 235 238.75 237.75 244 246.75 246.75 244.25 238.75 230.25 227.5 230.5 225.75 225.75 233.5 236.75 236.75 227.5 219 223.5 233.25 236 236.25 236.75 234 231.5 191.5 146.75 104.5 99.5 102.5 92.75 77.5 35.5 23.25 34.75 50 54.25 52.25 58.75 63 75 87.75 120.75 130 128.75 
245.25 254.5 249.75 240 240 249.5 247.5 245.5 232 232.25 249.25 245 228.75 229 255 255 250.5 249.75 238.75 237.5 248.5 240.25 239 254 239 238 242.25 238 239.75 243.5 242.5 232.75 223.5 239.25 224.75 229 228.75 243.25 248.5 247.75 241.5 246.75 248.25 245.5 247 249.75 236.5 234.5 246.5 246.75 245.75 246.25 245.75 245.5 235 216.5 227.25 225.75 229.5 236.25 244.25 245 247.5 247 248.75 245.75 244 242.75 240.25 239.5 230.25 229.75 233.75 236.5 242.5 242.5 237.75 235 234.5 238 239.25 238.5 234.75 234.5 233.5 233 229.5 225.25 178.25 134.5 77.25 36.75 23.25 19.5 19.75 23 51 64 76.25 82.75 87 100.5 109.75 107.25 48.75 
251.25 228 234.5 240.5 238 240.5 249.5 246 238.75 228.25 229 240 233.25 246.25 248.5 238.75 250.75 253.75 249 253.25 251.25 231 238 255 250.25 230 242.75 253.75 249.25 246.75 238.75 247.25 232.5 223.25 233.75 233 231.5 246.5 248.75 239 231.75 238.75 245 242 238.25 243.75 245.5 229.25 235.75 246.5 245 245.75 246 246.25 240.75 225.75 225 225.75 229.5 237.25 242.5 248.5 249.25 249 248.25 241.5 236.75 244.5 239.5 242.75 236 239 239.5 244.5 243.75 242.5 240.5 241 242 241.5 241.75 241.75 238.75 236 234.5 235.5 235.75 236 237.5 234.75 198.75 193.25 97 82.5 33.5 23.25 19.75 30.75 34 36.75 38.75 23.25 44.75 23.75 19.75 
255 255 242.5 233.5 239.25 253 251 247 243.75 242.25 238.25 241.25 250.25 249.25 252 245.5 238.75 246 250 237.75 224.25 245 255 244 242.25 238.25 226 222.25 238.75 248 236.75 246 246.75 232.5 226 230.75 235.5 239 226.75 228 232.75 240.25 231.25 228.75 234.75 248.75 249.5 233.25 242 243.75 246.25 246.75 246.5 246 243.75 243.75 242 243.5 245.5 246 250.5 250.5 251 249.25 242.25 234 238.25 244.75 239.75 243.75 241.75 241.75 245.25 250 251.5 248 244.75 246.25 244.5 243.5 247 245.25 242.75 239.75 239.25 239.25 237.75 239.25 236.5 236 235.5 235.25 231 207.25 164.25 120.25 62.75 67.5 32.75 29.5 24 20.75 26 20.5 22.25 
242.25 235.5 240 245 247.75 239.75 246.75 248.5 243 239.25 237.5 243 233.75 233.75 238.75 249.75 245.75 242.5 248.75 238.5 240.25 255 247 230.75 233.75 233.5 230.5 228 240.75 232.25 222.25 223.5 232.5 246.75 249.75 251.25 251.5 248 239.25 246.25 247.75 245.75 236.75 236.75 235.5 239.75 244.5 242.5 245.75 246 245.25 246 246 248.25 246.75 247 248.5 249.75 252.5 253.75 254.25 253.75 252.75 250.75 245.5 240 244.75 246.5 243.75 242 242.25 243.25 249.25 254.75 255 248 246.5 250.5 248 247.5 239.75 245 242.5 241.5 239 238.5 239 240.25 238.75 238.5 238 236 235.25 234.75 234 228.5 220 184.25 173.75 145 138 129 114 120.25 111.25 
240.25 234 250 241 231 235.75 240.5 247.25 251.5 248 246.25 250.25 241 233 235 242.5 247.5 249.5 254.5 255 255 255 246.25 255 254.75 250.5 254.25 255 253.25 248.25 239.5 250 247.25 252 253.5 255 255 255 249 247 244.5 240.25 238.75 225.5 225.5 231.5 234.75 246.25 248.5 248.5 250.25 251.5 248 246.75 247.75 248.5 249.5 249.75 242.25 244.75 252 255 254 250.75 247 247.75 245.75 247.25 244.5 241.5 243.75 237.5 244.25 244.5 254 240 244.25 252 248.75 247.75 251.25 246.5 242 240.25 239 241 241.25 241.25 241.25 241.25 239.75 238.5 237.25 236.5 231.75 233.5 235 230.75 231.5 234 230.25 226.5 227.25 229.5 231.5 
206.75 222.75 213.75 229.75 239.75 247 247.25 252.5 254 255 255 254 247.25 236.25 239 236 239.75 247.25 243.75 248.75 238.5 237.25 242.5 232.75 229 242.5 243 245 253.25 252 255 255 252.5 254.5 254.5 250.5 232.25 228.25 219 215.75 223.75 232.5 234.75 227.25 229.5 220.75 237.5 247.75 249.75 251.25 249.25 251 252.5 248.75 246 247.25 247.5 239.75 219.75 219.5 233.5 255 255 254.5 250.75 247.75 248 250.5 242.25 242.25 247.5 238.75 230 243.25 240.25 218.75 246.25 253 253 248.25 242.25 242.25 240.5 243.25 243 244 242.25 243.25 242.25 241.5 241.5 239 238.75 228.25 226 228 235.25 235.75 235.25 234.25 235.5 235.5 234.75 235.25 234.5 
225.5 239 238.5 241 241.75 244.75 249.75 254.5 255 254.5 252.75 252.5 253.25 247 247.75 240.25 243.5 248.5 249.75 252.5 240.5 232.75 226.75 223.25 242.5 255 252.75 248.5 248 252.75 241.75 240.5 254.5 249.25 239 238.75 236 232.25 240.25 251.25 253.25 253.75 249.5 247.5 244 232 245 251.75 253.25 254 254 254.5 253.5 253.25 244.25 246 246.25 226.5 214.25 210.5 216 231 243.25 248 248.5 249 253.25 249.25 241.5 239.75 244.25 252 236.75 234 234.5 231 236.75 251 242.75 247.5 237.25 232 240.25 248.75 249.25 245.5 245.25 244.25 243.5 243 241.75 240.75 240.5 239.5 239.75 233.5 231.75 231 233 236.25 238 239 237.5 238.5 237 
255 255 255 255 253.75 254.25 252.25 251 246.5 252.5 254 252.5 251.75 251.5 250 250 250.25 251 253.5 254.75 255 246.75 231.25 251.75 255 255 253.25 242.75 243 249 241.5 239 245.75 252.25 253.25 246.5 240.25 246.5 252.25 254.75 254.25 255 253 249.75 246.75 242 251.5 255 255 255 255 255 253.25 248 246.75 246 244.75 233 210.25 212.5 225.75 229.5 235.75 251 245.5 242.5 248.5 253.5 247.25 233.25 224 239.75 254.75 249 224 231.75 219.25 224.25 251.25 244 232.5 232.5 247.25 250.5 246.5 246 247 245.75 243.75 243 243.5 241.5 242 240.75 240.75 236 234 235.25 236.5 238 239.5 239 239.5 239 238.5 
255 255 255 254.75 250.75 255 255 253.75 244.25 242.25 243.75 255 255 255 254.25 254.75 252.75 252.75 255 250 242.25 249.25 255 241.25 232 234.5 243.25 253.5 237.25 241.25 251.5 249.5 245.5 243.25 254.75 233 246.5 255 249.5 247.25 240.5 248 243.25 247.25 241 244.25 252.75 254.25 255 254.5 254.5 255 252.75 250.5 250 246.5 244.5 238.5 219.75 208.75 207 208.5 230 235.25 235.75 229.5 242.5 255 248 238.75 226.5 221.75 245.5 255 242.5 241.75 237.5 241.75 233.5 226.25 234 248 251.75 244 241.5 219.5 237.75 245.25 245.75 245.25 244 243.75 243.5 241.75 241.75 240.25 241 240.5 237.5 240 241 240.25 240.25 240.25 239 
254 242.75 238.5 232 245.75 247.25 252.75 255 255 244.25 240.5 245.5 254 255 254.25 252.5 251.5 253.25 250 248.5 244.75 244 245 242.75 240.5 237 250 252.5 255 252.75 234.75 236.25 232.75 220.5 228.5 235.5 254 254 246.5 245 234 222.25 242.5 247.25 241 240.75 237.75 253.5 243.25 243.75 254 242.75 250.25 250.25 250.75 250.5 244 236 217.75 215.75 223.5 231 235 227.5 239.5 240 228.75 229.25 237.5 239.75 229.5 242.75 239.5 233.25 250.25 235.25 242 228.75 212.75 225.5 246.25 252.75 242.5 253.75 243.5 235.5 242.75 245 245.75 245 241 240.75 243.75 245 243.75 247.75 252.25 246.25 241.5 240.75 241.75 241.5 240.75 240.75 240.75 
237 223.5 236.25 249.75 255 248 249.75 250.75 254.75 255 246.75 245 250.25 255 255 253.75 252.5 252.5 251.5 250.5 246 246 240.25 248 245.25 241.25 246 252.25 248.25 243.75 241.25 233.5 239.5 234.5 239 255 254 245.25 239.5 237 238.25 248 247 240.75 244.25 230.25 210.75 204.5 211.75 220 217.5 241.75 239 246.75 253.25 255 250.75 241.25 222 210.5 200 215.5 220.25 236 245.5 247 231.5 235 238 236.5 232.5 210 219 236.75 226.75 220.5 242 221.25 233.75 238.5 255 254.25 255 240.75 230 239.75 245.5 246 245.25 245.5 244.5 243.5 244.25 244 238.75 247.25 251.5 240.5 242.5 242 242 241.75 241.75 241 240.75 
246.75 255 255 249 237.25 243.75 254 255 254.75 255 254 245 242 247.25 253 254.5 255 254 252.25 248.25 248.25 247.75 250.75 252 249.25 248 234.25 235.5 240.5 236.5 243.25 250.5 250.75 250 250 254.5 243.75 236 245.5 236.75 236 240.5 247.25 246.75 244.75 242.75 249 249.75 239.25 237 230.75 230.75 230.75 238.75 231.75 246.25 247.75 246 242.75 242 223.75 213.75 221.25 233.25 223.5 229.75 247.5 243.5 241.25 240.75 236.75 236.75 238.25 232.5 229.75 238.25 237.5 234.25 242.5 254 255 251.75 239.25 224 237.75 242 245.75 245.75 245.5 245.5 245.5 243.5 243.75 239 237.75 226 217.5 229 240.75 242 243 242 241.25 241.5 241.5 
243.25 250.25 243 228.25 226.5 247.25 254 245.75 246.5 254.75 251 250 241.75 228 232.25 247.75 254 255 252 253.75 255 253.5 255 254.5 252.75 244.25 235.5 222.5 224 226.5 245.5 251 252.5 244 249.75 246.5 240.25 255 253.25 249.25 255 255 235 237.25 230.75 235.25 232.5 245.5 244.5 252.75 243 247.75 244.25 233.75 232.5 220 223 233 233 250.75 246.25 240.75 228 216.5 230.75 254.5 252.75 244.5 247.25 246.5 241 237.25 218 237 250 253.75 237.25 235.5 224.75 243.75 248.25 245.75 227.75 235.25 242.75 245.75 246.5 248.25 250.5 251.75 249.5 244.5 241.5 233.5 235.5 245.5 248 243.75 242.5 242.75 242.5 242.5 242 240.5 239 
227.75 244.25 246.75 249 255 250.5 250.5 255 252.25 254.75 250.5 248.75 250.5 245.5 242.75 243.25 245 243.25 247.75 245.5 254 255 254 254.5 250.25 253.25 235.75 240.75 226.75 238 250.75 237.5 238 231.25 222.25 237 252.5 239.5 243.75 252.5 234.5 242.25 239.75 221.5 216.5 230 233.25 234.75 240.75 242.75 243.25 252.25 240.5 234 236 245 247.25 230.5 222.5 223.75 233.75 247.25 234 229.75 244.75 239.25 244 246.25 231 227.25 227 247 248 240.5 232.5 241.5 248.75 242.25 252 230.5 247 249 251.25 244.25 245.5 246.5 248.25 253.25 250.5 249.25 251 246.25 241.25 227.25 238 242 232.5 239.75 243.25 243.75 243.25 242.5 242 241 222.25 
245.25 227 234.5 233.75 242.5 239.25 236.25 241.75 236.5 245 242.5 251.25 254.25 255 254 251.75 248.5 242.25 247.5 240.75 243.75 246.5 252 253 243.25 243.25 246.25 237.5 239.5 244 235.5 242.5 242.5 248.5 255 237.75 241.25 241.75 246.5 255 243.75 235 235.25 227.75 227.25 238.25 248.5 235 239.25 229.5 245.75 253 249.25 245.75 251 250 231 216.5 220.5 210.5 214.5 236.5 235 237.5 224.75 217.25 226.75 243.75 252.25 255 242.75 249.5 254.75 230 239.5 253.75 255 228 190.25 202 225.25 230.5 224.25 235.75 243.75 244.25 234 225.25 242.75 239.25 240.75 243.25 241 248.75 250.25 254.75 252.5 247.75 244.25 245.25 243.75 242 242 235.75 215.75 
255 252.5 239.25 228.75 226 217.5 220.25 223.25 236 247.5 255 255 255 255 255 253.25 251.75 252 250 251.25 245.25 240.5 243.5 243 245.75 236 241 249 246.25 251 237 244.75 234.75 243 251.5 247 222.75 239.25 242.25 230.25 243.75 245.75 238.25 229 237.5 227.75 231.75 242.25 242.5 240.75 247 243.5 253 254.5 252.25 253.75 251.75 247.25 240.5 230.25 233.75 253 236 217 222.75 220.5 230.5 241.75 246.5 248.75 254.25 234.25 219.75 238.25 234.5 240 239.5 221 228.5 234.5 234.25 223.25 209 233 239.75 243.75 244.75 239.5 230.25 224.25 218 238.25 239.5 241 239 224.5 243 242.25 243 247.5 253 244.25 243 237.75 214.75 
255 245.75 245.25 253 255 255 255 252.5 254.25 255 254.5 247.5 246.25 255 252.25 248.75 252.25 250 238.75 235.5 248.25 251.25 248 241.5 246 243.25 232.5 235.5 249.5 240.75 234.5 217.5 224 238 224.25 228.25 244.5 247.75 242 229.25 229.25 235.75 236.25 236.75 241 229.5 221.5 226 248 249 239 236.5 238.75 240 240 247.75 248.75 243.75 227.25 222 230.5 222.75 230.25 225.5 236.5 223.75 212.75 218.25 225 230.25 255 255 248 227 229 228 240.25 254 254 255 248.75 227 229.25 239.75 242.25 248.75 244.5 248 237.5 249.5 245.75 249 238.25 236.25 240.75 229.25 226.5 239.5 243.75 241.5 240.25 237.25 242.75 240 241.25 
242.5 248.25 255 249.5 250 255 248.5 254.25 244.5 254 243 248 232.5 233.75 240.25 243 245 251.75 248.75 241 238.25 229.75 249.5 248.25 245.5 241.5 248 233.5 246 248.25 232.75 230.25 232.75 220.5 227.25 222.75 225.25 243.75 234.25 233.25 228 223.25 236 247.75 237.75 234 238 235.5 242.25 245.25 235.25 235.5 226.25 234.75 233 227.25 215.25 217.5 219.5 223.75 225.25 216.25 215 244.75 252 246.5 253.25 245.75 232.25 223.5 243.5 246.25 253 245.75 252.25 243.75 253 243.75 229 230 246.75 252.25 246.25 245.75 243.5 235.75 240.75 254.5 251.5 252.25 251.75 245.5 242 249.75 252 246.5 237.25 242.5 245.75 251 231.75 234.5 241.75 241.75 244.75 
235.25 238.25 235.5 250.5 251.5 229 238 239.5 242 229.75 241.25 231.75 246.75 249 232.25 231 240.25 247.25 252 249.25 247 233.25 225 227.75 232.25 241.25 234.5 248.5 244.25 245.25 247 234.25 234.75 227.5 224.25 225.25 245.25 249.25 229 225.75 221 239.5 247.75 248.75 236 233 227 248.75 249.5 249 233.5 227.25 242 231 228.75 228.25 217.25 220.5 222 239.25 233.25 246.25 253.25 252.5 249 240 235.75 243.25 249.5 234 220.25 230 218 225.25 232.5 251.5 235.75 237 233 213.5 222.5 228 244.5 246.25 239.5 223.25 233 247.25 237.75 240.75 232.5 230.5 247.75 237.5 226 236.25 245.5 246 230.5 219.25 227 238.5 242.25 242.75 252.5 
245 241.75 240.75 235.75 233.25 234.25 246 236 247.75 241.5 231.5 230 227.5 231.75 242.25 239.25 248 249 249.75 248.75 250.5 251 234 220.25 224.75 240.75 240.5 233.75 239.25 249.5 254.75 251.75 243.75 240.5 225.75 235.5 244.25 247.75 248.25 244 248.25 245.75 245.75 250.5 244.25 242 247 241.5 229 232.75 240.5 242.25 240.75 234 232.75 241.75 250 246.25 247.5 251.75 250 251.25 251 237 235.75 232.5 237.25 238.25 231 241.25 206 231.5 234.75 244.25 232 207.75 229.25 235.75 237.25 236.75 232.25 233.25 244.5 252.25 255 233.5 232.75 236.75 250.75 233 228 253 255 242.5 255 250.75 248 251.75 251.5 247.75 240 242.75 243.75 236.5 237 
248.5 240.75 247.25 234.5 228.25 246.75 254 237.75 240.75 246.75 245.5 235.25 233.5 235.5 241.75 251.75 254.5 255 254.5 252 253 253.25 252.5 250 243.25 240 244.25 243.5 241 239 232.75 242.75 247.75 253.25 247.25 242 236 226 234.25 245.75 236.25 248 253.5 250.5 243 235.75 228.5 218 208.5 216 232.5 238.25 229 229.25 234.25 245.25 245.5 246 251.5 249.75 240 234.5 228.25 230.75 228 242 247.75 251.5 255 245 242.75 223 221 221.25 216.5 242.75 248 239.5 231 236.75 212.75 218.25 243.25 252.25 255 254.5 225.75 240.25 245.75 242.75 253.5 255 250.25 255 255 231.25 248.75 251 240.25 250.75 244.5 244 230.75 216.75 221.75 
231.5 242.5 234.75 247 249.5 234.25 237.5 241.75 229.75 229 227.5 241.5 244.75 247 255 255 253.25 253.25 254.5 255 255 254.75 253.75 254 254.25 253.5 255 255 255 246.25 233.25 227.25 227.25 228 251.25 255 247.5 229.25 217 220 228 246.75 246 234.25 242.25 225 211.75 217.5 227 239.25 241.75 237 227 222.75 238.75 248.5 245.75 252 255 253.75 243.5 234.25 235.75 242.75 255 244.5 229.25 233.75 247.5 250.75 251.5 233.25 232.5 243 248.5 239 229.25 208.25 227.75 210.25 213.5 231.5 253 253.25 242.25 239.75 246 244 236 250 249.75 231.5 221.25 253.25 231.5 234 242.75 253 251 245 242 242.75 213.75 206.75 234.75 
231.5 240.75 247.5 232.25 246.75 242 230.75 239.5 239.25 227 237.75 245.75 251 254.75 255 246 247.5 245.5 249.5 251.5 253 253 255 255 255 253 253 255 255 255 248.25 242.25 216 220.25 213.5 238.5 244.75 251 247.5 245.75 244.25 246 231 230 240.25 248 254 254 255 254.25 251 245.25 238.5 241.75 250.5 255 254.5 252.25 248 248.5 247.5 237.75 239.75 248.75 238 243.75 245.75 243.75 222 221.25 233.25 246.5 252.75 246.75 225.25 202.5 192.25 198.5 213.5 234.75 242.75 253.5 253.25 254.5 242.25 237.75 240 220.25 226.5 244.5 254.75 244.75 240 250.5 228.75 245.75 246 243.5 235.5 250.5 237 239.5 227.25 235.5 243.5 
247.5 245.25 239 236.75 233.75 239.5 233.5 248.25 253.75 255 255 255 255 250.25 247 248.5 250 250 249 242.5 251.5 249 252.25 254.25 252.75 251 236.25 248.25 247.25 240.5 247.5 255 255 247.75 228 229 231.75 237.25 223.25 231.25 236.5 252.25 246.75 245.25 249.25 239.25 242.75 239.75 243.25 249.5 247.5 249 243 247 246.5 233.25 240 250.5 246.25 232.5 232.5 236.25 240.5 233.5 216 224.5 227.25 215 209.25 213.5 231.25 252.25 254.5 251.25 234 219 212.25 232 240.75 252 255 248.5 232.25 228.25 255 251.5 254.75 247 245.5 249.75 250 251.75 239.25 234.25 243.5 251 244.75 225.5 226 216.75 225.75 230.75 239.75 246.25 233.5 
