0 1 0 1 -1 -1 1 0 -1 -2 0 0 1 0 0 1 0 -2 0 2 -1 1 0 0 0 -1 2 0 0 1 0 0 -1 0 -1 0 -1 0 0 -1 1 2 0 1 1 -1 1 0 0 2 -1 1 0 -1 3 -1 2 0 0 1 0 0 0 1 0 1 1 0 0 -1 0 1 2 0 -1 1 0 0 -1 0 0 0 0 0 0 0 1 0 0 1 0 0 1 0 0 1 1 0 0 0 0 0 2 0 -1 
0 0 0 0 -1 0 1 0 2 -1 1 0 0 0 0 0 -1 -2 0 1 -1 1 0 1 0 -1 0 -3 1 0 0 0 -1 1 1 0 0 1 0 0 -1 0 -1 1 0 -1 1 -1 1 2 -1 0 0 0 3 -2 0 0 0 0 1 -1 0 0 -1 0 1 0 0 -2 1 0 1 0 -2 0 -1 0 0 0 0 0 1 0 0 0 0 0 0 0 0 0 1 0 0 -1 -2 0 0 0 0 1 0 0 -1 
-1 0 0 1 1 0 0 0 2 -2 0 -2 1 0 1 0 0 -1 1 1 1 0 0 1 1 0 1 -1 1 0 0 0 -1 2 0 0 0 0 1 0 -1 1 -1 0 0 -1 1 0 -2 1 -1 -1 0 0 0 -1 3 1 0 -1 1 0 0 0 0 0 1 -1 0 0 2 -1 1 0 0 2 0 1 -1 0 -1 0 1 -1 0 0 1 0 0 0 0 -1 0 0 1 1 -1 0 -1 0 0 0 1 0 0 
0 0 0 -1 -1 0 1 0 1 -3 0 0 1 0 0 0 0 -2 -1 1 0 0 -1 1 -1 -1 0 -1 0 1 0 0 -1 0 0 1 -1 1 0 -1 -1 0 -1 0 1 -1 0 0 0 2 -1 1 -1 0 1 -1 2 0 0 0 0 0 0 0 -2 0 2 0 0 -1 1 -1 0 1 0 0 0 0 -1 0 -1 0 1 0 1 0 -1 0 0 -1 0 0 0 0 1 1 -1 0 0 -2 0 -1 0 1 -1 
1 -2 0 0 0 0 0 0 1 0 2 -1 1 -1 0 -1 0 -2 0 1 -2 0 -1 1 0 -1 0 0 0 0 0 0 0 1 0 0 0 -1 -1 0 0 0 0 0 1 -3 1 0 -1 0 -2 1 1 0 1 0 0 -1 0 0 0 0 0 0 0 1 0 -2 0 -2 2 0 -1 0 1 0 0 1 0 0 0 -1 1 -1 0 1 0 1 0 1 0 0 0 -1 0 1 0 0 0 1 0 -1 1 1 -1 
-1 0 0 0 0 0 1 0 0 -2 2 -1 1 0 1 0 0 -3 0 1 0 0 -2 1 -2 -1 1 0 1 0 0 0 -1 0 0 0 0 1 0 1 0 1 0 0 1 0 1 0 -1 2 0 -1 0 -1 0 -1 0 0 0 0 0 0 -1 0 -2 1 1 -1 0 -1 1 1 -1 1 1 -1 0 0 0 1 1 1 -1 0 0 0 -1 0 0 0 1 1 0 0 0 1 -1 0 -1 0 0 1 0 0 -1 
-2 2 0 0 1 0 0 1 1 0 1 0 0 -1 1 0 1 -2 0 0 0 0 -1 1 -1 0 0 0 0 0 -1 0 -1 1 0 0 0 0 1 0 -1 0 -1 0 0 -2 0 0 0 1 -2 0 -1 0 0 -1 0 -1 0 0 0 0 0 -1 -2 2 1 -1 0 -1 1 1 0 1 0 0 0 0 0 1 0 0 0 0 0 0 -1 -1 0 0 0 0 0 1 0 0 -1 0 0 -1 1 1 2 1 -1 
-1 -2 -1 0 2 0 0 0 0 -1 0 -2 0 -2 1 0 2 -1 0 0 0 1 -1 2 0 0 1 0 0 0 0 0 0 1 0 0 0 1 1 0 0 0 0 0 0 1 1 0 0 1 0 0 0 1 1 0 1 -1 1 0 1 0 -1 0 1 1 -1 0 0 -1 1 0 1 0 0 0 1 0 1 -1 -1 1 0 -1 0 -1 0 0 1 0 1 0 1 0 -1 0 0 0 -1 -1 0 1 2 0 0 
0 -3 0 0 2 0 0 -1 0 0 1 0 0 -1 1 -1 0 -3 -1 1 0 -1 0 1 -1 0 1 0 0 1 0 1 -1 1 0 0 0 0 -1 0 0 0 0 0 1 -1 0 -1 0 3 0 0 -1 0 1 0 1 -1 0 0 0 0 0 1 -2 1 1 1 0 0 1 0 -1 0 0 1 -1 0 1 0 -2 1 -1 0 1 1 0 0 1 -2 1 -1 1 -1 0 1 -1 0 1 -2 2 1 1 0 0 
0 -1 1 0 1 0 -1 0 0 0 0 -2 1 -1 2 1 2 0 0 1 0 0 0 1 0 0 1 0 1 1 -1 -1 -1 1 0 -1 0 0 -1 0 0 0 0 0 1 0 0 0 -1 1 0 0 0 1 1 -1 -1 -1 1 0 0 0 0 0 -2 2 1 -1 0 -1 1 1 0 0 0 0 0 0 0 -1 0 1 1 0 0 1 0 1 2 -1 1 0 0 1 0 1 -1 0 0 -1 -1 1 1 0 0 
0 2 4 4 0 1 0 1 0 -2 1 -1 1 -1 2 0 2 -2 0 1 0 1 0 2 -2 0 2 0 0 0 1 0 0 1 0 0 0 1 0 0 0 1 0 0 2 0 0 0 0 0 0 1 0 1 1 -1 2 0 0 0 0 -1 0 0 -1 1 1 0 1 -1 1 -1 1 1 0 -1 1 -1 1 0 1 1 0 -2 1 1 0 0 1 -1 1 0 1 0 0 0 0 0 -1 -1 0 -1 1 0 0 
9 4 5 1 6 3 2 1 -1 1 1 -1 1 0 0 -1 1 0 0 0 1 1 0 1 -1 0 1 -1 1 1 -1 0 0 0 0 0 0 1 0 0 -1 0 0 -1 1 0 0 -1 -1 1 0 0 0 0 0 0 1 -2 0 0 1 0 -1 1 -2 1 0 -1 -1 0 2 -1 -2 1 0 -1 0 0 -2 0 -1 0 1 0 1 1 0 0 0 -1 0 0 1 0 0 0 1 1 0 -1 0 0 1 0 0 
2 -2 9 -1 20 10 -4 1 -1 0 0 -2 0 0 0 0 2 -2 0 0 0 0 -1 0 -1 0 0 0 1 0 0 -2 0 0 0 0 0 0 1 0 0 1 0 0 -1 0 1 0 -1 2 0 0 0 1 -1 1 2 1 1 -1 0 0 -1 0 1 0 -2 0 1 0 1 0 1 0 0 -1 2 -1 0 0 0 0 0 0 0 0 0 0 2 0 1 0 1 1 2 1 0 0 1 -1 1 1 0 0 0 
2 -6 12 -9 -10 -8 3 1 1 1 0 0 1 -1 0 -1 1 -1 0 -1 1 -1 -1 2 0 1 0 0 1 0 0 0 0 1 -1 -1 1 2 0 1 -1 1 -1 0 1 0 0 -1 -1 2 1 0 -1 0 2 0 0 -2 1 -1 0 0 0 0 -1 1 0 0 1 -1 2 0 -1 0 1 0 0 0 1 0 0 0 0 0 1 -1 0 -1 1 -1 1 1 2 1 0 0 -2 0 1 -1 0 1 1 1 0 
6 -2 -11 -8 -1 -8 -13 0 2 4 4 -2 1 -1 0 -1 2 0 0 0 0 1 -1 2 0 0 1 0 0 0 1 -2 0 1 0 1 -1 2 -1 1 -1 0 0 0 0 0 2 0 -1 1 -2 -1 0 2 0 -1 0 -1 1 -1 1 2 0 0 0 2 0 0 0 0 2 0 0 -1 0 -1 1 0 0 -1 0 0 0 1 0 0 0 0 1 -1 1 1 2 -1 0 0 0 1 1 -1 -1 0 0 1 0 
-4 -8 1 1 3 -3 -5 2 -1 -11 -6 -3 2 -1 0 -1 2 -1 0 1 0 1 -1 0 0 0 0 0 0 1 -1 0 0 0 0 0 -1 2 0 2 0 2 1 0 0 0 2 0 0 1 0 0 0 1 1 0 2 -1 0 -1 1 -1 0 1 -2 0 0 0 1 0 1 -1 1 -2 1 -2 1 0 -1 0 0 0 0 1 0 0 -1 0 1 -1 0 -1 0 0 0 0 0 0 0 0 -2 0 0 0 0 
-5 -4 -3 -6 -2 -4 1 7 -7 0 -2 -5 0 0 -1 0 1 0 0 0 1 0 0 1 0 -1 0 0 -1 0 0 1 0 2 -1 0 0 1 0 1 -1 1 0 0 0 0 1 -1 -2 0 -1 0 -1 0 -1 -1 1 -2 0 -1 2 -1 0 0 0 4 0 0 0 0 1 0 -1 0 1 -2 1 0 0 0 -1 0 0 0 0 0 0 0 1 0 1 0 1 0 1 0 0 0 1 0 0 0 0 0 -1 
-9 -5 0 -2 1 -1 0 4 -4 0 0 0 0 0 0 0 1 0 1 0 1 0 0 0 -1 0 0 -1 0 0 1 -1 0 0 1 0 -1 1 0 1 1 1 1 1 0 0 1 0 -2 1 0 0 1 1 -2 0 0 0 2 0 1 1 0 0 -2 1 -1 1 -1 0 1 0 0 0 2 0 2 0 0 -1 0 0 -1 0 0 0 0 -1 2 0 0 -1 0 0 0 -1 0 0 0 -1 0 0 0 1 -1 
-4 0 1 -3 0 4 1 6 -7 0 1 0 2 0 0 -1 1 -1 -1 0 2 0 -1 0 1 0 0 1 0 0 1 0 -1 2 0 0 0 0 0 0 0 0 0 -1 0 0 0 0 -1 2 1 1 -1 0 1 0 0 -1 1 -1 0 0 0 0 -2 2 -1 1 0 1 2 0 -2 0 2 -1 1 0 0 0 -1 0 0 0 0 0 0 -1 0 -1 0 0 1 0 0 0 0 0 1 -1 0 0 0 1 -1 
-1 -2 1 -2 -1 0 2 3 -6 2 0 0 0 -1 0 0 1 0 -1 0 1 0 -1 1 0 1 0 1 0 0 1 -1 -1 2 -1 0 -1 1 -1 1 1 0 0 0 0 1 0 0 0 1 0 0 -1 1 0 0 0 -1 0 0 1 1 0 0 0 2 -1 0 1 0 1 0 0 -1 1 -1 0 0 0 0 -1 0 0 0 0 0 0 -1 1 0 1 0 0 0 -1 1 0 0 0 -1 0 -1 0 0 0 
-3 -1 1 0 4 4 7 4 -2 0 0 -1 1 0 1 -1 2 -1 0 -1 2 0 -1 -1 0 0 0 0 0 0 -1 -1 0 0 0 0 -1 0 -1 0 0 0 1 0 0 0 0 1 0 0 0 0 -1 2 -1 0 0 0 0 -1 1 1 0 0 -1 1 0 1 1 1 0 0 -2 -1 2 0 2 0 0 1 0 0 0 0 0 0 -1 0 1 0 0 0 0 0 1 0 0 0 0 0 0 0 1 0 1 
0 0 0 1 2 4 7 -6 -8 1 0 0 0 -1 -1 0 1 1 0 0 1 -1 1 0 0 0 1 0 0 0 0 0 -1 1 0 0 0 0 -1 0 0 0 0 0 0 0 0 1 1 0 0 -1 0 2 0 1 0 1 1 0 0 1 0 -1 -1 3 0 1 -1 0 1 0 -1 -2 1 -2 1 0 0 0 0 0 0 0 0 1 0 0 1 0 0 -1 1 0 0 0 0 0 1 0 0 0 1 1 1 
2 -2 3 4 -4 1 -4 -13 -1 0 0 -1 1 0 0 1 2 0 0 -1 0 0 -1 1 0 0 -1 1 0 0 0 0 0 0 0 0 0 1 0 0 0 -1 0 0 0 1 2 0 1 -1 0 0 0 0 0 1 1 0 0 0 0 1 1 0 -2 1 -1 -1 0 1 1 0 -1 -1 3 0 2 0 0 0 0 0 -1 1 0 0 -1 0 1 0 0 -1 0 0 0 -1 0 0 1 0 0 0 1 0 0 
-8 -2 5 -1 -3 0 -4 0 -3 1 -1 0 1 1 1 -1 1 0 0 0 1 1 0 0 0 0 0 0 0 0 1 0 1 1 0 0 -1 0 0 1 0 0 0 -1 -1 1 0 0 0 1 1 1 -2 1 0 2 1 -1 0 -1 0 0 0 0 1 2 0 1 1 0 1 0 -2 0 2 -2 0 -1 0 0 0 0 0 0 0 1 -1 -1 0 -2 0 0 1 0 0 -1 0 0 0 0 0 0 0 1 -1 
-1 -5 2 -1 -5 0 0 1 -1 3 1 -1 2 0 -1 1 0 1 0 -1 0 0 0 1 0 0 -1 0 0 -1 1 0 0 1 1 0 0 1 0 1 0 0 1 0 -1 1 1 0 1 0 1 0 0 2 0 1 0 0 0 0 0 0 0 -1 0 0 -1 -1 -1 0 0 -1 0 -1 0 0 0 -1 0 -1 0 0 0 0 0 1 0 0 1 0 1 0 0 0 0 0 0 1 1 0 0 1 0 1 0 
-2 -2 2 0 -2 -1 0 0 0 1 1 -1 1 0 1 -2 0 0 1 0 1 1 0 0 1 2 -1 1 0 0 1 0 0 0 0 0 -1 0 0 0 1 -1 1 0 0 0 0 0 1 0 0 0 -1 0 -1 1 1 1 0 1 1 0 0 1 -2 2 0 0 0 2 0 0 0 0 3 -1 0 -1 1 1 1 -1 0 1 0 1 0 0 1 0 1 -1 0 0 2 -1 1 0 0 0 0 0 1 0 -1 
4 -3 0 -3 -2 0 0 0 -1 1 0 -2 -1 0 -1 -1 -1 0 0 0 2 0 0 2 -1 1 -2 0 0 1 2 0 -1 0 1 1 0 0 -1 0 0 -1 1 -1 -2 0 1 1 0 -1 0 0 1 3 0 1 1 0 1 0 0 1 0 -1 0 2 -2 0 0 1 0 0 0 -1 0 -1 1 1 -1 0 1 1 0 0 1 1 0 0 1 0 1 -1 0 1 -1 0 0 1 1 0 1 0 1 1 0 
-3 -3 2 -3 -2 1 -1 1 0 1 0 -1 2 1 -1 -1 1 1 0 -1 1 0 1 1 -1 0 0 2 -1 -1 1 -1 0 0 0 0 0 1 0 0 0 -1 1 1 -1 0 1 0 1 0 0 0 -1 1 -1 0 2 0 0 0 1 0 0 0 -2 1 -1 0 -1 1 0 1 -1 -1 1 0 1 0 -1 0 1 0 -1 1 -1 1 -1 -1 0 0 0 0 0 0 1 0 0 -1 1 0 1 0 -1 1 1 
0 0 1 0 -2 0 1 2 -1 1 1 1 1 2 0 -2 0 0 2 0 1 1 1 0 -1 2 0 1 1 0 1 -1 0 1 1 0 0 0 1 0 2 1 2 2 0 0 0 0 1 -1 0 0 0 2 0 2 0 0 1 0 -1 0 1 -1 0 2 -1 0 1 1 0 -1 -1 0 2 -1 0 0 -1 0 0 1 -1 0 -1 2 0 -1 2 0 1 0 0 0 1 -1 0 -1 1 0 1 0 1 0 -2 
1 0 0 -2 -2 2 0 1 3 2 2 1 2 1 0 0 0 1 0 -2 2 -1 0 1 -2 0 -2 2 0 0 1 -2 0 1 1 1 0 1 0 -2 1 -2 2 0 -2 1 1 0 0 -2 0 1 0 2 -1 0 0 -1 1 1 0 -1 1 0 1 1 -3 0 0 1 -1 1 0 -1 1 0 1 0 -2 0 1 0 0 0 0 1 -1 0 0 0 0 -1 1 0 1 1 0 -1 1 1 0 2 0 1 0 
0 2 3 -2 -1 3 -1 2 -2 2 0 1 0 1 0 0 1 2 0 -2 1 0 1 0 -2 2 0 2 -1 -1 0 0 1 -1 0 0 0 0 -1 -1 1 -2 1 0 -2 1 1 0 1 0 1 0 -1 1 -1 3 1 -1 -1 0 0 1 2 0 -1 3 0 0 -1 2 0 1 -1 0 2 0 2 0 -1 1 0 0 -1 2 -2 1 0 -1 2 0 0 -1 1 -1 2 -1 1 0 0 0 0 1 1 0 0 
0 1 -1 -4 0 0 0 0 0 1 1 -3 3 6 9 0 -5 -1 0 0 1 -1 -1 0 1 2 -2 0 0 0 1 0 1 0 1 -1 0 1 -1 1 2 -1 -1 1 -1 1 -2 1 3 0 1 -2 0 3 -1 3 -1 0 0 0 0 -1 2 -1 1 2 -1 1 -1 1 1 1 0 -2 1 -2 0 0 0 0 0 1 -1 0 1 1 -1 1 1 0 0 0 0 -1 1 -1 -1 1 -1 0 1 -1 0 0 0 
0 0 0 1 -2 0 0 1 -1 7 5 4 2 5 -16 -4 -4 -2 0 -1 1 0 1 1 -1 1 0 2 0 0 0 -2 2 0 0 0 0 1 0 -1 0 -1 1 0 -3 0 0 0 2 -2 1 0 -1 2 -2 0 0 1 0 1 -2 2 1 0 0 2 0 -1 -1 1 1 0 0 0 2 0 2 -1 0 0 0 1 -1 0 -1 1 -2 1 0 0 0 -1 -1 0 2 0 0 0 0 0 0 -1 1 0 -1 
-1 1 0 -2 -2 1 -1 1 0 4 0 1 6 0 -11 -4 -2 -1 1 0 1 0 0 0 0 1 0 0 0 -1 0 0 0 -1 1 0 -1 1 1 1 1 0 0 1 -1 0 0 0 3 0 0 1 -2 2 -1 1 1 0 0 0 0 1 2 -2 0 2 0 0 -1 0 0 0 -1 -1 1 -1 1 0 0 1 1 -1 -1 0 0 -1 0 0 0 1 1 1 0 0 0 -1 0 0 0 0 1 1 0 0 0 
-2 0 1 0 -1 0 3 1 1 6 -1 1 -4 -6 -7 -3 -2 2 0 0 0 0 0 1 0 1 0 0 0 0 0 -2 2 0 0 -1 0 0 0 -2 1 -1 0 0 -1 -1 -1 0 2 -2 1 0 0 2 -2 1 -1 0 0 1 0 0 2 0 0 1 -2 -1 1 2 -1 1 1 -1 -1 1 1 1 0 -2 0 1 -1 -1 -1 0 1 -1 0 1 0 1 0 0 1 0 0 -1 1 1 -1 2 0 -1 -2 
-4 0 1 1 1 0 0 -1 1 0 10 3 -4 1 0 0 -1 0 2 0 0 0 1 1 1 1 0 2 -1 1 0 1 1 0 0 0 0 0 0 -1 2 0 0 0 -1 2 0 0 0 -1 1 0 -2 0 -2 2 0 1 0 0 0 -1 2 0 -1 0 0 1 -1 2 0 1 0 0 3 0 1 0 0 -1 1 1 -1 1 0 1 1 1 0 1 0 0 -1 0 1 -1 0 -1 0 1 0 0 0 0 -1 
0 0 1 1 -3 0 1 2 3 1 -1 2 2 1 1 5 -2 2 4 14 9 0 3 0 1 0 -3 2 1 4 1 -1 1 0 0 0 1 0 0 -1 0 0 0 2 -1 0 0 0 2 0 1 0 0 1 0 1 0 -1 -1 1 0 -1 0 0 0 3 -1 -1 -2 2 1 0 1 -2 0 -1 1 1 -1 0 1 -1 0 0 0 0 0 1 -1 0 0 1 -1 0 0 0 0 -1 -1 1 1 1 0 -1 0 
-1 0 1 -1 -2 0 0 0 3 4 0 1 9 -12 -7 3 -2 1 5 26 6 -2 -2 -2 0 1 2 4 0 -2 1 0 0 1 1 0 1 -1 0 0 1 0 0 1 -2 0 0 -2 0 -2 0 0 1 0 -2 1 0 0 0 0 -1 0 1 -1 2 0 0 -1 -2 3 0 0 0 0 1 1 0 0 0 0 0 0 0 0 1 0 -2 2 -1 0 0 0 1 0 1 0 1 1 -1 0 1 0 0 0 1 
0 0 0 1 0 0 1 5 -5 -1 -4 -2 -6 0 5 -9 -4 -1 10 6 -14 9 7 -2 1 1 0 0 2 -2 1 0 0 -1 1 -1 0 0 0 -1 0 0 0 2 0 1 0 0 3 0 1 0 0 0 -1 0 0 1 0 1 0 0 0 -2 1 1 0 -1 -1 0 0 0 1 0 0 0 0 0 0 -1 1 0 -1 0 0 0 0 1 -1 1 0 1 1 0 0 0 0 -1 0 1 0 1 0 -1 0 
0 1 1 0 2 -1 -1 -3 -3 -2 -3 9 -5 -2 -2 -5 -1 4 6 34 3 -30 -9 -1 -2 -1 -2 0 1 1 1 -1 0 1 1 1 0 0 1 0 0 -1 1 2 -1 0 -1 0 2 -2 0 0 0 1 0 0 -1 0 0 0 0 0 0 0 3 1 0 0 -1 1 1 0 1 2 0 0 1 0 0 0 0 0 -1 0 -1 0 1 -1 0 1 0 2 -1 -1 0 0 -1 -1 -1 1 0 0 0 -1 0 
1 1 1 1 0 1 1 2 -2 0 -1 0 -4 -1 -6 0 -6 2 -3 1 -14 -21 -6 0 -2 1 0 1 0 0 0 1 0 1 0 0 0 1 1 0 2 -1 1 1 0 1 1 0 1 0 2 3 -1 2 0 1 0 1 0 -1 0 0 0 0 1 1 0 0 -1 1 0 0 0 -1 0 0 0 0 0 0 0 0 0 0 0 0 1 1 0 0 -1 0 0 0 1 0 0 0 0 0 0 0 0 0 0 
1 1 2 -1 0 -3 -1 1 -2 0 0 3 -1 -1 0 0 -4 -2 -2 -10 -12 -12 -1 0 -3 0 -1 1 2 0 2 0 5 0 2 0 1 -1 0 0 1 0 0 0 3 3 6 2 2 0 0 0 5 2 0 1 -2 1 -1 0 1 0 -1 0 0 0 0 0 -1 0 -1 0 0 -1 1 1 0 1 0 0 0 0 0 0 0 -1 -1 1 0 0 0 1 0 0 1 0 0 0 -1 0 0 0 0 -1 0 
1 1 3 2 -2 0 2 2 0 0 0 0 -3 -2 0 -1 0 2 1 -1 -1 0 2 -1 -1 1 2 5 2 -1 2 -4 0 7 7 10 2 0 1 0 1 2 4 13 -8 2 -5 -11 3 1 2 -5 -2 1 -2 1 -1 0 0 1 -1 -1 -1 0 2 1 0 0 -1 2 1 -1 1 0 0 0 0 0 0 0 0 0 0 0 0 0 0 2 0 0 0 0 0 0 0 0 0 0 0 1 0 1 2 -1 0 
1 3 39 0 3 1 2 2 0 0 -1 1 0 1 -1 1 -1 -5 -1 0 0 1 0 4 2 11 12 2 -1 0 0 -1 -4 -3 -11 0 0 3 0 1 3 2 -4 -2 -2 2 4 14 -10 2 -3 -2 -9 -4 -2 0 0 1 -1 0 0 1 0 -3 1 -1 1 0 0 1 0 1 0 1 0 0 0 -1 0 0 1 1 0 0 0 -1 0 0 -1 0 0 1 0 0 2 0 0 0 -1 0 0 0 1 -2 0 
3 27 57 63 -22 12 0 2 1 1 0 2 -1 0 0 1 -2 0 0 0 1 3 10 15 4 0 -12 -3 0 0 -2 -2 1 -1 1 0 0 -6 9 6 16 3 10 1 0 -7 3 -5 -10 -5 0 -1 0 0 -1 1 0 1 1 1 0 -2 0 -1 3 0 0 1 0 2 0 0 1 1 0 0 1 -1 0 0 1 0 0 1 1 -1 0 0 -1 0 0 0 0 0 0 -1 1 0 0 0 0 1 1 -1 1 
16 87 101 9 75 -17 66 8 4 3 -2 0 -1 1 1 1 -3 -2 2 4 2 4 5 -2 -4 -3 5 2 3 4 0 4 5 2 6 -1 2 1 1 -4 -4 -6 4 3 4 -2 2 -5 2 -3 -5 0 0 0 0 0 0 0 -2 0 1 0 1 -2 0 0 0 -1 1 1 -1 -1 1 2 0 1 1 -1 1 0 1 0 0 0 0 -1 0 0 -1 1 -1 0 -1 -1 0 0 1 1 0 0 -1 1 -1 0 0 
74 103 -8 1 4 48 56 46 -8 -1 0 0 0 2 0 3 -2 -1 1 1 0 5 -4 -1 0 -1 2 9 8 2 0 5 5 8 -1 6 1 1 10 2 3 0 2 8 -4 3 5 -2 2 -8 -1 -2 0 1 0 1 -1 0 0 1 1 0 0 -1 2 0 1 0 -2 1 0 -1 -1 0 -1 1 1 0 0 0 1 0 0 1 0 0 -1 0 -1 0 -1 0 1 1 -1 0 -1 -1 -2 -1 0 1 0 0 2 
90 -6 7 9 4 8 4 -16 10 -20 -4 3 1 2 0 1 1 2 1 0 0 -3 -2 -5 -1 -3 -7 -6 2 -5 -3 0 -5 -4 2 -2 1 6 13 10 -1 5 17 2 -4 -1 -1 -10 -1 -9 -3 -1 0 0 0 1 0 0 0 1 1 0 0 -1 2 -1 0 0 -1 1 0 -1 0 0 -1 2 0 -1 0 -1 1 -1 0 1 0 -1 -1 2 0 1 -2 1 1 0 1 0 0 1 -1 0 -1 0 0 0 1 
2 25 22 2 3 -3 -10 4 -6 68 8 21 2 2 2 1 1 2 2 1 1 7 3 -1 2 1 1 -2 1 -1 1 3 -3 0 -4 -1 13 8 11 2 -21 -10 -8 -3 -4 0 -6 -4 -2 -6 -1 -1 1 0 0 1 -1 1 0 0 0 0 0 -2 1 0 0 0 0 0 0 -1 0 2 0 1 0 0 1 0 0 -1 0 -1 1 -1 -1 1 -1 1 -2 1 0 0 1 -1 1 0 -1 0 -1 0 -1 0 1 
-17 16 -4 4 1 8 1 2 6 3 63 6 14 26 10 37 11 12 6 7 32 69 45 43 42 96 3 4 2 3 2 1 1 3 1 -5 3 -17 -14 -12 -15 -5 -2 -8 -3 -5 -3 -1 -1 0 0 -1 2 0 -1 2 0 0 1 0 0 -1 0 -1 2 0 0 0 -1 0 0 0 -1 2 -1 1 0 -1 1 0 1 0 0 1 1 0 0 3 0 0 -1 2 1 0 0 0 0 1 0 0 0 0 0 0 0 
14 9 13 8 9 3 -4 2 -3 3 0 5 13 12 152 49 82 43 41 153 73 37 38 10 90 15 52 13 15 19 7 -8 1 -3 3 -1 4 0 0 -3 0 0 0 1 0 1 0 -1 0 2 0 0 1 -2 0 1 -1 0 -1 1 1 0 0 -2 1 -2 0 0 0 1 0 0 0 3 0 0 1 0 0 0 0 0 0 -1 0 -1 0 1 -1 1 -1 2 0 0 0 0 0 0 0 1 0 2 2 -1 0 
19 12 3 11 5 -7 -11 -6 -1 3 -1 -1 2 1 -5 3 5 6 10 9 6 18 0 3 3 4 -10 1 24 -56 -1 -2 -10 -13 0 2 2 6 5 -3 0 0 0 0 1 2 0 1 2 0 0 -2 1 -1 1 0 0 1 -2 1 1 0 0 -2 2 0 1 0 -1 1 0 -2 -1 1 -2 0 1 0 0 0 0 1 0 0 0 0 -1 0 -1 1 0 1 0 0 -1 0 1 0 -1 0 -1 1 1 0 1 
7 -6 -11 -16 -23 -25 -6 -7 5 1 -2 0 -1 1 -7 2 -10 -1 -6 0 -6 3 3 -2 -4 -4 9 9 -4 -30 -32 4 0 1 0 -2 -5 -11 -5 -1 0 2 2 1 1 3 0 -1 0 -1 1 0 1 0 0 0 0 0 0 1 0 0 0 0 2 -1 -1 0 1 1 0 -1 0 0 -1 0 0 -1 0 0 1 1 0 0 2 -1 0 2 0 0 0 0 0 0 0 0 1 1 -1 -1 0 0 0 3 1 
-23 -10 -12 -14 -7 19 21 18 4 -3 -1 0 0 -6 2 -3 8 1 3 5 -2 5 8 -4 -4 -3 5 0 -1 25 -13 28 11 0 2 -1 1 0 0 -4 3 1 1 7 4 1 0 2 1 -1 0 -1 1 -1 0 4 0 0 0 1 1 3 1 -2 2 0 2 0 1 0 0 -1 -1 1 -1 2 0 0 1 0 0 0 0 0 1 0 -1 1 -1 0 0 0 0 2 0 -1 0 1 0 1 0 2 5 17 9 
-10 -9 -1 16 18 25 7 -7 2 2 1 -4 0 0 1 15 0 -7 3 2 0 4 -3 -2 4 0 2 2 5 3 5 0 -7 42 5 17 1 -1 1 1 -1 2 8 8 -4 17 2 9 6 3 11 3 4 2 2 4 -1 -1 0 1 5 12 9 7 4 3 1 0 1 0 0 0 -3 1 -2 0 0 0 1 1 0 0 1 1 2 -1 0 1 -1 1 -1 0 0 0 0 -1 1 1 1 1 1 9 55 32 29 
10 30 20 2 -10 4 7 0 0 -1 -2 -4 3 0 5 6 5 2 0 -5 -8 -1 1 7 -9 2 4 4 -4 4 -1 2 5 -2 57 14 68 4 8 36 0 3 -2 -6 0 10 -2 -1 0 -5 -3 -4 -3 -3 1 4 4 0 -1 2 9 7 -1 -7 21 9 18 1 4 4 1 0 -2 2 -1 2 1 0 1 0 1 1 1 1 0 0 -1 0 -1 0 -1 0 2 1 2 1 3 2 3 3 18 61 24 20 28 
-40 -2 -4 -17 7 -23 -10 -14 -2 0 -5 -3 -11 14 -8 -16 1 -10 -2 -7 1 -5 -3 0 -3 11 5 -4 -1 3 3 -1 7 0 2 4 21 52 13 42 79 10 33 8 0 0 -3 -8 -2 -6 -2 -3 1 -1 7 25 2 14 7 2 1 16 -1 4 25 29 -5 20 5 0 1 -2 -2 0 -2 0 -1 0 0 0 1 -1 1 0 1 1 0 0 0 1 -1 1 0 1 2 6 -4 5 8 44 51 14 -2 4 6 
23 11 -15 -11 16 -25 14 16 1 -3 -5 0 -11 -8 -6 -12 1 25 4 -7 1 5 -1 -1 7 5 -5 0 7 4 3 2 -7 0 0 2 -2 0 -1 2 2 35 12 87 49 1 2 0 1 0 0 2 2 1 2 42 8 -11 11 4 4 3 -13 3 27 34 4 5 30 9 -1 -1 -2 0 0 1 0 0 0 0 0 0 0 0 1 -1 0 1 -1 0 -1 1 1 0 3 12 8 10 17 22 -35 0 -2 0 -25 
-5 -9 -13 -3 -10 -18 -1 2 -1 -1 -5 -16 -24 12 3 3 18 4 0 2 2 -1 1 6 2 -16 -2 -1 6 5 -9 -8 -2 3 0 -14 -1 -8 5 4 2 3 5 0 35 50 -19 3 0 0 0 -1 2 0 3 15 -11 -12 -17 -9 0 1 -2 39 16 -10 -7 7 -15 -3 3 0 0 1 0 -1 1 0 1 0 0 -1 0 1 0 0 -1 2 0 2 2 2 4 4 3 -5 -7 6 13 -10 22 16 27 36 22 
7 13 0 -12 -8 3 5 -2 -2 -4 0 -6 20 15 0 1 -7 -14 3 18 -9 -7 -2 -7 -4 12 4 8 6 -1 -3 -7 9 -2 -9 2 -2 12 3 -1 -7 -9 3 2 5 5 32 -11 3 0 1 0 1 1 7 -3 -8 -18 9 10 14 9 25 29 9 -45 -26 1 -1 -14 50 24 -3 2 0 7 1 0 0 2 1 0 1 -1 2 0 1 3 -1 4 2 15 26 31 18 15 32 36 35 28 27 21 44 21 3 
-1 -27 -25 -18 21 4 14 10 -4 -2 -6 6 20 -3 0 7 -5 0 8 -22 -19 -3 4 9 9 -3 5 4 -11 -16 -13 7 0 5 5 3 3 6 2 1 -8 20 1 0 -1 0 11 51 -15 10 0 1 1 0 0 18 -17 -7 -9 6 19 33 39 20 -32 -40 -4 -21 -14 -54 -9 -12 24 -7 22 14 22 13 -3 4 0 -1 1 -1 1 0 0 1 4 5 18 22 17 -9 8 15 2 13 -3 -1 1 18 2 -4 -2 
-2 -2 12 33 23 0 2 4 -3 -6 1 -4 -1 1 -8 -3 17 -2 -20 -7 18 28 -16 -14 -9 -2 -1 -3 14 21 12 18 -7 7 -1 4 1 3 6 5 5 7 -5 5 -6 -2 1 6 42 -16 31 -3 2 1 1 -1 1 -7 8 18 17 32 2 -9 -30 45 16 32 20 -2 2 -12 -36 -36 -5 -15 8 18 44 -1 3 0 0 -1 1 -1 0 1 -3 7 -1 9 4 1 4 9 5 -2 -5 4 21 30 -2 -5 -6 
-10 27 14 0 -35 -30 5 -10 -1 -6 -3 3 -14 -14 -10 15 -5 13 6 9 17 -4 7 2 -2 -5 -3 -12 -20 -29 -4 1 11 16 0 -4 1 0 0 1 2 -14 4 3 -1 -1 9 7 2 19 0 64 3 4 3 1 1 8 -2 4 15 0 -4 5 14 22 8 0 19 25 -3 15 2 3 6 -1 6 -7 -3 7 -5 2 1 -1 0 -1 0 3 1 4 10 -12 15 16 10 9 1 4 3 1 25 -5 -12 -3 -2 
0 -18 -2 -11 -2 27 -21 -18 0 -9 -10 6 12 8 16 20 -4 -4 -15 -23 -2 -5 -11 -7 6 1 3 5 10 37 2 14 15 -11 -14 -1 6 0 1 -1 -7 15 -5 11 9 5 2 2 1 4 3 7 78 -9 30 6 -1 0 15 -14 -13 -4 -7 4 5 -11 -10 -1 -2 9 17 4 37 12 22 28 7 11 5 -18 -11 -5 3 0 0 0 4 2 -1 5 -6 11 5 22 6 4 -7 -2 -6 9 4 -7 -6 -13 -20 
-2 -14 3 0 1 -24 -25 3 -4 -2 3 6 -11 -11 4 4 1 10 5 20 -7 -7 3 29 12 18 9 -1 4 2 -7 -12 -9 -13 -10 1 6 -11 -12 0 0 9 7 17 6 -2 2 5 3 2 2 3 -2 29 -9 66 45 5 0 9 -10 -10 5 -15 -2 6 0 6 -5 -9 10 -12 -14 1 -6 -18 -15 -9 -8 -23 -22 -5 -2 1 2 4 1 0 0 1 1 0 16 -4 -11 -50 -21 -13 -11 22 -5 3 -3 -26 -6 
19 -5 0 -8 15 4 -8 -17 5 23 11 7 0 4 -18 0 12 8 -3 4 -15 6 -4 0 -9 -4 -4 -6 -12 -11 -6 3 1 0 4 17 10 1 2 2 0 -3 -12 3 -9 -4 -3 5 2 0 0 1 -4 -8 3 3 10 114 8 56 10 3 -3 8 -3 5 -3 -4 2 7 16 0 4 0 8 -6 -4 -8 1 5 -2 0 -1 0 -2 -2 0 -1 2 2 3 0 2 27 19 -12 28 24 13 8 6 9 -16 7 25 
-1 4 0 0 9 -9 3 20 7 7 3 19 5 -10 -19 -3 -25 -17 -5 12 -5 -22 -11 -11 -8 1 -4 -5 1 -2 -1 5 -5 2 5 -16 -24 -7 -16 -9 -3 -6 -2 -10 -17 -9 10 3 3 3 0 -12 -10 -12 0 -1 6 -2 12 10 64 71 5 5 2 -29 -17 -9 -31 -3 -23 -6 -8 -2 5 9 6 5 30 -9 16 -2 -1 1 1 1 -1 0 3 2 1 0 20 2 17 23 29 -9 -16 3 -10 16 -4 19 12 
-26 -13 2 -8 10 9 14 -5 0 -1 -1 -18 -9 -2 -5 -14 -13 21 9 -18 -17 6 11 12 2 4 -3 -2 -2 -5 13 0 -7 0 4 6 -2 6 7 3 3 1 -2 3 9 28 22 4 1 0 -3 -8 -6 2 2 9 2 -3 4 4 14 20 9 12 73 43 10 5 -17 -20 -23 -34 8 -5 -6 -9 -6 4 7 22 1 17 -5 0 1 -1 1 2 6 1 0 1 32 38 -1 -17 -18 -34 -20 0 35 -12 11 9 -9 
7 2 -3 6 11 -2 -4 -3 11 17 9 13 23 19 10 9 24 23 -1 30 29 0 0 -2 18 -1 3 4 0 15 5 -3 2 -7 5 -14 -9 -12 3 3 5 2 2 6 27 15 -3 0 -3 -3 0 -16 -2 0 5 -4 11 1 -1 7 4 2 2 5 23 52 8 79 28 78 36 30 23 11 -3 -4 0 -4 0 2 -1 -29 12 -5 0 6 14 13 13 -5 2 40 34 17 -15 -6 -14 -11 1 21 1 15 8 -4 -8 
-1 1 4 14 10 -4 -2 14 12 0 0 0 -1 4 13 1 -3 9 12 -24 10 -38 -7 -41 -2 0 11 0 9 2 3 3 -2 4 3 4 7 4 -10 1 1 0 11 6 3 0 0 0 -3 3 -7 -8 0 5 4 3 7 3 -4 -1 0 4 0 6 3 3 6 -2 35 1 22 81 46 119 48 30 19 2 -11 4 -2 -14 -25 4 2 47 49 19 18 -21 26 28 21 -6 6 16 16 -18 6 10 28 13 -20 -7 -6 
2 5 -7 -5 -37 -19 1 -12 0 0 0 7 3 -7 -4 6 0 -25 -27 6 -6 18 26 26 7 5 -14 -13 -2 -5 -6 -6 4 3 0 2 2 8 -7 3 5 5 0 0 -1 -2 -3 1 0 1 -2 -7 3 6 -1 -2 -2 -1 5 7 2 0 -1 1 2 1 -4 3 3 -2 2 3 -3 3 2 7 0 103 15 6 3 -30 -1 3 10 21 -12 -36 -37 28 39 21 9 -6 -6 -7 -18 5 14 13 -3 -25 -27 -8 -46 
0 3 1 -1 14 7 -5 -15 -6 0 -12 -13 -6 0 -6 -21 -23 -4 -2 1 -3 7 11 2 2 2 7 14 6 1 -3 -5 1 1 1 2 2 0 1 7 2 7 4 -1 -2 -1 -6 -2 -2 1 0 -11 -3 -3 -3 8 5 2 -4 -5 -5 -1 -1 2 6 2 0 0 -3 -7 -3 -5 -13 -4 14 -2 -4 -6 30 1 5 -4 6 34 24 24 -25 27 64 49 9 6 13 -4 -7 -16 2 -4 -8 -6 0 -11 -5 -11 -25 
0 0 0 6 0 1 5 -7 5 15 8 -4 -16 -25 -22 -9 19 5 9 3 22 -5 2 7 8 13 2 -15 -33 -18 -10 2 4 -4 1 2 0 -1 -1 5 9 6 3 -7 -2 -1 -1 0 -2 -1 -2 -2 -8 5 7 -2 -2 -6 -5 5 6 2 6 8 5 0 1 -4 -10 -3 -2 2 -11 8 -6 -1 0 6 -9 19 -12 -11 16 27 -10 -17 30 4 5 -17 -5 16 -12 -16 -2 -5 -13 -9 -2 -8 27 0 -13 16 -5 
-4 -5 -5 -4 -16 -10 -3 2 1 23 5 2 16 1 9 -6 13 -22 4 21 -13 -2 0 -16 -6 0 0 10 -1 1 10 8 6 0 5 2 -1 -1 1 6 6 6 0 -6 0 -4 -2 1 -2 -1 0 -15 -7 3 2 -6 1 0 -3 6 -1 0 1 5 5 -1 -2 0 -5 -4 1 -2 -4 -2 7 1 -2 -3 0 -5 22 -23 -3 -2 9 34 7 -13 -14 5 11 7 -18 -14 -20 -2 -9 0 0 17 -9 -16 -8 -8 -25 
18 12 -4 -7 -9 -1 -1 2 -7 -3 -17 -10 -5 -9 6 -3 -9 16 12 -10 6 19 -15 -20 -19 -14 -28 -6 5 7 5 7 2 1 1 4 2 -4 7 9 4 2 -1 0 -12 -2 1 2 2 0 0 0 -4 2 9 -1 4 0 2 2 -3 -2 6 4 2 -2 -1 -10 -14 -5 2 1 -7 -2 6 6 0 -1 2 1 -1 42 -18 8 -11 -3 -13 -13 12 9 9 1 -52 -11 -6 -2 0 -6 2 -6 0 -5 13 -8 0 
-1 -11 -13 -4 21 21 5 -20 -3 -15 8 0 3 -14 -14 0 1 -2 7 7 2 0 -14 -7 44 31 26 0 -6 1 6 -3 -2 -2 3 0 3 2 6 6 2 1 0 -3 1 -7 1 0 -2 0 1 -1 9 4 7 3 0 -1 0 -14 -2 6 -5 5 4 0 -4 -4 -6 0 5 -2 -2 7 6 3 -1 -5 -7 4 0 -1 39 -5 48 -27 1 -17 7 -3 3 -26 -34 -8 -10 -11 -15 -17 1 9 12 19 17 11 25 
-15 14 20 2 9 2 2 2 22 0 1 36 10 3 -4 26 -6 -16 16 -9 6 5 11 19 19 -14 -16 -38 -3 10 3 -3 2 0 1 -25 0 2 -1 3 0 -5 1 -1 -6 -1 -2 2 0 2 1 0 1 2 5 2 -6 0 5 6 11 8 7 3 2 -5 -5 -7 5 8 3 4 10 2 2 1 -1 -3 2 5 2 4 3 0 10 32 91 4 -21 -23 -58 -98 -41 -2 3 -6 1 5 6 6 13 17 17 1 -5 
26 1 -11 -17 2 -7 -4 -5 -5 3 -10 0 -8 -27 7 0 4 7 7 2 -11 -21 3 0 -19 16 19 1 8 -16 -27 -24 -9 -15 -16 18 -6 12 -2 -10 -7 -7 -8 -8 -2 -9 1 2 4 2 -1 -1 3 -3 -7 -7 -11 -6 0 9 5 5 -3 -4 -3 -6 -2 -2 4 0 -5 0 -2 2 4 0 2 4 15 2 3 0 -2 0 -2 -2 5 35 21 66 33 12 3 1 -1 -4 4 4 17 10 16 18 -26 -30 -49 
3 -2 -10 0 -1 0 3 1 -5 9 14 -2 2 28 0 -23 7 2 1 -4 -11 3 7 4 2 2 7 11 -8 12 -1 13 14 0 -5 1 7 5 -9 -6 -3 0 -4 -3 2 -5 -5 -2 9 -1 -2 4 2 0 -2 10 6 1 10 8 6 2 -2 -2 -2 -3 3 0 2 1 2 5 5 5 0 -3 0 2 3 2 1 -1 2 1 3 4 4 4 3 25 49 20 5 33 12 3 2 1 -32 -52 -32 -12 -35 -24 -22 
0 5 -4 10 17 -2 -1 -4 2 4 1 0 -3 -23 -7 7 -6 2 -5 -22 -2 13 2 -25 -4 -6 -8 -8 7 -2 -9 -6 -8 14 6 8 7 -13 -5 -3 9 1 -7 0 6 5 3 -1 6 0 1 2 1 2 0 0 16 3 7 4 1 0 -6 -1 -6 -5 2 -1 6 -1 -1 1 3 4 5 -3 4 2 2 2 0 2 -1 2 3 -1 3 -1 1 0 -1 9 3 77 73 22 34 13 15 4 2 2 -2 0 1 
-16 -35 5 7 -9 -9 5 -3 -5 1 2 0 5 -1 -4 0 -1 4 6 7 29 5 -16 -14 12 4 17 23 7 -4 -2 0 4 7 2 11 2 19 15 18 19 -2 14 10 -9 -5 -6 5 5 0 2 5 -3 0 0 6 3 2 2 1 3 -1 0 2 -1 5 4 1 -1 -3 -3 3 3 8 1 -3 1 2 -1 1 -6 3 -1 0 -3 -1 3 2 -1 -2 0 3 5 -2 5 35 23 122 46 48 76 57 148 59 57 
25 17 14 -13 -14 1 9 -1 2 -3 9 7 3 8 5 -2 3 2 0 1 0 -3 14 12 10 6 3 1 1 12 22 14 13 12 12 7 0 0 -8 -30 -18 -18 -10 -6 6 -2 5 7 2 -2 3 0 3 -2 2 -2 -1 -3 -14 -16 -14 -2 -5 0 -3 1 0 0 0 0 2 -4 1 -4 2 -16 1 2 2 2 5 -3 -3 -1 0 2 0 0 0 -1 1 1 2 -5 -4 1 2 4 3 14 3 55 15 0 23 
-6 -27 0 -16 7 5 3 5 6 1 1 0 -10 -3 11 0 -2 7 -9 -2 -23 -19 -14 -47 -33 12 -8 20 10 -1 -2 0 -11 -7 -5 -13 -30 -15 -24 -10 22 10 5 17 1 -3 5 5 -1 0 -2 -1 3 -5 -3 -2 -1 -10 -26 -10 7 0 6 0 1 0 4 2 -12 4 5 -1 -6 -2 -2 8 5 2 -3 1 -10 0 -2 3 2 -1 2 0 -1 2 2 1 1 -7 8 5 5 -1 0 0 1 1 2 1 2 
26 13 12 6 7 3 6 2 1 0 -2 0 1 2 0 4 12 7 1 3 -3 5 -18 0 35 17 -9 -12 -8 3 -6 -2 2 -20 -3 -5 -6 18 17 9 10 0 10 -1 -2 5 17 7 0 -1 2 4 2 -1 -3 -1 -3 -12 2 1 -3 0 -34 -7 -2 4 3 0 2 5 0 0 17 -7 -3 11 -4 -9 -1 -11 -1 -1 5 2 -1 3 4 -1 0 0 0 0 -1 2 2 5 -1 -2 0 1 2 2 0 1 0 
0 7 0 0 3 5 2 0 -8 0 0 4 1 7 0 4 5 2 0 1 0 20 9 1 0 -6 -13 -4 -5 11 -9 18 -3 13 16 11 20 15 1 1 -2 -2 1 -1 -4 1 7 3 -3 1 0 5 -1 -4 -1 1 0 -14 -5 2 7 -3 7 4 2 0 -5 -1 -2 -5 -2 -14 -1 -1 -10 3 -12 7 6 -4 -1 -3 15 -4 1 -8 1 0 -1 0 0 1 1 -1 1 -4 0 0 2 1 -1 1 3 2 -2 
0 0 0 0 -3 0 0 -1 -7 -4 -4 0 0 0 0 0 1 -1 -1 -7 -15 2 -2 -14 -6 -12 3 6 -6 9 1 -13 7 9 -4 -18 18 -3 -8 1 -20 -4 -5 0 -6 1 2 -5 -6 -2 -4 -2 -2 -3 2 -2 0 -2 -14 7 -5 4 5 2 -2 -8 20 -6 -12 1 3 0 0 -5 5 17 1 -22 -4 -8 6 13 -7 -15 -11 -20 10 -1 0 -1 2 -1 0 3 2 1 2 -1 -2 1 0 2 0 1 0 
3 -19 -23 4 6 -11 2 0 0 -2 -2 6 0 0 0 0 -2 0 -3 -2 -2 -5 -13 3 13 5 7 -3 0 2 -3 -2 -15 -16 -6 14 7 -4 2 -10 -8 6 16 2 -7 -4 -11 -4 -9 -21 -7 -11 2 -4 -5 -1 2 -9 -3 -9 -6 3 5 6 20 1 -10 -15 -4 -1 0 -13 -2 -19 -20 -14 2 -13 7 11 15 -3 -11 10 -18 2 2 1 1 -2 -2 1 2 2 1 8 15 -3 2 0 0 -1 -1 -1 2 
-20 -22 41 26 0 0 0 1 0 0 -2 0 5 0 0 0 1 -1 -2 2 3 2 -1 4 -3 -6 -8 0 -15 -22 -3 12 16 47 45 -2 -9 -13 -16 -7 2 19 -15 7 0 -2 -7 -5 6 -5 3 2 -7 5 5 4 2 6 0 0 1 -16 -12 -5 0 -7 2 20 13 -9 -1 -10 18 34 -6 10 5 -8 41 41 7 2 2 -25 0 7 -1 0 1 -1 2 1 0 1 0 -18 -7 -11 -5 2 -2 0 -1 0 -1 
8 5 14 -7 -21 0 0 3 0 0 -1 -3 -9 4 -3 0 0 0 -3 -3 1 0 6 3 8 3 -11 -16 -10 11 2 2 3 1 -15 -3 -21 23 14 3 2 -7 6 10 1 6 9 5 5 20 10 5 11 -6 -9 -6 -6 0 4 2 16 6 12 16 -4 -5 3 -7 9 -3 2 3 4 -28 11 20 -5 8 -8 -5 -5 -7 -27 -5 8 3 0 -1 1 0 2 0 0 -5 -5 -15 5 5 -1 0 1 -2 -1 1 0 
-1 -7 -15 -6 4 6 0 -4 -7 0 -2 4 -7 0 1 -4 0 0 0 3 1 7 2 2 2 -6 -1 0 -13 -12 26 -14 -4 8 3 -12 20 15 -7 -7 8 7 -5 -22 -16 -5 -11 -6 -10 -2 -10 5 3 3 6 -1 3 0 -7 8 -3 14 0 -22 7 29 1 -8 9 0 4 2 -20 27 21 1 20 10 20 16 9 -3 -14 15 2 -1 1 2 6 4 -3 0 -3 -4 -3 16 31 6 0 0 -1 -1 1 -2 -5 
-6 1 11 28 3 10 8 0 4 0 -7 -3 0 -1 12 7 -9 -7 -6 -12 3 0 0 0 0 1 6 11 -3 15 -9 -15 -3 -21 -9 16 -1 -11 -14 8 -19 -19 3 -9 13 6 -2 5 8 -6 4 6 -8 -6 -24 8 20 -10 -4 -30 -20 0 10 9 13 -16 -12 -1 -13 -9 1 5 21 21 -18 6 -4 -23 -7 -5 5 -16 -1 -2 4 0 4 0 1 1 0 -4 3 -12 16 -6 -20 0 0 1 -1 -1 -1 -2 -15 
14 -12 -22 -14 -31 -27 -23 -26 -16 -10 1 5 4 2 5 3 -2 7 3 4 -4 4 -6 -1 -12 -16 2 1 0 -2 -11 3 16 6 5 15 14 -13 18 -9 2 -3 6 -4 15 6 -1 -7 -7 6 9 10 3 6 5 13 0 -16 4 -6 -4 10 -3 -13 -22 -23 4 7 11 1 4 -9 -4 4 18 18 7 -24 -19 15 3 -12 -24 2 3 -7 -15 -13 -6 -11 -3 -4 0 2 -3 18 7 11 0 2 1 -1 0 -1 -6 
0 9 -5 23 4 14 15 12 35 16 0 0 0 0 0 -2 1 -2 -12 -4 -5 4 -1 -8 -2 -3 -1 9 2 2 -15 -3 -14 14 -13 -4 -4 18 -22 -18 9 -3 -5 11 8 -19 -17 -6 5 15 -9 -18 2 -4 -12 3 16 1 -6 10 -2 -4 5 1 -6 13 12 -1 1 0 -5 -23 -10 -13 -22 -13 -33 13 43 38 -2 -3 -4 13 -1 2 1 21 -7 -9 1 7 0 0 -5 -16 3 -5 -5 2 6 0 -1 -5 5 
0 -11 9 12 0 0 0 12 0 0 0 -6 -11 0 1 -2 0 0 -11 1 0 4 8 6 1 1 -9 -10 1 -10 -10 -16 7 3 -17 -7 10 -5 -16 -3 -1 -2 -2 3 -1 7 -9 6 -5 -7 -8 6 -7 -17 5 -6 -4 -9 -15 16 -9 -9 -11 7 11 4 -12 -1 -13 -8 -1 13 2 21 21 0 17 0 4 6 10 -8 19 6 3 5 -8 8 8 30 31 9 -4 -1 6 10 -6 2 3 -6 -12 -5 -2 1 1 
-10 -2 3 -7 1 0 -5 -1 -3 0 -2 -9 -22 -20 -5 -2 -4 -1 1 -4 -3 -17 0 -1 -4 -4 6 6 6 -1 -5 9 15 -12 -5 -4 -1 -2 -4 -7 -4 6 5 7 -14 -3 0 1 4 0 -5 -3 -8 -2 6 -10 -23 -6 -29 19 -12 -6 3 27 6 7 9 14 -3 12 16 -13 1 -21 4 -32 7 -19 -5 -20 -2 -9 8 -2 -1 -9 -3 2 14 -9 10 -13 5 3 2 -2 16 6 0 7 -28 7 0 3 3 
-2 -3 -6 7 -4 -16 -11 6 -17 -9 7 -3 0 5 7 4 -3 2 -2 2 1 9 -12 -7 -10 -5 -13 1 -5 -5 -1 2 -7 -13 -2 9 24 -2 -6 6 6 17 -5 -8 -6 7 -9 2 1 -2 6 -3 14 -4 1 11 3 12 33 19 19 28 22 16 -14 -8 -15 -7 -1 -14 -13 -9 -14 -2 16 17 -10 -30 -26 -2 -6 -7 3 0 -13 0 12 -7 -16 1 -27 -5 2 -5 -10 -1 1 2 -12 -7 -1 13 2 1 13 
6 -3 4 -9 -3 14 9 4 10 -13 -12 -7 -11 -12 4 8 11 2 -2 0 1 1 10 8 15 -6 2 -12 -12 13 10 3 17 7 1 7 1 -9 12 3 18 7 9 7 -1 4 11 -8 -14 2 2 9 -3 0 5 2 13 19 14 -4 6 -7 -20 -14 -13 -12 6 4 -6 -3 -13 10 18 19 -38 -44 17 25 1 0 11 11 15 8 7 -14 6 8 7 10 13 26 7 12 30 14 6 4 0 12 15 2 2 1 -21 
2 -2 15 9 10 7 0 -13 -3 -10 0 9 6 10 7 5 4 0 0 1 1 1 0 1 15 7 14 3 8 -8 -4 -33 -5 -10 10 8 -2 -7 3 -1 -11 3 1 -11 0 -10 -25 -15 0 -8 14 -2 -6 -6 -2 6 -7 0 3 0 -7 -18 -10 2 -3 17 7 11 7 7 -1 3 -4 -12 -2 40 27 -9 2 -3 -7 11 0 -7 -9 1 0 4 3 -2 4 10 -6 1 0 -10 3 -2 -3 1 0 -2 -9 -19 8 
-2 -6 6 10 2 -9 5 4 -12 0 -1 5 2 11 0 0 0 -5 0 0 0 0 0 0 0 7 0 0 2 -5 12 4 -6 3 14 3 -12 5 -7 -6 2 6 -22 -6 6 6 7 30 25 21 24 -2 1 4 18 11 1 6 1 -2 11 0 9 15 8 3 -13 2 -18 -7 -5 -16 26 20 -2 -31 -14 -5 0 -29 6 21 21 0 -18 -37 8 -27 -13 -2 -3 -17 10 -3 -27 9 -3 8 10 4 -3 -3 -21 -1 29 
15 7 4 8 8 -5 -19 -5 7 4 15 10 6 0 0 3 -2 -1 3 -6 -3 -4 0 0 0 -3 -14 0 0 0 -2 13 -10 7 -17 4 -11 4 -7 9 0 6 -12 17 8 17 -1 11 0 5 -2 2 0 11 14 3 -7 -6 -13 -20 -16 -4 5 -6 -44 -4 -7 -8 -9 -24 4 9 18 -22 -20 -8 -13 -2 20 31 19 -16 0 -13 18 20 13 -6 16 4 0 14 40 -18 -8 22 -4 -14 -7 -9 -24 -2 7 7 1 
1 1 -8 -4 3 1 12 16 12 0 0 0 0 -7 -1 3 -3 -2 -11 -2 9 2 -3 -3 -5 -7 3 -14 -24 -12 11 3 1 23 25 12 9 -2 -13 -16 4 6 -3 -1 3 -10 -9 -16 -22 -16 -9 -6 2 -3 -15 -16 -6 4 -11 -17 8 10 2 -3 -6 14 -6 2 6 15 23 17 2 -6 1 11 24 46 39 16 -14 -11 31 -18 15 -25 -3 11 33 32 19 16 -36 -28 21 -12 -9 -9 0 -13 7 -6 -1 1 -2 
