0 0 0 1 -1 1 1 -1 0 0 -1 0 -1 0 1 0 0 0 0 0 0 0 0 0 0 0 0 1 0 0 0 0 0 0 0 0 0 0 -1 -1 0 0 0 -1 0 -1 0 0 0 0 -1 0 0 0 0 0 1 0 0 1 0 0 0 1 0 0 0 0 0 0 0 -1 0 0 0 0 0 0 1 0 0 0 0 0 0 0 0 0 0 0 0 0 0 0 0 0 1 0 0 0 0 0 0 0 0 
0 0 0 -1 -1 1 0 0 1 0 -1 0 0 1 0 0 0 -1 0 0 0 0 0 0 0 0 0 0 0 0 0 0 0 0 0 0 0 0 0 -1 0 -1 -1 0 0 0 0 -1 0 0 -1 0 1 0 -1 0 -1 -1 0 0 0 0 0 0 0 0 0 1 0 0 0 0 0 0 0 0 0 0 0 -1 0 0 0 0 0 0 0 -1 0 0 0 0 0 0 0 0 0 0 0 0 0 0 0 0 0 
0 0 0 1 -1 0 -1 0 -1 1 0 1 1 -1 1 0 1 -1 0 0 0 0 0 0 0 0 0 0 0 0 0 0 0 0 0 -1 0 0 0 0 0 0 0 0 0 0 0 0 0 0 -1 1 0 0 -1 0 0 0 0 0 0 1 0 0 0 0 0 0 0 0 0 0 0 -1 0 0 0 0 0 -1 0 0 0 0 0 -1 1 0 -1 -1 0 0 0 0 0 0 0 0 1 0 0 0 0 0 0 
0 0 0 0 -1 1 0 -1 0 0 -1 0 1 -1 1 0 0 0 0 1 0 0 0 0 0 0 0 0 0 0 0 0 0 0 0 0 0 0 -1 0 0 0 0 0 1 0 0 -1 0 0 0 -1 -1 0 0 0 -1 0 0 -1 0 0 0 0 0 0 0 1 0 0 0 0 0 0 0 0 -1 -1 0 0 0 0 -1 0 1 0 0 0 0 0 0 0 0 0 0 0 0 0 0 0 0 0 -1 0 0 
0 0 0 -1 0 0 0 0 0 0 -1 2 2 1 0 0 0 0 0 0 0 0 0 0 0 0 0 0 1 0 0 0 0 0 0 0 0 0 1 0 1 0 0 -1 1 1 0 0 0 0 0 0 0 0 0 0 -1 -1 1 0 0 0 0 0 0 0 -1 0 0 0 1 0 0 0 0 0 0 0 0 0 0 0 -1 1 0 0 0 0 0 0 0 0 -1 0 0 0 -1 -1 0 0 0 0 0 0 0 
0 0 0 0 0 0 1 -1 0 -1 0 0 0 0 0 1 1 0 0 0 0 0 0 0 0 0 0 0 0 0 0 -1 0 0 0 0 0 0 1 0 0 -1 1 -1 0 0 0 0 0 0 0 0 -1 0 -1 0 0 0 0 -1 0 0 0 0 0 0 0 0 0 0 0 0 0 -1 0 0 0 -1 0 0 0 0 -1 -1 0 0 1 -1 0 0 0 1 0 0 0 0 -1 0 0 0 0 0 0 0 0 
-2 0 0 0 0 0 -1 0 -1 0 0 1 0 1 -1 0 1 0 0 0 -1 0 0 0 0 0 0 0 1 0 0 0 0 -1 0 0 0 0 0 0 0 1 1 0 -1 -1 0 0 0 0 0 0 0 0 0 0 0 -1 0 -1 -1 0 0 0 0 0 0 0 0 0 0 1 0 0 0 0 0 0 -1 -1 0 0 0 0 1 0 0 0 0 0 0 1 0 0 0 0 -1 0 0 0 0 0 0 0 0 
0 -1 -1 1 0 0 0 0 0 -1 0 2 1 0 -1 1 0 0 0 0 0 0 0 0 1 0 0 0 1 0 0 0 0 0 0 0 0 1 1 0 0 1 1 -1 0 1 0 -1 0 1 0 1 -1 0 0 0 0 0 0 -1 0 0 0 -1 0 0 -1 1 0 0 1 0 0 0 0 -1 0 1 0 -1 0 0 0 0 0 0 1 0 0 0 0 0 0 0 0 1 -1 0 0 0 0 0 0 0 0 
1 0 0 -1 0 0 1 -1 1 1 0 0 -1 0 1 0 1 0 1 0 0 0 0 0 0 0 0 0 0 0 1 0 0 0 0 1 0 0 0 -1 0 0 1 0 1 -1 1 -1 0 1 0 0 -1 0 0 0 1 0 0 -1 0 0 0 0 0 0 0 0 0 0 1 0 0 0 0 0 0 0 0 -1 0 0 -1 0 1 0 0 0 0 0 0 0 -1 0 0 0 -1 0 0 0 0 0 0 0 0 
0 -1 1 -1 0 0 0 0 1 0 -1 1 1 0 0 0 0 -1 -1 1 0 0 0 0 0 0 0 0 1 0 0 0 0 0 0 0 0 0 0 0 0 0 0 -1 0 0 0 -1 0 0 -1 0 0 0 0 1 -1 0 1 0 0 0 0 0 0 0 0 0 0 0 1 0 0 0 0 0 0 0 1 0 0 0 -1 0 0 -1 0 -1 1 0 0 0 0 0 0 0 0 0 0 0 0 0 0 0 0 
0 5 7 7 0 1 1 0 0 0 0 0 0 1 1 -1 1 -2 -1 0 0 0 0 1 1 0 0 0 0 0 0 0 0 0 0 0 0 -1 0 -1 0 -1 0 -1 1 0 0 -1 0 1 -1 0 -1 1 -1 0 0 0 -1 -1 0 1 0 0 0 0 0 0 0 0 0 0 -1 0 0 0 0 0 -1 1 0 0 -1 -1 -1 0 0 0 0 0 0 1 0 0 0 0 0 0 0 0 1 0 0 0 1 
18 11 8 4 14 6 1 2 -1 0 -1 0 0 -1 0 -1 0 0 0 0 -1 0 0 0 0 -1 1 0 0 0 0 0 0 0 0 0 0 0 0 0 0 0 0 -1 0 -1 0 0 0 0 0 0 -1 0 0 1 0 0 1 0 0 0 0 0 0 0 0 1 0 0 0 1 1 0 0 0 0 0 0 0 0 0 0 1 0 0 0 0 0 0 0 1 0 0 0 0 0 0 -1 0 0 0 0 0 0 
-6 -8 12 -4 24 11 -7 3 0 0 0 0 0 0 -1 0 0 0 0 1 1 1 0 1 0 1 -1 0 0 0 -1 -1 0 0 0 0 0 0 0 1 0 0 0 -1 1 -1 1 1 1 0 1 1 0 1 0 -1 0 0 1 0 0 0 0 0 0 0 0 0 0 0 0 1 0 -1 0 0 0 0 -1 0 1 1 1 0 -1 -1 1 -1 0 0 0 -1 0 0 0 0 0 0 0 0 0 0 0 0 0 
2 -4 13 -12 -18 -12 0 0 -1 0 -1 0 0 1 0 1 0 -2 1 1 -1 1 0 -1 -1 0 0 0 0 0 0 0 0 0 0 0 0 0 0 0 0 0 0 0 1 0 1 -1 0 0 0 1 -1 0 -1 0 0 0 1 -1 0 -1 0 0 0 0 0 0 0 0 0 -1 0 0 0 0 0 -1 0 0 1 1 0 0 1 0 1 0 0 0 1 0 0 0 0 0 -1 0 0 0 0 0 0 0 0 
9 1 -15 -10 0 -13 -18 -3 2 5 4 -2 1 0 0 0 -1 0 0 1 1 -1 -1 0 1 0 -1 0 1 0 0 -1 0 0 0 1 0 0 0 -1 0 0 0 -1 0 0 1 -1 1 0 0 1 1 1 0 1 -1 0 1 0 -1 1 0 0 0 0 0 0 0 0 0 0 0 1 0 -1 0 0 1 0 0 0 0 1 1 1 0 0 0 0 0 1 0 0 0 0 0 0 0 0 0 0 0 0 0 
-7 -12 3 2 5 -9 -5 1 -8 -15 -3 -4 -1 0 0 0 0 -2 0 -1 0 0 0 0 -1 0 -1 0 0 -1 0 0 0 0 0 1 0 0 0 0 0 0 0 0 1 0 -1 0 0 0 -1 1 -1 -1 0 1 0 0 0 0 0 -1 0 0 0 0 0 1 0 0 -1 0 0 0 0 1 0 1 0 -1 1 0 -1 -1 1 0 1 0 1 0 0 1 0 0 0 0 -1 0 0 0 -1 0 0 0 1 
-13 -5 -7 -8 -4 -10 1 8 -13 -1 -5 -6 -1 0 0 0 0 -1 0 -1 1 0 0 0 0 1 0 0 1 0 1 0 0 -1 0 0 0 0 0 0 0 0 0 0 0 0 -1 -1 1 0 0 1 -1 0 0 1 0 1 1 1 -1 0 0 0 0 0 0 1 0 0 -1 0 0 0 0 0 0 -1 1 0 1 1 -1 0 -1 0 0 0 0 0 0 -1 0 0 0 0 0 0 0 0 0 0 0 1 0 
-13 -2 0 1 0 -1 3 -1 -2 -1 0 0 0 0 0 0 1 -1 -1 1 -1 -1 -1 0 0 1 -1 0 0 -1 1 0 0 0 0 -1 0 0 0 0 -1 0 0 0 0 0 1 -1 1 0 -1 1 0 0 0 1 -1 0 1 0 0 -1 0 0 0 -1 -1 0 0 0 -1 1 0 1 0 0 -1 0 0 -1 0 1 -1 0 0 0 1 0 1 0 0 0 0 0 0 1 0 0 0 0 0 0 0 0 0 
-6 0 -1 -1 0 1 -1 2 -4 0 0 0 0 0 0 0 -1 0 0 -1 0 0 0 0 0 0 0 1 1 0 0 0 0 -1 0 0 0 0 0 0 -1 0 0 0 0 -1 0 0 1 0 0 1 -1 0 0 0 0 1 0 0 -1 0 1 0 0 1 -1 0 0 0 0 1 0 -1 0 -1 1 0 0 0 0 0 0 0 1 0 0 0 1 0 0 0 0 0 0 0 0 -1 0 0 0 1 0 0 1 
-2 -2 1 0 1 0 4 1 -7 -1 0 0 0 0 0 -1 0 1 0 1 2 0 1 0 1 0 -2 0 0 0 0 0 0 -1 0 0 0 0 0 0 0 0 0 -1 0 0 0 1 1 0 0 0 0 1 0 1 -1 0 1 0 0 0 -1 0 0 1 0 0 0 0 -1 1 0 0 -1 0 -1 0 0 0 1 1 0 0 0 0 0 0 0 0 1 -1 0 0 0 0 0 1 -1 0 0 1 0 0 0 
-6 0 0 1 3 6 11 -6 -2 -2 0 0 0 0 0 0 0 0 0 -1 1 0 0 0 1 0 -1 1 -1 1 0 0 0 0 0 1 0 0 0 -1 0 0 0 0 0 0 0 0 0 0 0 0 0 0 -1 0 0 1 0 1 0 1 -1 0 1 0 -1 -1 0 0 -1 1 0 0 0 0 -1 1 -1 0 0 1 -1 0 1 -1 0 -1 1 0 0 -1 0 -1 0 1 0 0 0 0 0 0 1 0 0 
-4 -1 1 2 1 1 12 -10 -5 0 -1 0 0 0 0 0 -1 1 1 -1 1 0 1 0 -1 1 1 0 0 1 0 0 1 0 1 0 0 0 0 0 0 0 0 0 0 0 0 0 0 0 0 0 -1 0 0 0 0 0 0 0 -1 0 0 -1 0 0 0 0 1 0 -1 -1 -1 0 1 1 -1 0 -1 -1 -1 1 -1 0 1 -1 0 0 0 0 1 0 0 1 0 0 0 1 -1 0 -1 0 0 0 1 
1 -5 4 8 -6 0 -4 -25 -1 -1 0 0 0 0 0 1 0 0 0 -1 1 0 1 0 0 -1 0 0 1 0 0 0 0 0 0 0 0 0 0 1 0 0 1 0 0 0 0 0 0 0 0 0 0 0 0 1 -1 0 0 0 0 0 0 0 0 0 0 0 0 0 0 0 1 0 0 1 1 1 -1 0 1 1 0 0 -1 0 0 -1 0 0 -1 -1 0 0 0 0 0 0 -1 0 0 1 0 1 -1 
-16 -2 7 -2 -4 -3 -11 -1 -1 0 -1 0 0 0 0 0 0 0 0 0 0 0 0 1 -1 0 0 0 -1 1 0 0 0 -1 -1 -1 0 0 0 1 -1 0 -1 0 0 0 0 0 0 0 0 0 -1 0 0 0 0 0 0 0 0 0 1 0 0 0 0 0 0 0 -1 0 -1 0 0 0 1 -1 1 0 -1 0 -1 0 0 1 -1 0 1 0 1 0 0 0 0 1 0 1 0 0 -1 1 0 0 1 
-5 -7 3 -1 -3 0 1 0 0 0 0 0 0 0 0 0 -1 0 1 -1 0 0 1 1 -1 1 -1 1 0 0 -1 0 1 -1 1 1 -1 -1 0 1 0 -1 0 0 0 0 1 0 0 0 -1 0 -1 0 0 0 0 0 1 0 -1 0 0 -1 0 -1 0 0 0 1 0 0 0 0 0 -1 0 -1 1 -1 0 1 -1 0 0 1 1 0 1 1 0 0 0 -1 0 0 0 1 -1 0 -1 -1 0 0 1 
0 -4 6 2 -2 -4 0 -1 0 0 -1 0 -1 0 0 0 0 0 0 0 0 0 0 0 0 0 0 1 0 1 0 0 0 0 -1 1 0 0 -1 1 -1 0 0 0 0 0 0 0 0 0 0 0 0 0 0 0 0 1 0 0 1 1 1 0 1 -1 0 -1 0 0 0 0 0 0 0 0 1 -1 -1 0 0 1 -1 0 0 -1 0 0 0 0 0 -1 -1 0 0 0 1 0 0 0 0 1 -1 0 1 
2 -5 2 -6 -2 -2 0 -1 0 -1 -1 0 -1 -1 1 0 0 0 0 0 0 0 0 1 0 1 -1 0 0 0 0 1 0 -1 0 -1 -1 0 0 0 -2 1 0 0 1 0 0 0 0 0 0 1 1 0 0 0 0 0 0 0 0 0 0 -1 0 0 0 0 0 0 0 0 0 0 0 0 0 1 0 1 0 1 -1 1 0 0 0 0 1 0 1 0 1 -1 0 1 0 0 0 0 -1 -1 -1 0 1 
-9 -2 1 -2 -2 -1 0 -2 1 -1 1 -1 -1 -1 0 0 0 0 0 -1 0 0 0 0 0 1 -1 0 -1 1 1 0 0 0 -2 -1 -1 -1 1 1 0 -1 0 0 1 0 0 0 0 0 0 0 0 0 0 0 0 0 0 0 0 0 0 -1 1 0 1 0 0 1 0 0 0 0 -1 0 -1 -1 -1 -1 1 1 0 -1 0 1 0 -1 0 -1 0 -1 0 0 0 0 1 1 0 1 -1 0 -1 1 1 
0 0 1 -2 -1 0 1 -1 2 1 1 0 0 1 0 1 -1 -1 1 0 0 0 0 0 0 0 0 0 -1 -1 1 0 1 -1 0 0 -1 0 1 0 -1 1 0 0 0 0 1 0 1 0 0 1 0 0 0 0 0 0 0 0 0 0 0 0 0 -1 -1 0 0 1 0 0 0 0 1 1 0 1 1 1 -1 1 1 0 0 0 0 0 0 1 1 0 1 0 0 -1 0 1 1 0 0 0 -1 0 1 
0 2 3 -1 -1 0 3 2 8 0 2 3 1 4 -1 1 0 3 0 -2 0 1 0 0 0 0 0 0 -1 1 0 1 0 -1 1 -1 0 0 -1 2 0 1 1 -1 0 0 -1 0 1 -1 0 0 0 1 0 0 -1 0 0 0 0 0 0 0 0 0 1 0 1 0 0 0 0 0 0 0 -1 0 0 -1 0 -1 -1 0 0 0 0 0 0 0 0 0 1 0 0 0 1 1 0 0 0 0 0 0 1 
1 2 1 -1 0 1 -1 2 -1 5 1 0 2 3 2 1 3 -2 -1 -1 0 0 0 0 0 0 0 0 0 1 -1 1 0 0 0 -1 0 0 0 0 -1 0 0 1 0 2 -1 0 0 0 0 -1 0 0 0 0 0 0 1 0 0 0 0 1 0 0 0 1 0 0 0 0 0 1 0 0 0 1 0 0 1 0 0 1 0 -1 0 0 0 -1 0 -1 0 1 0 0 1 0 0 0 0 0 -1 0 0 
0 1 -3 -3 0 -1 0 0 5 0 3 -4 3 16 11 -2 -7 -1 -1 -1 0 1 1 0 0 0 0 0 0 0 0 1 0 -1 0 -1 1 0 -1 0 -1 0 0 1 0 1 0 0 1 0 0 -1 0 0 0 1 0 0 0 1 0 0 0 0 0 0 0 0 0 1 0 0 0 0 0 0 0 0 0 0 1 0 -1 0 0 0 0 0 0 1 0 0 1 0 0 0 1 0 1 1 -1 0 -1 -1 0 
0 0 0 1 1 -2 0 -2 -1 11 6 1 1 10 -23 -6 -3 -4 0 0 -1 0 0 1 0 0 0 0 0 0 0 0 0 0 0 0 0 -1 0 1 0 0 0 -1 1 1 0 0 -1 -1 1 -1 0 0 0 -1 0 1 -1 0 0 0 0 0 0 0 1 0 0 0 0 0 0 0 0 0 0 0 0 -1 0 0 0 0 0 -1 0 0 0 0 0 -1 1 0 1 0 0 0 0 -1 0 0 0 0 1 
-3 2 1 -3 -1 0 0 0 6 6 -3 0 14 -10 -10 -5 -2 0 1 0 -1 1 0 1 -1 1 0 0 0 0 0 0 0 0 0 0 0 0 1 0 1 0 -1 0 0 0 2 0 0 1 1 0 0 -1 0 1 0 0 -1 0 0 0 0 0 0 0 0 0 0 0 0 0 0 0 0 0 0 0 0 0 1 0 0 0 -1 0 0 0 -1 0 0 0 0 0 0 0 0 0 0 0 -1 0 -1 0 0 
-2 2 2 0 0 1 3 0 2 5 1 -1 -9 -11 -5 -2 0 0 0 1 1 0 1 1 -1 1 0 1 0 0 0 0 0 0 0 -1 -1 0 0 0 0 1 1 2 -1 1 0 -1 0 0 -1 -1 0 -1 1 0 -1 0 0 -1 1 0 0 0 0 0 2 0 0 0 0 0 0 0 0 0 0 0 0 0 0 0 1 1 0 0 0 0 -1 0 0 0 0 0 0 0 0 0 0 0 0 0 0 0 0 
-5 0 0 2 5 -3 0 -3 4 -2 18 6 -9 0 0 -2 0 0 3 1 0 0 0 0 2 -1 1 -1 0 0 0 0 -1 0 0 0 0 1 0 0 0 0 0 1 1 0 0 1 0 0 0 0 1 0 1 0 0 1 -1 1 0 0 0 0 0 0 1 -1 0 0 0 0 0 0 0 0 0 0 0 -1 0 0 0 0 -1 0 1 0 0 1 0 0 0 0 0 0 0 0 0 0 0 0 0 0 0 
1 -1 3 5 -4 0 0 4 7 0 0 1 -3 -4 1 5 0 3 4 21 8 2 5 2 0 0 0 2 2 5 0 0 0 0 0 0 0 0 -1 0 1 0 0 0 0 0 0 0 1 0 0 -1 0 -1 0 1 -1 0 -1 0 0 -1 1 0 0 0 1 0 0 0 1 0 0 0 0 0 0 0 0 0 0 0 0 0 0 0 0 -1 0 0 0 0 0 0 0 -1 0 0 0 0 0 0 0 0 0 
0 0 1 -3 -2 0 1 -3 5 5 0 1 22 -20 -4 5 -3 0 3 43 10 -3 -5 -4 2 1 3 5 -2 -7 3 1 1 0 0 0 0 0 -1 1 0 0 0 1 -1 1 0 0 1 0 0 -1 1 0 -1 -1 1 1 0 1 0 0 -1 0 1 0 0 0 0 1 0 1 0 0 0 0 0 0 0 0 0 0 -1 0 0 0 0 0 0 1 0 0 0 0 1 0 1 0 0 0 1 0 0 0 0 
-1 -1 0 -1 4 1 4 4 -6 -2 -7 -1 -6 6 10 -15 -6 0 15 7 -25 19 9 -4 2 -3 0 -3 -2 -6 0 0 0 1 0 0 0 0 0 0 0 0 0 1 0 0 0 0 0 0 1 0 1 -1 0 1 1 0 0 0 1 1 0 0 0 0 0 0 0 1 0 0 0 0 0 0 0 0 -1 0 0 0 0 0 0 0 0 0 -1 0 0 0 0 0 0 0 1 0 1 0 1 0 0 0 0 
0 0 1 -1 -1 -1 -1 -3 -3 -3 -4 9 -5 -1 -3 -5 2 7 4 52 5 -59 -8 0 -2 -2 -1 1 0 2 0 -1 1 1 0 0 0 0 0 0 0 0 0 0 0 0 0 1 1 0 0 0 0 1 -1 0 -1 -1 0 0 1 0 0 0 1 -1 2 0 0 0 0 0 0 0 0 0 -1 0 0 0 0 -1 0 0 0 0 0 0 0 0 0 0 0 0 1 0 0 0 0 0 0 1 0 1 0 
0 -1 0 1 0 2 0 0 -1 -2 0 2 -7 -1 -4 0 -8 0 -5 5 -38 -20 -3 -1 -1 0 1 0 1 0 2 1 0 0 1 0 0 0 1 1 0 1 -1 0 0 0 2 3 2 2 6 7 0 0 0 0 0 1 -1 0 0 -1 0 0 1 -1 1 -1 0 0 1 0 -1 0 0 0 0 0 0 0 0 0 0 0 -1 0 0 0 0 0 0 0 0 0 0 0 0 0 0 -1 1 0 1 0 0 
1 1 1 0 -1 -3 -3 1 0 0 0 5 -1 -1 1 0 -2 2 -3 -6 -2 -5 0 2 -4 1 0 0 1 1 1 1 8 0 2 1 0 0 -1 0 1 1 1 1 7 3 17 -2 -3 -1 -6 -6 5 -1 0 0 -1 2 -1 0 0 0 0 0 0 0 0 -1 1 0 1 0 0 0 1 1 0 -1 -1 0 0 0 0 0 0 0 0 0 0 0 0 0 0 0 0 0 -1 0 0 0 0 0 1 0 0 
2 2 2 3 0 0 0 0 0 0 1 1 -3 -2 -1 -1 5 2 0 -1 2 0 2 -1 0 0 2 7 3 1 0 -4 -2 9 7 13 2 0 0 1 0 3 10 24 -20 2 -4 -12 2 4 4 -8 -2 -1 -1 0 0 1 -1 0 1 0 1 0 1 -1 0 -1 0 0 0 0 -1 1 0 -1 0 0 1 0 0 0 0 0 0 0 0 1 0 0 0 0 0 0 0 0 0 0 0 1 0 1 1 -1 -1 
2 -1 61 -1 4 1 4 1 0 1 1 1 0 0 0 0 3 -9 -1 0 1 2 1 9 6 21 21 3 -4 0 -2 -2 -7 -3 -14 -8 3 7 2 1 2 6 -4 -3 -3 2 12 25 -26 2 -6 -5 -19 -4 -1 0 0 0 0 0 0 -1 0 1 1 -1 0 0 0 1 0 0 0 1 1 0 0 1 0 0 0 0 0 0 0 0 1 0 -1 0 0 0 0 0 1 0 0 -1 0 0 1 0 1 1 0 
2 29 50 79 -23 11 0 4 1 0 3 0 0 0 1 2 2 2 1 0 0 11 19 33 -3 -13 -28 -3 0 0 -3 -1 3 1 1 0 -4 -7 13 10 19 3 20 6 0 -13 15 -9 -9 -5 -1 -1 1 -2 0 -1 0 0 0 0 0 0 0 -1 0 -1 0 0 0 0 0 1 0 0 0 1 0 -1 0 0 0 0 0 -1 0 0 0 1 0 1 0 0 0 0 1 0 -1 1 0 0 -1 0 1 0 0 
18 113 99 3 80 -10 92 7 6 2 1 0 0 1 1 1 -3 -3 2 6 2 8 5 4 -7 -6 15 2 2 11 3 8 11 4 10 -1 2 3 -3 -2 -16 -12 -2 1 7 -4 4 -5 2 -4 -6 0 2 -1 0 0 0 1 0 0 0 0 0 0 0 0 0 0 0 0 1 0 -1 0 1 0 2 -1 0 1 1 0 1 0 0 1 1 0 0 1 0 0 0 1 1 -1 1 0 0 0 2 0 1 1 1 
91 84 -17 2 3 35 59 50 -12 -3 2 -1 1 0 0 0 0 1 0 1 -3 9 -9 -6 -4 -8 6 16 9 0 -3 11 6 11 -5 12 -2 1 21 0 7 -3 7 20 -4 1 14 -4 2 -9 -4 -2 -1 -2 0 -1 0 0 -1 0 0 0 0 0 0 0 0 0 -1 -1 0 0 -1 -1 1 0 0 0 -1 1 0 0 1 2 0 0 1 1 -1 1 0 1 0 0 2 1 -1 -1 0 0 0 1 0 0 -1 
70 2 16 12 2 4 1 -20 2 -16 -1 2 2 2 0 1 2 1 0 1 1 0 -3 -3 -2 -6 -15 -14 -5 -8 -1 0 -19 -9 3 -5 1 15 24 9 -2 9 23 -8 -10 -1 -5 -17 0 -14 -3 0 0 -1 1 -1 0 1 0 0 1 1 0 0 -1 0 0 0 0 0 0 0 0 1 1 1 0 0 -1 0 1 0 0 0 0 0 -1 1 0 1 -1 1 -1 0 1 0 0 -1 0 1 1 0 1 0 0 
-13 23 22 -2 1 0 -15 0 2 90 0 19 2 -1 3 1 2 2 2 2 1 12 5 1 5 4 9 -4 3 0 1 13 -2 -1 -10 0 25 17 5 -6 -30 -19 -23 -2 1 0 -7 -4 -4 -6 0 0 0 0 0 0 1 0 1 1 1 0 0 0 0 -1 1 0 1 0 0 0 0 -1 0 0 -1 0 0 0 0 -1 0 0 0 0 0 0 0 0 1 2 2 0 1 -1 1 0 0 0 1 0 0 0 0 
-15 15 2 3 0 11 3 1 4 -3 60 -8 26 29 10 46 18 12 2 6 40 92 46 53 61 124 1 3 3 2 9 4 -2 1 4 -7 -7 -26 -20 -5 -16 1 0 -7 -2 -5 -2 0 0 0 1 -1 0 0 0 0 0 0 1 0 0 1 -1 1 1 -1 1 0 -1 -1 0 1 0 0 0 0 0 0 0 0 -1 0 0 0 0 0 0 1 0 1 0 0 0 -1 0 -1 0 0 0 0 0 0 0 0 0 
12 13 16 5 9 1 -6 2 -6 4 1 3 21 10 164 52 64 58 33 182 94 35 13 6 80 14 55 30 19 15 12 -18 -4 -7 9 3 9 -2 -1 -2 -1 0 -1 -1 1 1 -1 0 0 0 0 1 0 0 0 0 0 1 1 1 0 1 0 0 0 0 0 -1 0 0 1 0 -1 0 0 0 0 0 0 0 0 0 0 -1 0 0 1 1 0 1 -1 0 1 0 0 1 0 0 0 -1 0 0 1 2 0 
12 10 2 2 0 -12 -22 10 4 4 2 -2 0 2 -11 -5 -7 -3 11 -9 -6 26 -2 8 4 0 1 -17 20 -84 5 -6 -10 -24 -2 0 2 8 7 -2 1 1 1 0 0 0 -1 1 1 0 1 0 0 -1 1 0 0 0 0 0 1 0 0 1 1 1 1 0 -1 0 0 0 0 0 0 0 -1 1 0 0 0 0 0 0 1 0 1 0 -1 1 0 0 0 0 0 0 0 0 1 -1 1 1 1 0 0 
0 -6 -9 -20 -24 -33 -6 -15 2 2 -4 1 3 0 0 2 -11 -3 -14 7 -8 19 0 1 -6 -9 3 15 5 -1 -29 6 3 4 -2 -6 -10 -22 -11 1 -2 2 2 1 -1 0 0 1 1 0 0 0 1 0 0 0 1 1 0 1 0 1 1 0 1 0 0 1 0 0 1 -1 -1 0 0 1 1 1 0 0 0 0 0 0 0 0 1 0 0 1 0 0 0 0 1 -1 1 -1 0 1 0 1 1 6 0 
-15 -1 -20 -6 3 30 31 27 1 0 3 0 0 -4 3 2 19 2 4 4 0 6 13 -8 0 0 13 -4 8 29 -7 34 17 -3 2 0 1 1 1 -4 6 3 3 16 10 0 2 2 1 1 1 1 1 -1 1 4 1 1 0 1 2 7 3 0 0 0 1 0 0 0 1 1 0 -1 1 1 0 0 0 0 0 0 0 0 0 0 0 0 0 0 1 0 1 1 1 1 0 1 2 0 1 2 11 35 18 
-7 -23 2 16 14 18 3 -9 0 3 2 0 2 -2 4 7 -2 -8 8 -1 -1 -2 -4 0 6 2 0 2 3 -1 2 -5 0 57 -1 16 0 1 2 1 1 3 9 3 -2 27 0 9 9 6 18 5 1 4 1 3 1 -2 1 2 5 24 16 17 -2 4 1 0 1 0 1 0 0 0 0 0 -1 0 0 -1 0 1 1 1 1 1 1 -1 0 0 0 0 1 1 0 1 0 1 1 2 3 19 83 41 39 
11 30 21 0 -12 0 3 1 -2 1 -2 1 4 -2 5 -1 4 4 -4 -3 -1 -3 -3 12 -12 2 1 2 -7 1 0 3 -3 7 46 6 70 6 7 22 0 0 -7 -10 -2 18 4 2 -2 -8 -6 -8 -5 -3 2 0 4 -1 0 1 9 8 -9 -9 27 11 18 3 3 2 0 0 0 0 1 0 1 0 1 0 1 0 1 0 0 0 0 0 0 0 0 0 0 0 1 3 5 1 3 5 31 89 15 21 20 
-30 0 0 -16 16 -19 -6 -11 -1 2 -2 5 -27 15 -7 -12 0 0 -2 -5 2 -9 -6 -1 -3 8 4 -7 9 3 3 0 5 -1 -3 5 10 91 25 57 97 3 30 14 -1 2 -3 -11 -6 -9 -2 -4 1 0 10 35 1 19 8 2 3 26 -5 1 22 28 -12 23 0 -1 2 -2 0 0 -1 1 -1 1 1 -1 0 0 0 1 1 0 -1 1 0 1 0 2 1 1 6 4 -11 5 11 62 60 3 1 3 6 
23 4 0 8 0 -23 33 11 1 1 -2 9 -30 -12 -2 -12 -11 29 -2 -5 0 8 -4 0 4 0 -11 6 11 4 7 1 -6 1 -2 1 -10 -4 3 -2 13 32 12 98 73 1 6 0 2 1 1 1 0 0 7 43 15 -12 21 4 5 1 -28 6 44 45 0 20 46 13 -3 1 1 0 0 0 0 0 1 0 1 0 0 1 0 -1 0 1 0 1 1 1 0 1 7 15 14 6 27 29 -55 0 -4 0 -35 
12 -16 -18 0 -16 7 -3 1 -2 4 -1 -19 -25 16 0 2 0 11 3 14 0 1 3 5 1 -12 -5 4 11 5 -12 -8 5 0 1 -18 0 -11 10 5 3 5 0 7 16 70 -29 4 -2 1 1 0 1 0 0 25 -15 -19 -21 -10 2 3 -5 67 12 -13 -9 14 -15 -9 8 3 1 -1 2 1 1 0 0 0 0 1 0 1 0 1 0 2 1 2 3 4 5 8 6 -14 -13 14 18 -24 38 19 35 38 27 
0 0 -11 -25 7 -14 -12 2 -1 4 1 -17 37 21 -11 6 -21 -27 3 0 -10 -8 3 -7 25 3 -6 13 4 -2 -6 -1 -4 -19 5 1 13 11 -3 2 -9 -17 3 -1 7 -1 60 -19 5 -1 2 1 0 1 7 -9 -10 -17 25 7 19 19 44 56 -12 -80 -54 5 -19 -12 56 55 -3 5 2 18 4 4 1 0 2 0 -1 0 1 -1 1 2 0 6 6 31 34 51 18 31 58 41 53 29 33 14 43 24 2 
-2 -31 -14 -21 21 12 24 14 -1 -4 -5 4 4 6 0 0 -19 -8 -4 -9 -12 6 5 4 -2 -13 7 7 -16 -23 -17 18 2 21 -2 0 0 10 -1 9 5 28 4 0 -6 2 4 63 -33 11 0 1 0 0 2 16 -21 -10 -16 15 36 40 49 -12 -31 -24 8 -19 -16 -74 -15 -40 20 -34 37 28 27 28 -7 6 0 0 0 0 1 0 -2 -1 5 5 36 3 9 -18 -6 19 -1 5 -13 -24 8 25 -1 -8 -10 
-10 -4 0 30 16 0 1 3 0 -6 -1 -14 1 -7 -11 -15 38 0 -15 -8 18 31 -7 -4 0 0 2 -5 9 36 4 8 -14 2 6 3 0 1 2 5 3 2 -4 7 -12 1 0 0 31 -29 21 -1 2 2 1 2 8 -10 12 23 22 27 -5 -13 -27 55 20 38 21 -5 13 -2 -28 -52 -11 -29 7 19 66 -7 2 -1 0 0 0 0 0 1 -3 10 -3 -2 7 2 8 9 11 -6 -17 17 23 25 -13 -10 0 
-2 32 9 0 -25 -21 7 -4 0 -3 -2 7 -20 -16 -7 25 -7 23 10 9 15 -9 14 -1 -14 -3 4 -21 -20 -26 0 8 13 11 -3 -5 0 0 1 0 1 -11 11 8 -2 -8 11 2 4 25 -25 56 3 4 2 0 1 16 -1 7 25 1 -7 2 16 25 9 2 22 26 2 12 0 2 4 0 11 -10 -7 11 -11 2 0 -1 0 0 1 2 1 10 15 -12 28 21 7 11 1 2 3 0 24 -7 -16 1 0 
0 -5 0 -13 3 20 -23 -21 -10 -16 -11 7 21 11 20 27 -6 -10 -17 -11 -3 0 4 -9 2 -4 4 8 3 37 4 17 9 -8 -17 -2 4 -2 -3 -1 -10 13 -17 4 6 4 -1 1 1 0 9 -8 86 15 23 3 3 5 29 -19 -13 -7 -6 7 5 -10 -7 6 -2 13 29 9 50 19 25 50 18 13 9 -22 -14 -2 3 -2 1 1 5 2 0 9 -11 19 3 25 4 5 -11 -1 -3 7 4 -12 -5 -4 -19 
15 -19 15 17 -18 -25 -9 8 -5 7 2 13 -10 -16 7 0 0 0 4 16 -22 -6 5 28 5 7 4 -3 0 -3 0 -8 -27 -16 -16 6 3 -13 -6 4 1 16 10 26 5 -6 -2 0 2 0 1 -1 3 31 17 71 52 13 3 12 -13 -12 3 -17 -9 7 -4 9 -3 -14 8 -9 -24 5 0 -31 -19 -15 1 -41 -30 -8 -3 2 3 5 0 -1 1 -1 2 -2 23 -2 -13 -58 -25 -31 -20 28 -9 0 -10 -36 -10 
10 -2 7 -26 24 4 -16 -26 13 16 5 11 1 -1 -32 0 0 0 -2 7 -10 11 -14 0 -11 -1 -4 -8 -16 -16 -9 2 -1 0 -4 20 0 3 5 -1 -2 -3 -9 14 -24 -15 -7 1 0 1 -1 0 -6 -3 -6 5 -3 126 13 79 11 4 1 8 -6 4 -3 -5 4 -7 22 -1 11 0 11 -1 -3 -12 10 4 -3 1 -2 0 -4 -4 -1 1 0 1 5 -2 1 30 35 -16 46 43 15 12 7 14 -29 18 30 
-3 1 -4 -17 -11 -14 6 27 4 -1 7 9 2 -16 -17 9 -24 -34 17 0 0 -26 -7 -13 -1 2 -5 -2 -5 -13 5 3 -6 1 -3 -12 -14 -6 -1 -7 -3 -8 -2 -11 -15 -10 17 2 1 1 0 -14 -17 -8 7 -6 6 3 2 16 51 98 9 19 -9 -38 -26 -22 -46 -13 -41 -10 -12 -6 5 5 12 16 42 -2 28 -1 0 0 0 0 -1 1 6 4 -3 -5 23 -8 17 15 22 -16 -37 -16 5 18 7 32 7 
-28 -16 -6 1 6 16 9 -4 -7 4 -9 -32 -8 -6 -12 -32 -16 38 10 -4 -9 13 0 14 2 2 -1 1 0 -7 14 0 -2 1 8 3 -3 5 8 -2 -1 -3 2 8 1 32 10 2 1 -1 -1 -6 0 2 1 9 -3 -2 0 1 4 2 12 22 87 74 36 12 -11 -7 -24 -26 26 1 -2 -9 -4 3 5 7 -8 21 -8 0 2 1 1 4 9 0 -2 2 52 56 -16 -30 -8 -46 -28 6 60 -18 22 -3 -9 
4 -3 -7 -1 10 -1 0 -1 15 11 0 4 19 5 6 1 13 11 7 24 14 0 0 0 16 -6 2 7 1 13 4 -1 1 -7 13 -6 -13 -9 2 3 -1 2 4 5 24 12 -1 1 1 0 1 -14 -4 -2 6 0 13 3 2 5 3 -1 2 0 7 27 -1 86 39 106 50 43 33 7 0 -9 -2 -5 3 1 -2 -45 12 -8 0 8 20 25 6 -9 2 61 45 3 -21 -9 -12 -11 4 26 -7 31 1 -2 -9 
0 1 5 11 3 -14 -5 7 2 0 0 0 0 3 10 0 -11 0 3 -27 -5 -42 -18 -30 -4 0 9 5 8 3 -1 6 1 9 5 8 14 0 -19 -3 -6 0 8 3 2 -1 1 1 0 0 -7 -4 -2 7 6 1 3 4 -11 -2 -5 0 0 2 0 0 -2 5 16 9 20 96 43 117 53 13 17 6 -8 8 -4 -26 -23 6 -3 65 62 13 5 -20 32 40 9 -7 1 13 18 -26 9 8 29 13 -33 -9 -6 
6 0 -10 -18 -25 -18 0 -27 0 0 0 4 6 -6 -8 0 0 -33 -14 0 -10 4 33 22 0 2 -20 -21 0 -7 -1 -4 7 3 0 0 3 9 -12 1 8 1 -7 -1 -2 -3 1 0 -1 1 -3 -3 4 13 -6 -4 -1 4 5 10 1 -6 1 -1 2 0 -2 6 1 -2 1 -2 -11 -7 -1 7 -7 126 29 1 7 -49 3 8 9 28 -18 -53 -38 42 49 16 9 -15 -4 -17 -10 8 18 9 0 -42 -27 -13 -51 
0 0 0 0 22 11 -8 3 0 4 -25 -13 -2 -2 -7 -18 -13 5 -26 -17 7 0 12 14 -2 6 14 23 -16 2 -9 -2 -4 -1 2 -1 0 0 4 3 4 5 4 -7 -4 0 0 -3 -1 0 -1 -6 -6 0 -1 10 7 3 -8 -10 -6 -2 1 2 3 3 2 1 -5 -10 -6 -4 -26 5 19 -6 -6 -1 33 2 6 -19 13 44 40 14 -46 70 74 56 -2 10 8 1 -3 -19 3 -12 -13 -13 3 -11 -6 -7 -27 
0 0 0 0 0 1 4 -2 16 7 17 1 -5 -21 -22 -11 17 0 21 24 16 4 0 0 0 4 -2 -12 3 21 19 7 6 2 0 0 0 -1 0 0 3 3 0 -8 -1 2 -1 0 0 0 -2 -4 -9 10 0 -9 -6 -5 -7 15 11 2 3 3 1 -3 1 -1 -10 3 4 2 -9 16 -4 5 1 3 -4 27 -20 -21 23 32 -33 -26 59 -19 -16 -5 9 14 -21 -18 -6 -3 -13 -6 -5 6 37 -3 -12 23 -11 
5 -5 0 0 -15 -10 0 5 0 16 5 -1 27 0 15 0 15 -7 -3 14 -11 3 0 -8 -8 0 0 6 -6 -1 8 2 4 0 3 0 -1 -2 0 3 3 1 0 -5 3 0 -1 0 0 -3 2 -20 -9 7 8 -1 1 0 -7 4 1 -7 0 2 0 -1 1 -1 -8 -11 -1 -2 -8 -7 10 -1 -3 -5 4 1 25 -29 -16 -8 26 35 -14 -15 -2 21 0 2 -23 -19 -24 1 -11 6 8 35 -17 -17 -2 -19 -26 
15 17 -4 0 -11 0 2 9 -1 -7 -14 -5 -5 -8 21 -3 -17 6 7 -11 7 22 -9 -26 -31 -4 -24 -8 10 7 1 4 0 0 0 2 1 1 2 1 1 1 0 1 -9 4 1 2 0 -2 1 -2 -7 2 7 2 4 1 10 3 -1 0 7 -1 -2 3 0 -5 -22 -4 8 -1 -15 0 9 9 1 2 -2 0 3 33 -39 8 -20 -5 -15 -8 17 0 9 5 -58 -12 -5 -5 -3 -13 0 -9 11 7 20 -4 3 
-6 -20 -2 -8 31 23 3 -17 -2 -18 3 2 12 -12 -11 2 -2 -14 5 0 3 -4 -15 2 40 37 18 0 -6 2 2 0 0 0 0 0 -1 0 3 3 2 0 2 0 3 -3 6 -1 1 0 1 0 7 8 8 5 -6 -2 -3 -14 -5 5 -6 0 6 4 0 -4 -12 0 3 -6 -8 9 6 3 -2 -4 -4 2 1 -1 25 -11 61 -43 -2 -23 3 -3 1 -32 -42 -4 -9 -11 -19 -15 4 11 12 28 20 9 27 
5 21 1 -3 0 -2 -5 5 21 -2 38 21 0 -9 6 19 -8 -21 7 -10 30 0 22 13 0 -3 -25 -35 8 4 0 0 0 0 0 -28 -9 7 -9 0 0 -1 2 -2 -3 4 -1 0 0 0 1 0 0 2 5 -6 -7 4 5 7 9 6 8 4 7 -1 0 -8 8 12 -3 8 12 1 4 0 8 -6 2 5 2 2 1 -2 7 44 123 9 -27 -27 -81 -120 -36 -2 7 -8 0 6 8 5 14 17 15 1 -8 
25 -2 -12 -21 3 -4 -7 -5 -27 3 1 -13 -9 -26 0 0 0 4 -20 26 -26 -27 8 -2 -6 32 9 2 17 -18 -25 -22 11 -20 -4 11 -8 14 2 -9 -8 -7 -7 -8 -2 -4 4 -1 3 1 -2 -1 0 -2 -6 -3 -11 -3 0 3 1 2 0 1 0 -8 -3 -4 3 2 -2 2 -2 6 2 -1 2 5 10 2 4 0 -1 -1 0 -5 2 25 37 90 81 35 6 1 2 -5 0 0 21 -1 12 17 -43 -47 -52 
-7 3 -6 2 -6 6 1 0 -8 14 16 -15 2 22 -7 -23 4 0 3 -7 -10 -6 9 0 -4 3 16 0 -7 4 22 -1 4 5 -14 -9 13 7 -16 -3 7 2 0 -13 3 -2 -5 -6 15 -1 2 2 0 -1 -2 13 10 2 11 12 7 1 2 0 -3 -4 10 0 2 -2 2 6 10 4 1 -1 3 3 1 1 2 1 7 0 5 4 2 1 -3 10 26 20 12 59 27 7 3 -2 -25 -51 -25 1 -39 -12 -5 
0 0 -5 17 31 -4 -6 0 2 3 -1 7 -3 -20 0 -6 -6 1 0 -26 3 20 0 -21 -7 -7 -8 0 5 -9 -7 -4 -11 18 12 14 15 -23 -8 -6 12 1 -9 1 9 5 0 -2 3 3 0 0 0 2 -3 2 10 3 7 5 3 1 0 2 -2 -1 8 -3 4 -1 -1 0 2 7 7 -5 4 3 1 4 -2 3 -4 3 2 -3 -1 1 1 2 -3 -5 1 58 82 30 58 24 36 11 4 4 1 0 3 
-8 -39 12 12 -16 -13 2 -1 -6 6 1 0 5 -1 -3 -2 -4 7 1 16 34 0 -13 -9 8 1 25 30 11 -9 -8 -10 4 9 0 9 4 13 21 14 21 -1 18 20 -13 -4 -6 5 2 2 2 2 -1 1 1 4 -1 4 6 2 3 2 1 -1 0 8 3 1 -3 0 -1 4 1 1 0 -7 3 1 -3 1 -8 0 0 -1 -1 -1 2 1 0 1 1 2 1 -1 2 16 13 96 38 49 103 74 177 75 72 
26 3 1 -16 -17 3 9 0 4 0 13 -1 6 9 2 -2 2 1 0 0 0 0 11 0 -1 2 -3 0 0 14 28 3 19 6 6 0 0 0 0 -32 -21 -17 -17 -4 7 -1 11 6 1 2 5 -2 1 0 -1 1 2 -1 -13 -13 -6 0 -2 1 2 0 1 1 -3 2 3 -9 -2 -6 0 -13 1 -2 4 0 6 -1 -2 0 1 0 1 0 1 2 1 2 -1 -9 -8 3 -3 0 2 9 1 38 10 2 16 
13 -24 6 -1 7 2 3 5 4 0 0 0 -11 1 12 -6 -7 7 -7 0 -21 -10 -16 -46 -40 20 -3 23 7 -3 0 0 -8 -2 0 -13 -23 -13 -4 21 29 21 16 26 13 -2 7 3 2 1 2 1 1 -3 -3 0 -3 -18 -29 -14 17 0 0 0 -1 1 5 1 -9 4 5 1 -12 0 -4 21 11 -2 -4 7 -10 0 0 2 2 -3 -1 0 0 1 -1 0 -1 -12 13 6 2 -2 2 0 2 0 2 0 1 
29 8 17 4 12 5 7 0 0 0 -9 4 0 0 -3 9 10 2 4 3 -3 3 -24 18 16 0 -9 -17 -13 0 -14 -3 2 -21 -7 -21 -19 16 15 4 7 -1 4 3 -6 6 18 7 3 -1 0 1 2 -1 -1 0 -5 -15 5 6 -3 3 -30 -9 -5 5 1 0 4 -6 -5 0 27 -1 -3 17 -3 -8 5 -11 -2 -7 8 4 4 4 2 0 -2 2 0 0 2 2 -2 4 1 -1 2 4 2 0 0 1 2 
0 0 0 0 0 0 -1 -1 -5 0 0 6 4 4 3 3 3 1 2 1 0 20 26 -2 0 0 -7 -7 -25 0 -7 23 -12 2 7 -10 21 16 -2 0 0 0 -4 -1 -6 8 6 0 0 0 0 0 -5 -3 2 1 -2 -14 -4 -3 3 -18 -2 -1 -5 -9 -8 2 -4 -9 6 -22 0 3 -25 3 2 23 3 -2 1 4 17 -13 0 -11 -1 0 0 2 -1 1 1 -1 -3 -2 3 3 4 2 1 0 1 0 1 
0 0 0 -1 -4 0 0 0 -4 -2 -4 0 0 0 -3 0 2 0 0 -7 -9 5 0 -16 2 -16 7 3 -3 1 0 -10 11 -6 0 -23 21 0 -5 3 -13 -11 -7 0 -6 8 -1 -1 0 2 0 0 1 1 2 -1 0 -7 -15 5 10 21 1 -1 -1 -1 26 0 -11 4 10 5 0 0 14 12 9 -32 -23 -5 10 14 -11 -12 -17 -21 11 0 0 -1 0 -1 0 -1 0 4 3 1 0 2 0 -1 1 0 0 
2 -30 -33 18 6 -14 0 0 0 -3 -6 5 -2 0 -1 -1 3 1 -1 0 5 -12 -16 4 13 7 0 -5 0 -1 -9 0 -16 -14 -21 18 2 -2 2 -14 -20 17 17 -2 -8 -12 -8 0 -14 -36 -2 -4 4 -5 0 2 1 -10 0 -4 -5 7 12 3 29 2 -20 -8 -1 0 -6 -30 -25 -24 -16 -13 8 -12 1 14 13 -6 -9 5 -25 6 4 1 0 0 -6 2 1 2 -2 12 0 0 1 1 0 1 -1 0 1 
-16 -3 44 21 0 2 5 5 -1 0 -4 1 6 0 0 -2 2 -2 1 -1 7 5 7 8 -6 -6 -3 -2 -21 -20 -4 20 21 40 32 0 -2 -14 -18 -12 -7 28 -19 9 -1 5 -7 -2 4 4 -7 9 -18 10 3 0 0 11 5 14 3 -17 -11 -9 -3 -9 7 20 11 -6 -3 -9 33 41 -20 21 0 0 32 47 0 1 0 -29 12 7 2 0 -2 -1 2 3 1 -4 -7 -27 0 -12 -2 0 0 -1 0 0 0 
6 0 0 -17 -19 3 0 0 0 0 -2 -2 -8 4 -8 0 0 2 -2 0 0 1 7 -2 7 7 -15 -18 -6 -5 -6 8 6 3 -2 0 -18 28 20 -11 17 -8 -15 14 -2 5 6 0 19 21 21 -2 10 -21 -9 -8 -9 -6 3 -1 16 2 20 18 -5 -7 5 -14 16 -16 1 9 -19 -47 30 33 -19 4 -24 2 0 -13 -32 4 5 3 1 0 -2 4 3 0 -2 -9 4 -19 14 15 1 0 2 0 -1 0 -1 
-13 -13 -19 15 21 1 -4 -6 -5 0 -1 3 -10 12 9 0 -2 0 -1 5 0 6 0 -2 -3 -9 -2 -10 -12 -13 24 -14 -6 5 21 -19 20 0 0 3 0 0 -5 -34 -24 -8 -6 -6 -4 -2 0 6 2 -8 23 -5 25 0 -4 5 -1 11 -10 -24 16 2 0 3 7 8 2 4 -24 39 17 -1 17 27 36 20 17 -10 1 13 0 1 2 7 4 6 -4 1 -10 -7 -21 15 12 3 2 1 1 1 0 -2 -6 
1 9 7 24 0 8 14 0 2 -1 -12 0 2 1 11 9 -10 -6 -8 -16 2 0 -2 -1 1 0 10 12 -7 16 -12 -16 5 -19 11 12 -10 -20 -8 2 -28 -14 4 -13 18 1 4 -9 9 -15 12 7 -2 0 -29 8 16 -17 -14 -31 -17 0 14 17 7 -21 2 4 -18 13 4 13 11 2 -10 14 -8 -18 -2 6 -9 0 -15 -13 6 -1 9 -7 -5 0 -6 -6 3 1 15 6 -3 6 2 1 2 -1 0 -1 -14 
18 -13 -27 -20 -36 -27 -26 -23 -15 -12 2 6 3 0 4 4 0 12 5 4 -4 4 -1 4 -16 -23 2 -3 4 -14 -16 5 23 -2 0 14 31 -12 14 0 6 1 4 -13 17 8 3 -4 -16 10 6 4 11 9 0 14 19 -2 13 -12 2 28 4 -8 -16 -21 -1 7 5 0 2 -14 0 17 14 5 0 -31 -7 8 1 -7 -21 1 2 -4 -17 -18 -12 -15 1 -2 -5 4 -11 0 0 3 -1 4 -2 0 0 -8 -5 
0 10 -13 31 9 18 22 20 41 15 0 0 0 0 0 -3 0 -3 -17 -6 -5 -2 0 -7 0 0 -2 4 1 4 -14 -8 -27 18 -10 -6 -18 30 -34 -22 8 -13 -12 18 4 -22 -10 -3 1 11 -13 -20 3 0 -11 0 13 10 -2 16 -5 -4 3 2 -7 29 2 1 7 4 -3 -35 -16 -19 -38 -20 -21 28 33 35 -1 -5 -1 11 2 8 7 18 -12 -10 6 9 -5 10 -1 -2 5 -5 0 5 1 -2 0 -7 16 
0 -7 12 3 0 0 0 8 0 0 -1 -1 -23 0 -1 -4 1 0 -12 0 3 2 9 8 -1 2 -4 -15 -4 -7 -10 -12 9 8 -15 -10 -1 -3 -14 -8 -9 -9 -8 0 3 7 -12 20 -7 -11 -14 13 -7 -29 12 -7 -6 -11 -41 22 5 -10 -13 9 18 -2 -17 -13 -26 -17 0 0 0 26 30 4 16 -4 0 0 2 -13 18 3 4 7 -14 5 2 9 30 6 -10 6 8 14 -7 3 2 -17 -14 -3 -2 0 3 
-25 -8 0 -1 7 0 -15 -2 -7 0 -24 -12 -27 19 2 -7 -9 0 -2 -5 -1 -5 2 -1 -8 -10 9 17 3 -2 -8 10 13 -18 -2 -8 9 -1 -7 -18 -13 17 14 14 -22 4 -33 -4 28 -1 -2 -14 -15 -8 3 -25 -18 -5 -41 15 -17 2 2 28 2 5 0 3 -6 18 13 -20 0 -11 0 -20 4 -27 -14 -31 0 -6 6 1 1 -17 6 -1 6 -2 9 -18 5 5 0 -7 23 4 -3 3 -33 18 0 3 3 
5 -1 8 18 -7 -10 -7 14 -23 -4 -1 7 -9 -12 2 8 5 3 4 0 1 11 -13 -5 -11 -5 -16 4 -4 -3 -5 -4 -1 -8 0 16 30 -10 3 9 8 16 -16 -7 0 4 8 7 -19 -7 7 -8 9 -17 0 16 3 23 46 18 33 35 0 4 -9 -6 -23 -1 -7 -20 -14 -6 -12 22 42 -14 -36 -29 -33 16 -1 0 -1 -2 -17 11 9 -7 -30 -3 -21 11 7 -18 -8 7 0 -1 -10 -1 16 10 0 0 7 
8 -12 -3 -11 10 30 0 5 11 -20 -16 -7 -3 -1 5 11 11 2 0 0 1 -3 13 12 21 -13 -4 -12 -15 10 1 0 20 8 0 1 -4 -4 11 -1 20 0 13 7 -1 3 -3 -31 -10 0 -8 0 -6 14 4 4 9 6 7 -7 -7 -7 -16 -18 -16 -10 15 7 -1 0 -10 17 10 4 -56 -34 47 23 -13 -5 19 -12 6 7 0 -17 15 -2 1 17 35 8 0 22 0 -6 3 9 -7 11 7 1 1 -13 -33 
-5 -3 17 17 11 10 0 -16 -3 -7 -2 10 4 10 2 9 2 0 0 6 0 1 0 0 10 7 18 7 3 -16 -10 -31 -4 -7 12 14 -3 -6 10 13 -12 8 -2 -14 -3 -14 -28 -19 5 -9 8 -9 -3 -5 -2 6 -12 -2 5 13 -19 -16 4 -1 16 11 -3 0 0 8 1 -20 -2 -4 24 28 -10 -21 10 -9 -2 27 6 -11 0 -2 -26 28 6 1 -6 0 -4 0 0 0 3 -2 15 0 3 0 -22 -9 30 
1 -5 7 9 5 -10 10 0 -11 5 -4 7 3 11 0 0 0 -7 0 0 0 0 1 4 0 6 0 0 0 -9 13 2 6 2 15 0 -10 -7 -7 -7 1 6 -23 -8 -2 16 3 32 30 22 26 -6 1 0 17 11 -2 6 0 0 15 1 6 12 0 2 -11 -2 -2 0 -5 -18 24 25 -9 -37 -6 4 2 -44 14 21 2 7 -35 -30 -2 -44 -25 -2 -6 -6 21 7 -33 25 -3 4 -7 15 -4 2 -19 12 35 
22 7 -3 14 3 -3 -25 -8 17 5 18 13 8 -1 0 5 -2 -1 8 -7 -4 -4 0 0 0 -4 -8 0 0 0 -5 16 -22 11 -27 -1 -14 11 4 15 9 7 -8 5 5 7 0 4 0 3 -6 -2 -1 8 16 0 -2 -4 -6 -16 -13 -1 12 -8 -42 -4 -3 -2 -14 -23 -7 11 9 -21 -21 -5 -20 -3 29 30 20 -6 0 -2 16 27 10 -6 11 16 -1 14 30 -18 -6 19 -6 -21 0 -9 -26 0 16 -2 -14 
-6 1 -4 -2 3 0 21 11 5 0 0 0 0 -8 -2 3 3 0 -7 4 7 7 0 -3 -6 0 9 -13 -20 -23 11 0 0 16 37 4 16 -7 -11 -15 3 9 -5 2 -11 -11 -5 -8 -23 -11 -5 -5 2 -4 -11 -1 -8 4 -14 -21 9 12 0 -5 2 7 -12 -10 1 5 26 11 0 0 -1 23 26 46 39 2 0 -13 46 -31 0 -14 0 7 32 19 7 13 -33 -17 27 -11 -6 -2 2 -12 13 2 -7 -1 0 
