0 1 0 0 0 0 0 -1 0 1 1 0 0 0 1 -1 0 -2 0 0 0 1 0 0 0 -1 0 0 0 0 0 0 0 0 0 0 0 0 0 1 0 -1 0 0 0 0 0 0 0 0 0 0 0 0 0 0 0 0 0 0 0 -1 0 -1 0 0 0 0 -1 0 0 -1 -1 0 0 0 0 0 0 0 0 0 0 0 0 1 -1 0 0 0 0 0 0 -1 0 0 0 0 0 0 0 0 0 0 0 
1 0 0 0 0 0 0 0 0 0 0 -1 -2 -1 0 -1 0 -1 1 0 0 0 0 -1 0 0 0 0 -1 0 0 0 0 0 0 0 0 1 0 0 0 0 0 -1 0 0 0 -1 0 0 0 0 0 0 0 0 0 0 0 0 0 0 0 0 0 0 0 0 0 0 0 0 -1 0 1 0 0 0 0 0 -1 0 0 0 0 0 -1 -1 0 0 0 1 0 0 0 0 0 0 0 0 0 0 0 0 0 
1 0 -1 1 0 0 0 0 0 0 0 0 1 0 0 0 -1 -1 0 0 0 1 0 1 0 0 0 0 0 0 0 0 0 0 0 0 0 1 0 0 0 0 0 -1 -1 1 1 0 1 0 -1 1 0 0 1 0 0 0 0 0 0 0 0 0 0 0 -1 0 0 1 0 1 0 0 1 -1 -1 0 0 0 0 0 1 -1 0 0 -1 0 1 0 0 0 0 0 0 0 -1 0 0 0 0 0 0 0 0 
0 0 -1 0 0 0 0 0 0 0 0 0 -1 0 0 0 -1 -1 1 -1 0 0 0 -1 0 0 0 0 0 1 0 0 0 0 0 0 0 -1 -1 1 0 0 0 -1 1 0 0 0 0 0 0 0 0 0 0 0 0 0 0 0 0 0 0 0 0 0 -1 0 -1 1 1 0 -1 0 0 0 -1 0 0 0 -1 0 0 0 0 0 -1 0 0 0 0 0 -1 0 0 0 0 0 0 0 0 0 0 0 0 
0 0 0 0 0 0 -1 0 0 0 0 0 0 0 0 0 0 0 0 0 0 0 1 0 0 -1 0 0 -1 0 0 0 0 0 0 0 0 -1 0 1 0 1 0 -1 -1 1 1 1 0 0 0 0 0 0 0 0 0 0 0 -1 0 -1 1 1 -1 0 0 0 -1 0 1 1 0 1 1 -1 0 0 0 0 -1 -1 1 0 0 0 1 0 -1 0 0 0 0 0 0 0 0 0 0 0 0 0 0 0 0 
-1 0 1 -1 0 0 -1 0 0 0 0 0 0 0 0 -1 0 -1 0 0 0 1 -1 0 0 -1 0 -1 0 -1 0 0 0 0 0 0 0 0 0 -1 0 0 0 0 -1 0 0 0 0 0 0 0 -1 0 1 0 0 0 -1 0 0 0 0 -1 0 0 0 0 0 1 0 0 -1 0 0 0 0 0 0 0 0 -1 0 0 0 -1 0 -1 0 0 0 -1 0 0 0 0 0 0 0 1 -1 0 0 0 0 
-1 -1 0 -1 1 -1 -1 0 -1 -1 0 0 0 0 0 0 -1 0 1 0 0 1 -1 -2 0 1 0 0 -1 0 0 0 0 0 0 0 0 0 0 0 1 0 -1 -1 0 0 1 0 -1 0 0 0 -1 0 0 0 0 0 0 0 0 0 0 1 0 0 0 0 0 1 0 0 -1 0 0 0 0 0 -1 0 -1 0 0 0 0 -1 0 -1 0 0 1 0 0 0 0 -1 0 0 0 0 0 0 0 0 0 
0 0 0 0 0 0 0 0 0 0 0 0 0 0 0 0 0 -1 0 0 0 1 1 0 0 0 0 0 -1 0 0 0 0 0 0 0 0 0 0 0 0 0 0 -1 -1 0 1 0 -1 0 0 0 -1 0 0 0 0 0 0 1 0 0 0 1 0 0 0 0 0 1 0 0 0 1 0 0 0 0 0 1 0 -1 0 0 0 1 0 0 1 0 0 -1 0 0 1 0 0 0 0 0 0 0 0 0 0 
0 0 0 0 0 0 0 0 0 0 0 0 0 0 0 0 0 -2 1 -1 0 0 0 0 0 0 0 0 1 -1 0 1 0 0 0 -1 0 0 0 0 0 0 0 1 -1 -1 0 0 -1 0 0 0 -1 0 0 0 0 1 0 0 0 0 0 0 0 0 -1 0 0 1 -1 0 0 0 1 0 -1 -1 0 1 0 -1 0 0 0 0 1 -1 0 0 1 -1 0 0 0 0 0 0 0 0 -1 0 0 0 0 
-1 0 0 0 1 0 0 0 0 0 0 0 0 0 0 0 1 0 1 1 0 0 0 0 0 1 0 1 0 -1 0 0 0 0 0 0 0 0 0 0 0 0 0 -1 1 -1 1 -1 1 0 0 0 -1 0 0 0 0 0 0 0 0 0 0 1 0 0 -1 1 -1 0 0 0 -1 1 1 0 -1 0 1 0 -1 0 0 1 0 1 0 0 1 0 0 -1 0 0 0 0 0 0 0 0 0 0 0 -1 0 
1 3 0 -5 0 0 1 -1 -1 0 0 0 0 0 0 0 0 -1 0 0 0 0 0 0 -1 0 0 0 0 -1 -1 0 0 0 1 0 0 0 0 0 0 0 0 0 0 0 0 0 0 -1 0 0 0 0 0 0 0 0 0 0 0 0 0 0 0 0 -1 1 0 1 0 0 -1 1 0 0 -1 -1 1 1 0 -1 -1 1 0 0 1 -1 0 0 0 0 -1 0 0 0 -1 0 0 0 0 0 0 0 0 
3 2 0 0 -5 0 -2 0 -1 0 0 0 0 0 -1 1 0 0 1 1 0 -1 0 -1 0 0 0 0 -1 0 -1 0 0 0 0 0 0 0 0 0 0 0 0 -1 0 -1 0 1 0 0 0 0 -1 0 0 0 0 0 0 0 0 0 0 0 0 0 1 0 0 0 0 1 -1 0 0 0 0 1 0 0 0 0 0 1 0 0 0 -1 0 0 1 0 -1 0 0 0 0 0 0 0 1 0 0 0 0 
2 -2 8 0 2 -7 -6 0 0 -1 -1 0 0 0 0 0 0 0 0 0 -1 -1 0 0 0 -1 0 -1 1 -1 0 0 0 0 0 0 0 0 0 0 0 0 0 -1 0 0 0 0 -1 0 0 0 -1 0 0 0 0 0 0 0 0 0 0 1 0 0 0 0 -1 0 0 2 -1 0 0 0 0 -1 0 0 0 -1 0 0 0 1 0 0 1 0 1 -1 0 0 0 -1 0 0 0 1 0 -1 0 0 0 
1 6 19 -1 0 -14 -4 1 -2 0 -1 0 0 0 0 -1 1 -1 0 0 1 0 0 -1 0 -2 1 -1 1 0 0 0 0 0 0 0 1 0 0 0 0 0 0 0 -1 -1 0 0 0 -1 0 0 0 0 1 0 0 0 0 0 0 0 0 1 0 0 0 0 0 1 0 0 -1 0 0 -1 0 0 0 1 0 0 -1 0 -1 0 0 0 0 0 1 -1 0 0 0 0 0 1 0 0 0 0 0 0 0 
9 -4 -5 -1 5 -13 -7 -1 -1 -3 8 -1 0 0 0 0 0 -1 1 1 1 -1 0 0 1 0 1 0 0 0 0 -1 1 -1 0 0 0 0 0 0 0 0 0 0 1 -1 0 0 1 0 0 0 0 0 0 0 0 0 0 0 0 0 0 0 0 0 1 0 1 0 0 0 0 0 0 0 1 0 0 1 -1 0 0 0 1 0 0 0 0 0 1 0 0 0 0 0 0 0 0 0 0 -1 0 -1 0 
-4 -8 -1 -3 5 0 -3 1 1 -14 -1 0 -1 -1 0 0 0 -1 0 -1 -1 0 0 0 0 -1 0 0 1 -1 0 0 0 0 0 0 -1 0 0 0 0 0 0 0 -1 -1 1 1 0 -1 0 -1 -1 0 1 0 0 0 0 0 0 0 0 0 0 -1 1 0 0 1 0 0 0 0 0 -1 1 0 0 1 1 -1 -1 -1 0 1 0 -1 0 0 0 -1 0 0 0 0 0 0 0 0 0 0 0 0 1 
-6 -4 0 -3 3 -4 0 0 -10 1 -3 0 0 0 0 0 0 0 1 0 0 -1 0 0 0 -1 0 0 0 0 0 0 0 0 0 0 0 0 0 0 0 0 0 0 0 0 -1 0 0 0 -1 0 -1 0 0 0 0 0 0 0 0 0 0 0 0 -1 0 0 -1 0 0 0 -1 0 0 0 0 -1 1 0 0 0 1 0 0 1 0 -1 0 0 1 0 0 0 -1 0 0 0 0 1 -1 0 0 0 0 
-2 0 -1 0 0 0 1 0 0 -1 -1 0 0 0 -1 0 0 0 0 0 0 -1 0 0 1 0 0 0 0 -1 0 0 1 0 0 0 -1 0 0 0 0 0 0 0 0 0 0 0 1 0 0 0 -1 0 0 0 0 0 0 0 0 0 0 0 0 0 1 0 0 -1 0 0 0 0 0 0 -1 1 0 1 0 -1 0 0 0 0 0 -1 1 0 0 1 0 0 0 0 0 1 -1 1 0 0 0 0 0 
-3 -1 0 -1 0 1 4 7 -5 0 0 0 1 -1 0 0 -1 1 0 0 0 -1 0 0 0 0 0 0 0 0 -1 1 0 0 0 0 0 0 0 0 0 0 0 0 0 -1 0 0 -1 1 0 0 -1 0 0 0 0 0 0 0 0 0 0 0 0 -1 0 0 1 0 0 0 1 0 0 -1 0 1 0 -1 -1 0 0 -1 -1 0 0 -1 1 0 -1 0 0 0 0 0 0 0 0 1 0 0 0 0 0 
-1 -1 1 -1 0 1 0 -4 -4 -1 -1 0 0 0 0 0 0 0 0 0 0 0 0 0 1 0 -1 0 -1 0 0 1 -1 1 0 0 -1 0 1 0 1 0 0 0 0 -1 0 0 0 0 0 0 0 -1 -1 0 0 0 0 0 0 0 0 0 0 0 0 0 0 0 0 0 0 0 0 -1 0 1 0 1 -1 -1 0 0 1 0 0 0 -1 1 0 1 0 0 0 0 0 0 0 0 0 0 0 0 1 
-4 -1 0 -1 3 0 6 1 -1 -1 -1 0 0 0 0 0 0 0 0 0 -1 0 1 -1 0 -1 1 1 0 0 -1 0 0 0 1 0 0 0 0 0 0 0 0 0 0 0 0 0 0 0 0 0 -1 0 0 0 1 0 0 0 0 0 0 0 0 0 0 0 0 0 -1 1 1 1 0 0 -1 0 0 0 1 0 -1 0 0 0 0 -1 0 0 -1 1 0 0 -1 1 -1 0 0 1 1 0 0 0 0 
-3 0 0 2 0 1 8 0 -5 -1 0 0 0 0 0 0 0 0 0 0 0 0 0 -1 1 -1 0 0 2 0 -1 0 0 -1 0 1 0 0 0 0 0 0 0 0 0 -1 0 0 0 0 0 0 0 -1 -1 0 0 0 -1 0 0 0 -1 0 0 0 0 0 -1 0 0 0 -1 0 0 0 0 0 0 0 0 1 -1 0 0 0 -1 0 -1 0 0 1 0 -1 0 0 0 0 0 0 1 0 1 0 0 
-5 -3 3 0 -5 4 5 -13 0 0 -1 0 0 0 0 0 0 0 0 0 0 -1 1 0 1 -1 1 -1 0 0 -1 0 -1 0 1 0 -1 1 0 0 0 0 0 0 0 0 0 0 0 0 0 0 0 0 -1 0 1 -1 0 0 0 0 0 0 0 0 0 0 -1 0 0 0 0 0 0 0 0 0 0 1 0 0 0 0 1 0 0 1 0 0 0 0 -1 0 1 0 -1 0 -1 0 0 1 0 -1 0 
-11 -1 2 -1 0 0 -2 0 0 0 0 -1 0 0 0 0 -1 0 1 0 0 -1 1 -1 0 -1 0 1 1 0 0 0 0 -1 0 1 -1 1 1 0 0 0 0 0 0 0 0 0 0 0 0 0 0 0 0 0 -1 0 1 0 0 0 0 0 0 0 0 0 -1 0 0 0 1 0 0 0 0 0 0 0 1 0 0 -1 0 0 0 0 -1 0 0 0 0 0 -1 0 0 0 0 1 0 0 1 0 -1 
-4 -3 9 -1 -3 0 0 0 0 -1 0 0 1 -1 0 0 0 1 0 0 0 -1 1 -1 1 0 1 -1 0 1 0 0 1 0 0 1 -1 -1 0 -1 -1 0 -1 0 0 -1 0 0 0 0 0 0 0 -1 -1 0 0 0 1 -1 0 0 0 0 0 0 0 0 -1 0 0 0 0 0 0 0 1 0 0 0 -1 1 0 -1 1 0 0 1 0 1 0 0 0 0 -1 0 -1 0 0 0 0 -1 0 1 0 
1 -2 6 -1 -3 -2 0 0 0 -1 0 0 1 0 0 0 0 0 0 0 0 -1 1 -1 1 -1 0 0 1 -1 0 -1 0 -1 1 -1 -1 1 1 -1 -1 0 1 0 0 0 0 0 0 0 0 0 0 0 -1 1 0 -1 0 1 0 0 0 0 0 0 0 0 0 0 0 0 0 0 0 0 0 0 0 0 0 1 0 -1 0 0 0 0 -1 0 0 0 -1 -1 0 0 -1 -1 -1 -1 -1 0 0 0 0 
7 -3 0 -4 0 -1 0 0 0 0 0 0 0 -1 -1 0 0 0 0 0 0 -1 0 -1 0 -1 0 0 0 0 1 0 0 0 0 0 -1 0 0 0 0 0 0 0 0 0 0 0 0 0 0 0 0 0 0 0 1 0 1 0 -1 0 0 0 0 0 0 0 0 0 0 0 0 0 0 0 0 0 0 -1 1 -1 -1 0 1 0 0 0 -1 0 0 0 -1 0 0 0 0 1 0 0 0 1 0 0 1 
-4 -2 -1 0 0 -1 0 0 0 -1 0 0 1 0 0 0 0 0 0 0 0 -1 0 0 0 -2 1 -1 0 0 0 1 0 0 0 0 0 0 0 -1 -1 0 -1 0 0 1 1 0 0 0 0 0 0 0 0 -1 0 0 0 0 -1 0 0 0 0 0 0 0 0 0 0 0 -1 0 0 0 0 0 0 0 0 0 0 0 1 0 0 0 0 0 -1 1 1 0 0 0 -1 0 0 -1 0 -1 1 0 0 
1 2 0 -2 0 1 1 0 0 0 -2 0 0 -1 0 -1 0 0 0 0 1 0 0 0 0 0 0 0 -1 0 0 0 0 0 0 0 -2 0 -1 0 0 1 0 0 0 0 0 0 0 0 0 1 -1 0 0 0 0 0 0 0 0 -1 0 0 0 0 0 0 0 0 0 0 0 0 0 0 0 0 -1 0 0 0 0 -1 0 0 0 1 0 0 0 0 -1 1 0 0 0 -1 0 0 1 0 1 1 0 
1 1 2 0 0 2 1 1 2 0 1 0 -1 1 -3 1 -1 1 -1 0 -1 0 1 -1 0 0 0 0 0 -1 0 0 0 0 0 0 -1 0 -1 0 0 0 -1 0 0 0 -1 1 0 0 0 1 0 0 0 0 0 1 0 0 0 0 0 1 0 0 0 0 0 0 0 0 0 0 0 0 0 0 0 0 0 0 0 0 1 0 0 0 0 1 0 0 0 0 -1 0 0 -1 0 0 0 0 0 0 1 
0 2 0 -2 0 1 0 2 -2 2 -3 -2 -1 0 2 -2 0 0 -1 -1 -1 0 1 0 0 0 0 -1 0 0 1 0 1 -1 1 1 0 0 1 -1 -1 1 0 0 0 1 0 0 -1 0 0 0 0 0 0 0 0 0 0 0 -1 1 -1 0 0 0 0 0 0 0 0 0 0 0 0 0 0 0 0 0 0 -1 0 -1 1 0 0 0 0 0 0 0 -1 0 1 1 0 -1 1 0 0 0 1 1 0 
0 3 -1 -2 0 0 0 2 2 3 0 -2 1 7 -9 0 -3 0 -2 0 0 0 0 0 0 0 0 0 1 1 0 -1 0 0 -1 0 0 0 0 1 0 0 0 0 0 0 1 0 0 0 0 0 0 0 0 0 0 0 -1 0 -1 1 0 0 -1 0 0 0 0 0 0 0 0 0 0 0 0 0 0 0 0 0 0 0 1 0 0 0 -1 1 0 0 0 0 0 0 0 0 -1 0 -1 0 0 0 -1 
0 0 1 0 2 -1 0 0 3 1 1 0 3 17 -12 -1 0 -2 -1 0 0 0 0 0 0 -1 1 0 0 0 0 0 -1 0 0 0 0 0 0 1 0 1 -1 0 1 1 0 0 0 0 -1 0 0 0 0 0 0 0 0 0 0 0 1 0 0 0 0 0 0 0 0 0 0 0 0 0 0 0 0 0 0 0 0 0 0 0 0 0 0 0 0 0 -1 0 -1 0 0 0 0 0 0 0 0 0 1 
-2 0 0 -3 1 0 -1 0 4 5 -3 0 0 1 -9 -1 -4 0 0 0 -1 0 0 0 0 -1 0 0 0 0 0 0 -1 0 0 1 -1 0 1 0 -1 -1 0 -1 0 0 0 0 -1 0 0 0 0 0 0 0 0 0 0 0 0 0 -1 0 0 0 0 1 0 0 0 -1 0 0 0 0 0 0 0 0 -1 0 0 -1 0 0 0 -1 0 0 0 0 -1 0 0 0 1 0 0 0 0 0 1 0 0 
-3 1 0 0 -1 4 2 -3 0 4 3 -3 1 0 -4 -2 -1 0 0 1 0 -1 -1 0 0 0 0 0 0 0 1 0 0 0 0 0 -1 0 0 0 -1 0 -1 1 0 0 0 0 0 0 1 1 0 0 0 0 0 0 0 0 0 1 0 0 0 0 0 0 0 0 0 -1 0 0 0 0 0 0 0 0 0 0 0 0 0 0 0 0 -1 0 0 0 -1 1 0 0 0 0 0 0 0 0 0 0 0 
-4 0 2 1 2 -1 3 -1 4 -2 8 -7 -7 -3 2 -3 0 -1 1 1 -1 0 0 -1 2 -2 0 0 0 0 0 0 0 0 0 0 0 0 0 0 0 -1 0 -1 0 1 -1 1 -1 0 0 0 0 0 0 0 0 0 0 0 0 1 -1 0 0 0 0 -1 1 -1 0 0 0 -1 1 0 0 0 0 0 0 0 0 0 0 0 0 0 0 0 -1 0 0 0 1 0 1 0 0 0 0 0 0 -1 1 
0 -1 1 1 -2 0 1 0 5 1 0 3 0 -5 -3 0 -2 -1 5 2 0 -3 -2 0 -1 0 0 1 3 -1 0 0 0 0 0 0 0 -1 0 1 0 0 -1 0 -1 0 -1 0 -1 -1 0 0 -1 0 0 0 0 0 0 0 0 0 0 0 0 -1 1 0 0 -1 0 0 0 -1 1 -1 0 0 0 0 0 0 0 -1 1 0 0 0 0 1 0 0 0 0 0 -1 1 0 0 0 0 0 0 0 0 
0 0 0 2 1 0 0 -4 2 3 1 0 18 -24 -5 -1 0 0 7 21 -21 0 -4 0 1 -1 0 5 3 0 -2 0 0 0 0 0 0 0 0 1 0 0 0 -1 0 1 0 1 -1 0 -1 0 0 0 0 0 0 0 0 0 0 0 0 0 0 0 0 -1 0 -1 1 0 0 0 0 0 0 0 0 -1 0 0 0 0 1 0 0 1 0 0 0 0 0 0 0 -1 0 0 0 -1 0 0 -1 0 0 
1 0 0 -1 0 0 4 0 -1 6 -2 6 0 1 -3 -3 -6 0 10 13 -25 -2 0 -2 1 -1 1 0 0 1 1 -1 0 0 0 0 0 0 1 1 -1 0 0 1 -2 2 -1 0 -1 0 -1 0 0 -1 0 0 0 0 0 0 0 0 0 0 0 0 0 0 1 -1 0 0 0 -1 -1 -1 0 0 0 0 0 0 0 0 0 1 0 0 0 0 0 0 -1 0 0 0 1 0 0 0 0 1 0 -1 0 
0 0 0 0 2 0 0 4 0 0 -1 10 -4 0 7 -7 -1 -1 0 31 -12 -19 -6 0 2 -2 1 0 0 1 0 -1 0 0 0 0 0 -1 0 1 0 0 -1 0 0 1 -1 -1 0 -1 0 0 0 0 0 1 -1 0 0 0 0 0 0 0 0 0 0 -1 0 1 1 -1 1 0 -1 0 0 0 0 0 0 0 0 0 0 0 0 1 0 0 0 0 -1 1 0 0 1 0 0 0 0 1 0 0 -1 
0 0 0 0 0 -1 0 1 1 -1 0 3 -2 1 -5 3 2 1 5 -2 4 -10 0 -5 0 0 0 -1 0 0 0 -1 -1 0 0 0 0 0 0 1 0 1 -1 -1 1 2 0 0 0 2 -1 -2 0 -1 0 0 0 0 -1 0 0 0 0 0 0 -1 0 0 0 1 1 -1 0 -1 0 0 0 0 0 0 0 -1 0 0 0 0 0 0 1 0 0 0 0 0 0 0 1 0 0 0 0 0 0 0 0 
0 0 0 0 0 0 -1 0 0 1 0 4 -2 -1 -2 0 1 1 -2 11 0 -1 1 2 -1 0 0 0 0 0 0 -4 -2 1 -1 0 0 0 0 0 0 0 -1 3 -1 0 1 -5 -2 0 0 -9 -4 0 1 0 -1 0 -1 0 0 0 0 0 0 0 0 0 1 1 0 -1 0 1 -1 0 0 0 0 0 0 0 0 0 0 0 0 0 -1 0 0 0 0 0 0 0 1 0 0 0 0 -1 0 -1 0 
0 0 1 -1 -1 0 0 0 0 0 -1 0 0 1 0 0 0 0 -1 0 -1 0 1 1 0 2 0 2 -3 0 0 0 -5 0 6 -11 0 0 0 0 0 0 10 -2 -9 -1 0 1 -2 1 0 0 -1 -5 -1 -1 0 -1 0 -1 0 0 0 0 0 0 0 0 0 0 1 0 0 0 0 0 0 0 1 -1 0 0 0 1 0 0 0 0 0 0 0 0 0 0 0 0 0 0 0 -1 0 0 0 0 0 
1 22 0 -20 -2 -1 0 0 -1 -1 0 0 0 -1 -1 0 1 0 0 0 0 0 0 0 7 1 3 0 -2 2 -1 0 0 3 -2 10 -2 0 -1 0 -1 1 0 6 -5 -2 12 0 -16 -1 -1 0 0 0 0 0 -1 0 -1 0 0 0 0 -1 0 0 0 0 0 0 0 -1 0 0 0 0 0 0 0 0 0 0 0 0 0 0 0 0 0 0 0 0 0 0 0 0 0 0 0 0 0 0 0 1 0 
4 1 13 0 -27 -1 -2 -1 0 -1 -1 0 0 0 0 3 -2 -1 0 0 0 0 0 18 -4 1 -4 -1 0 1 -2 0 0 0 0 0 5 3 8 -3 7 -7 -4 5 1 3 5 -6 0 -5 -2 0 -2 0 0 0 0 0 0 -1 0 0 0 0 0 0 0 0 0 0 0 0 0 0 0 0 1 -1 0 -1 0 0 1 0 0 1 -1 0 0 0 0 0 0 0 0 0 0 0 0 0 0 0 0 0 0 
3 49 88 -33 39 -22 -4 2 -1 1 -1 -1 1 -1 0 1 0 -2 -1 1 0 8 6 7 -8 -7 -3 0 0 0 0 -1 6 -3 2 -2 0 1 6 -2 2 4 2 -3 7 -2 9 -6 -2 -1 -5 -1 1 0 0 0 0 1 0 -1 0 0 0 0 0 0 0 0 0 0 0 0 1 0 0 0 -1 0 0 0 -1 0 0 0 1 0 0 0 0 0 0 0 0 0 0 0 0 0 0 0 0 0 0 1 0 
0 93 0 -1 -42 0 68 -74 -10 -3 0 0 0 -1 1 0 0 0 1 -1 0 9 -1 5 0 0 5 -5 3 -3 0 7 1 7 -7 0 0 0 2 4 0 -3 7 0 -1 0 7 -3 4 -5 0 -1 -1 0 0 0 0 1 0 -1 0 0 1 -1 0 0 1 0 0 0 0 0 0 0 0 0 0 -1 1 1 0 -1 0 0 0 0 0 0 0 0 0 0 0 0 0 0 0 0 0 0 0 0 0 0 0 
59 0 -1 6 0 -1 0 -10 -72 -30 -1 0 0 -1 0 0 0 0 1 0 0 0 -4 7 4 -4 0 -2 -8 -8 -2 0 -5 6 1 -2 0 1 3 -6 2 0 17 -7 -2 0 0 -10 0 -6 -2 0 -1 -1 0 0 0 0 0 0 0 0 0 0 -1 0 0 0 0 0 0 0 0 0 0 0 0 0 0 -1 0 0 1 0 1 0 0 0 0 1 0 0 0 0 0 0 0 0 0 0 0 0 0 0 0 
0 8 0 0 2 -1 -17 0 -26 0 -60 3 0 -2 0 0 0 0 -1 1 0 3 0 1 0 0 5 0 5 -1 -5 4 0 2 -1 4 6 0 11 -15 4 -3 0 -2 -3 0 -3 0 2 -3 -1 0 0 0 0 1 -2 0 0 0 -1 0 0 -1 1 0 0 0 0 0 0 0 0 0 0 0 0 0 1 -1 -1 -1 0 -1 0 0 -1 0 0 1 -1 0 0 0 0 0 0 0 0 0 0 0 0 0 0 
3 17 4 3 -1 2 -6 -2 1 -1 4 -64 -56 51 -17 6 -4 -14 11 -3 29 6 -54 73 -30 9 -15 0 1 3 3 -6 -3 3 0 4 15 0 -10 1 -8 3 1 -4 0 -2 0 0 0 0 0 0 0 0 1 1 -1 0 0 -1 1 0 2 0 0 1 0 0 0 0 0 0 0 0 0 1 0 0 0 -1 0 -1 0 0 0 0 -1 0 0 1 0 -1 0 0 1 0 0 0 0 1 -1 0 0 0 -1 
12 2 10 4 3 0 0 0 -2 1 -1 -8 5 -35 71 -42 -13 33 -51 72 -5 14 14 -13 33 -34 -62 15 -24 3 13 -1 -4 -9 2 -2 -4 0 0 -2 -1 -1 0 0 0 0 0 0 0 0 -1 0 -1 0 0 1 -1 0 0 -1 0 -1 1 -1 1 0 -1 0 0 0 1 0 0 0 0 0 0 0 0 0 0 0 0 0 0 0 0 0 1 0 -1 0 -1 0 0 -1 1 -1 0 0 -1 0 0 0 0 
0 9 0 0 0 0 -13 2 -2 1 0 -1 -2 0 -7 0 3 -9 15 -17 0 23 -2 -1 -2 0 -1 -18 13 -75 0 -5 8 -6 -3 0 2 -3 -1 -3 0 0 0 -1 0 0 0 0 -1 0 0 0 0 0 0 0 -1 0 0 0 0 0 1 0 0 0 0 -1 1 0 0 -1 -1 0 -1 0 0 0 0 1 0 0 0 -1 0 0 0 0 -1 0 1 -1 1 0 0 0 1 0 0 0 0 0 0 0 0 
0 0 0 0 2 -23 0 -5 2 1 -1 0 -1 -1 -4 2 0 4 -2 -1 -11 0 0 -2 -4 -6 0 0 7 -41 -19 0 0 4 4 -5 0 -7 -3 -2 -2 0 0 0 -1 1 0 0 0 1 0 0 0 0 0 0 0 0 0 -1 1 0 0 0 0 0 0 -1 -1 0 1 0 1 1 -1 0 0 0 0 0 0 0 0 1 0 0 0 -1 0 0 0 0 -1 0 0 -1 0 1 0 0 0 0 0 0 0 
0 -3 0 -4 -3 6 5 0 -1 -3 2 1 0 -6 0 -7 4 0 -4 2 -1 0 0 -3 -2 -6 8 0 -13 17 -55 -8 0 -6 0 -1 -2 0 1 1 0 -1 0 -4 1 -1 0 0 0 0 0 -1 0 0 1 1 0 0 0 0 0 1 0 0 1 0 0 0 0 -1 1 -1 0 0 0 0 0 0 1 0 0 -1 0 0 0 0 -1 -1 1 0 0 0 1 0 0 0 0 0 0 0 0 1 0 7 -2 
9 6 -4 29 -5 8 0 -1 -1 -1 0 -2 3 -2 0 8 -3 -8 13 -3 0 1 -2 -1 1 0 -1 -2 4 -3 -4 -28 -63 70 -30 -11 -2 0 1 0 8 0 2 -1 -1 0 -7 -3 10 -4 3 -3 -5 2 -1 1 -1 -1 1 1 3 5 -13 18 -5 0 0 0 -1 1 0 0 1 1 0 0 0 0 0 0 0 0 0 1 0 0 0 -1 0 0 1 0 0 0 0 0 0 0 0 0 2 0 28 -7 -13 
-20 1 2 0 -10 0 -2 -4 -1 0 1 1 7 -4 0 0 0 0 -3 0 -1 1 1 1 0 7 0 5 -5 0 -2 -1 0 -11 0 -67 -58 28 -18 0 -5 0 -3 0 0 16 -6 -9 5 -7 1 0 -4 0 1 0 -5 1 0 1 4 16 -11 -2 5 -10 -15 4 -1 0 -1 -1 0 1 -1 0 0 0 0 0 0 0 0 0 0 0 0 0 0 0 0 0 0 -1 2 -1 2 0 0 10 -1 52 0 6 21 
0 11 0 -12 12 0 -19 9 3 1 0 2 3 5 1 0 -3 0 2 -6 0 -10 11 -3 -5 0 4 -5 4 -1 0 3 -4 -2 -4 0 1 -21 -5 -40 0 10 -20 -28 -3 0 -3 0 -2 0 1 -1 -1 1 5 -6 9 -13 6 0 9 17 -11 6 9 4 -1 -27 2 -1 -4 0 0 0 -1 0 0 -1 0 0 1 -1 0 0 0 0 0 0 0 0 0 0 1 0 1 -5 -7 2 21 5 27 5 11 -6 13 
21 0 -25 15 6 -19 0 6 0 0 0 0 -3 0 -4 -7 0 17 -2 -1 0 0 -2 0 2 0 0 -2 4 1 7 0 -3 -2 -1 2 0 -2 1 -1 2 0 -23 -61 0 -4 -3 -1 -1 0 1 0 0 1 0 33 -13 -10 -18 0 5 7 -11 22 0 13 -18 -13 -24 0 -3 -1 0 0 0 0 0 -1 0 0 1 0 0 0 0 1 0 0 0 0 0 0 1 0 0 4 -7 6 29 3 -23 1 13 1 -11 
20 0 0 0 0 0 -1 0 -3 -3 1 6 0 4 -5 -20 -4 0 6 8 -3 -3 0 7 4 -9 0 0 2 2 -2 -5 0 0 -2 -8 9 0 2 -1 0 0 -11 1 -32 0 -15 -1 -1 -1 0 0 0 0 16 0 -8 -8 -3 -10 0 2 -3 26 24 0 -2 -10 -15 -38 0 -2 -2 -1 0 0 0 -1 1 0 0 0 -1 2 -2 0 0 0 -1 0 0 1 -1 -1 4 0 -5 8 8 -1 0 11 4 13 -6 
-5 2 -4 -9 -16 14 6 -1 -2 -2 -5 -6 9 13 3 0 0 -3 5 3 0 -7 -4 -7 -1 6 -1 5 9 0 -6 1 7 -2 -5 -15 0 6 6 -1 2 0 -2 3 -7 -60 0 -10 -1 -1 -1 0 0 0 8 27 0 -26 -5 -2 -4 0 0 57 14 -10 0 8 -25 -39 0 0 -7 1 -1 0 0 -1 0 -1 1 0 -1 1 1 0 0 1 -1 1 3 0 -1 -3 -6 4 0 -1 4 5 29 0 19 -7 -9 
7 0 -19 -6 0 8 9 7 -3 0 -2 -2 13 6 0 0 -8 -2 11 0 9 6 6 -16 0 0 2 5 2 0 -1 8 0 -1 -1 -2 -11 9 1 1 -6 8 3 -6 1 -4 -55 56 -24 -2 -1 -1 1 1 10 35 4 -3 -11 -4 -4 -11 46 9 -18 -5 14 -28 14 -9 -10 -15 33 -18 3 -2 -5 13 -2 -1 0 0 0 1 0 2 0 1 0 5 1 7 0 -8 10 -11 -4 0 -1 10 9 10 0 -1 -2 
0 3 2 4 0 0 0 -3 -6 -6 0 -6 8 -3 4 0 29 -1 -16 -9 0 20 0 20 0 0 -3 -6 -5 6 0 -2 -6 0 4 -3 1 -5 0 -3 1 7 -3 0 -8 9 1 -22 0 -60 -16 1 -2 0 0 9 1 11 0 0 19 21 -3 0 -32 -14 27 -3 0 1 9 -5 8 -14 1 8 10 -24 27 -11 -2 0 -1 1 -1 1 -1 2 -2 5 20 10 12 1 0 10 5 2 -12 0 12 16 0 -7 -2 
-3 0 0 0 9 -21 0 0 -4 -7 -2 0 -2 11 11 -3 0 1 -15 -11 6 0 -6 1 8 2 -2 -11 20 0 -1 -10 8 0 0 -4 1 -2 -3 0 -1 1 17 -6 0 -3 4 -1 -6 0 -10 -48 -49 -3 0 1 3 8 19 0 14 1 -1 -6 0 17 -17 -10 -17 0 7 -24 -15 0 0 10 29 0 -5 0 -10 -4 -1 1 0 0 1 1 2 0 6 9 17 7 0 2 -1 -3 2 0 13 -1 -14 2 0 
0 0 0 -5 27 6 -4 0 12 -8 -6 3 0 -9 12 -2 -3 0 1 -7 7 -2 0 6 5 0 1 -8 -6 8 0 -11 7 0 -1 0 3 -1 -1 -4 0 3 11 5 6 0 -1 0 -1 0 0 -9 -75 -68 -1 0 -2 6 23 3 0 11 3 9 -4 0 0 -2 -6 3 0 -18 -27 -27 31 0 -10 0 -1 -18 0 -3 -4 -2 0 0 2 0 0 1 0 13 12 19 10 0 -9 0 0 7 0 -21 8 4 -3 
12 -20 17 0 2 -11 -3 0 -7 6 3 5 0 -15 4 0 -4 -10 -9 7 0 0 -6 5 -6 6 3 0 10 0 -9 -3 2 -12 1 10 2 -9 -2 2 -5 3 1 5 1 0 0 -1 0 0 -1 0 0 -16 -47 -56 0 -11 10 20 10 0 8 -4 4 4 0 10 -26 -1 12 0 -2 -6 -2 -10 0 2 -12 -8 -13 0 0 1 -2 2 0 1 -1 1 3 0 24 7 11 -21 0 -6 11 -4 -9 0 -5 -3 -6 
4 -19 2 16 0 10 -8 -11 -6 0 7 4 0 7 0 0 0 0 -1 0 -14 4 -1 0 0 0 0 -2 3 0 -7 -2 -4 9 -17 17 1 -2 -6 -1 -1 -5 0 3 -4 -5 4 1 0 0 1 0 0 -5 -4 -18 -48 53 -29 3 14 5 1 7 6 3 2 -2 -2 -3 -7 -5 4 -6 -10 -12 -5 -8 -8 -7 -3 0 0 2 0 0 -1 -1 0 1 1 1 4 12 -21 -4 14 19 7 0 -2 13 0 -5 27 
0 2 10 -1 12 0 2 0 -1 -3 0 10 -5 -3 -15 0 0 0 12 0 -8 -11 3 0 -8 5 -6 0 0 -5 5 3 -5 0 4 0 -3 0 0 -9 -2 -8 2 0 -24 5 0 3 0 1 -1 1 -2 0 -1 -6 3 -22 0 6 -31 10 11 0 11 4 -14 8 0 6 5 -8 -7 0 -7 -13 4 -13 0 -17 -4 -1 -1 0 1 0 0 0 0 0 4 -3 19 5 -14 -16 36 3 -3 8 -6 17 -12 20 7 
-22 0 -8 23 -5 15 0 1 -5 2 1 0 11 0 -8 -3 0 12 -6 0 -17 -9 -4 -1 0 1 1 -2 -6 0 11 -4 -5 -6 0 5 5 2 2 0 1 -6 -9 0 0 10 5 0 1 0 -1 -4 -3 -2 0 9 -3 -3 1 0 3 -52 -33 29 0 -7 11 -3 21 0 -32 23 31 3 0 -7 0 6 -18 0 3 -12 -10 -1 0 0 0 -1 1 0 -2 1 16 25 0 -16 7 -21 4 0 35 -14 7 8 2 
0 -9 0 1 3 -1 -1 5 -1 7 0 -4 22 0 0 -13 0 -2 -10 16 0 0 0 0 -3 0 2 -4 0 3 0 0 -4 -6 4 0 -7 15 6 -2 0 -3 6 -1 15 0 -2 1 -1 0 0 -6 -3 0 2 0 6 3 1 1 0 0 0 5 8 0 -33 41 -57 34 0 -33 15 -6 -4 0 13 12 7 -1 0 -34 -19 -11 0 0 -4 0 -12 -4 0 23 12 0 -20 -5 -12 -6 0 25 14 8 1 0 -7 
2 1 1 5 0 -5 2 2 0 0 0 -3 0 13 7 0 3 3 0 -20 -2 -10 12 -6 9 0 3 -8 -2 3 -4 6 -3 1 0 -6 10 -3 4 5 -1 3 3 1 1 -1 0 0 -2 1 -4 0 -4 6 -3 -1 -2 5 -6 2 3 2 -2 0 0 0 0 -3 0 -12 -12 39 -17 44 -36 -40 0 -9 8 6 3 0 -8 -4 -8 21 0 -5 -52 -11 7 24 6 1 0 8 -17 -15 22 0 16 9 -3 -1 0 
6 -1 2 0 0 -7 11 0 0 0 0 4 0 3 0 2 0 -8 -1 -3 -10 1 15 -4 1 -3 2 -3 0 -6 -6 2 -3 -2 -1 1 -2 4 -9 10 10 -1 -4 1 0 -2 0 0 -1 0 -2 -1 1 4 0 -5 -3 0 3 2 -3 0 -1 0 1 1 -2 1 1 -2 0 1 0 2 4 -5 -7 48 -11 -3 0 -30 8 1 5 0 -6 -50 -5 2 0 2 20 -16 8 0 -9 4 1 3 0 -8 8 0 -28 
0 0 -12 -13 10 0 -1 6 0 5 0 0 -4 0 -7 0 -6 -19 0 -7 -5 -5 7 0 -1 -3 -6 5 0 6 -5 1 0 0 0 0 -1 -2 0 2 5 5 0 0 -3 1 -2 -1 0 0 -7 -10 2 0 -2 1 4 1 0 -11 0 -1 1 0 3 0 0 1 0 -7 1 -2 -3 0 16 -3 -5 -10 0 -9 6 -12 -7 -11 -14 0 -30 -1 -2 -10 -15 16 3 -17 2 7 2 -2 0 1 9 0 -3 -11 -15 
0 0 0 6 -8 4 0 -10 4 4 5 0 15 -1 0 -10 12 -7 6 0 19 -2 0 4 0 7 -4 2 -23 0 -12 6 1 -1 0 0 -1 -1 0 0 0 3 0 -6 0 2 0 -1 0 0 -1 -8 -4 8 0 3 -6 -2 -9 0 3 1 0 3 0 1 -1 -1 -10 0 -3 -1 -13 13 0 -1 -2 0 -8 -30 1 -21 0 9 -7 -23 6 0 -1 -9 4 7 0 -17 -9 -2 -2 0 8 3 30 0 -7 10 -24 
18 14 -3 0 0 -3 5 6 -1 3 -5 -1 22 -8 -2 0 12 0 -11 23 0 4 -1 0 0 0 0 2 -14 -2 0 0 4 -2 -1 0 -1 -1 -1 1 0 1 -1 -7 2 0 1 1 -2 -2 0 -6 -4 8 5 0 3 2 0 10 0 0 3 1 2 0 0 -1 -5 0 0 1 -4 -2 5 1 -1 -2 0 -15 -28 -12 23 0 -24 6 3 -2 0 4 4 4 -9 0 -19 -3 -7 -3 0 24 7 -1 -2 0 -28 
-14 12 -8 -14 12 10 1 7 -10 1 -12 -11 0 -14 5 -8 -5 13 3 -2 -7 17 0 -5 -6 11 -29 9 2 1 0 3 -2 -3 -2 -3 1 -2 2 1 1 1 0 -6 -6 4 0 0 0 -1 0 1 -3 4 4 0 3 -1 2 5 0 -1 1 4 0 1 0 0 -8 1 4 -3 -9 -7 0 5 -4 -4 3 0 -16 -6 -35 5 0 8 -15 -9 6 0 3 3 -29 -20 0 -1 -9 -6 5 0 2 -1 10 -17 0 
-10 3 -11 -5 0 18 -7 -17 8 0 6 -15 1 -6 9 9 -4 0 8 0 -8 1 0 -8 2 22 -3 0 -2 2 3 0 0 0 0 0 -6 0 0 1 1 -3 0 0 -7 -6 4 0 0 -1 2 -2 0 -3 -2 6 3 0 3 4 1 3 0 2 0 4 -2 0 -5 4 3 0 -2 -3 2 1 5 -3 -6 1 0 -6 7 -62 -27 -9 20 6 3 2 0 0 -52 15 7 0 0 -12 2 -1 0 2 14 -11 -10 
0 17 -4 0 0 0 -4 -19 -7 10 0 13 0 0 11 1 -13 -8 0 -12 13 -3 0 0 -1 0 -7 12 0 6 0 0 0 0 -6 5 7 6 0 0 0 0 -1 0 -2 -8 0 2 0 0 -2 1 0 0 0 0 -1 -2 0 10 2 -1 1 0 0 -4 0 -5 -4 6 -2 0 0 0 3 -2 2 7 8 5 0 1 1 3 -3 -54 67 -7 17 -30 15 -62 -8 5 16 7 4 2 3 3 7 13 2 0 -2 
20 0 0 -13 6 0 0 3 -8 19 0 -1 5 4 0 0 -20 -2 -22 0 0 0 9 -5 0 18 -21 -9 15 0 -2 9 10 -24 0 9 0 10 3 0 4 4 1 -6 0 -4 0 3 4 0 -2 0 1 -1 0 1 4 -3 5 0 2 2 -1 -1 -1 -1 -1 0 3 -1 -4 2 0 5 -1 -1 -5 0 6 0 0 -1 0 -2 -2 2 -11 0 1 -49 -2 -5 0 0 2 3 14 0 -2 -2 1 11 0 -3 -2 
11 1 -9 -2 2 6 -1 0 -8 -1 14 -3 -7 8 0 0 0 -7 -14 0 0 -2 17 -6 -11 0 11 9 -9 -2 0 -6 -4 0 -5 0 3 12 -1 -4 0 2 -3 0 4 0 -2 0 9 0 0 1 1 0 -11 0 0 -2 -1 2 0 0 0 0 -2 -3 5 -4 0 -1 0 -1 5 0 -2 1 0 4 0 -1 0 -2 2 0 0 -1 0 0 0 -3 -56 -53 -4 0 0 1 1 -2 0 -26 12 9 9 0 -1 
-9 9 -8 0 7 -2 0 -3 0 -4 1 2 6 0 -15 -1 -10 0 -1 1 3 14 7 -6 1 -9 -9 10 6 1 2 3 -16 -4 10 3 4 8 0 3 6 -2 5 0 2 2 2 -7 5 2 -1 2 0 0 -1 -7 14 -4 -1 1 2 2 -2 -1 0 -7 5 2 5 0 -2 5 0 -2 0 -3 4 -2 0 0 -2 0 -2 -1 0 0 1 -1 0 0 -1 -5 -23 4 0 -30 3 -6 -2 0 -2 0 -1 -1 0 
-19 0 4 -2 0 -11 1 1 -2 0 1 4 0 12 7 2 -13 0 2 -15 28 0 0 -3 7 1 -6 0 8 -4 -6 11 0 -6 -8 12 -2 0 16 -5 13 -6 0 14 3 0 -3 0 4 -1 1 2 0 0 -2 5 -1 0 -1 -2 6 -1 -2 -1 -7 4 2 -3 -2 2 -2 2 3 1 -1 -2 -1 0 -3 0 -5 0 -1 0 -1 -3 0 0 0 -2 1 -1 4 -9 -21 53 -49 26 -38 -33 46 -13 13 -9 -15 
0 -6 -1 3 -11 0 1 2 1 0 -1 -5 -4 0 -1 5 2 -3 0 0 0 0 -7 0 2 1 0 0 0 6 -9 -5 13 0 2 0 0 0 0 -2 0 9 -18 0 4 5 7 5 0 0 -1 -1 0 0 2 1 2 -4 3 -2 0 0 -3 -2 -3 -1 0 0 -5 3 -2 0 4 10 1 -5 0 -1 3 0 0 0 -1 -1 2 1 0 -2 -2 0 -1 2 -1 1 -5 2 3 -5 -18 23 -36 85 -38 -31 40 
6 0 -1 14 4 1 0 4 2 0 0 -2 -12 3 0 1 1 4 -7 0 -9 12 -4 -30 0 10 5 -9 7 0 6 0 0 0 0 -10 -4 -4 -12 0 -2 10 -8 4 0 -5 15 0 0 0 -3 3 1 0 0 2 -3 0 -16 11 16 3 0 -4 -1 -2 5 0 -11 5 3 -8 0 0 -8 5 6 0 -5 2 -2 2 0 4 0 -1 0 0 0 -1 -2 1 0 -5 0 5 0 0 -2 0 -1 -1 0 -1 -2 
-8 0 8 -4 3 2 2 3 0 0 0 3 -7 0 -1 0 3 3 0 -2 -1 9 -18 -6 4 0 0 -6 7 -5 -11 13 3 -6 6 -18 -4 9 3 0 0 -3 -2 0 -4 5 5 2 -2 -3 0 0 0 -1 -3 1 -3 -15 0 -6 4 12 -19 0 -1 7 -4 -3 0 3 9 -1 -7 0 -7 9 5 -10 0 -4 -1 0 9 0 -2 -3 -1 0 0 0 -1 -1 2 0 -2 -3 -2 -1 0 3 1 0 0 0 0 
0 0 0 0 -3 -4 1 3 0 2 0 1 1 -3 5 1 4 0 1 0 0 5 -2 0 0 0 -1 -7 2 0 -20 23 0 -6 7 -21 17 0 0 0 0 0 0 -2 -5 3 3 0 0 0 0 0 -1 -3 2 0 -4 -12 1 -4 4 9 1 0 -4 8 -4 -2 -4 -7 6 8 -2 -4 -17 7 -10 12 0 0 -7 15 6 -4 0 2 -2 -1 -1 0 0 1 1 0 0 -1 1 0 1 0 0 0 0 -1 0 
0 0 0 0 0 0 -2 -5 -3 9 1 0 0 0 0 0 1 0 0 0 -15 4 0 -12 11 -9 6 0 -1 22 0 -8 0 3 -2 -28 10 0 -4 2 -4 0 0 -1 -6 5 3 0 0 0 0 0 -4 0 1 -1 2 -11 -16 -7 -18 9 10 -3 0 -5 12 -3 -10 -13 2 7 0 0 -13 18 -13 5 -14 3 -1 5 -3 -9 -7 -14 9 2 -1 -1 1 -1 -1 0 -1 3 1 0 -2 1 -2 0 1 0 0 
0 8 0 3 5 0 0 0 -4 -1 7 6 0 0 -2 0 2 -1 0 1 -1 3 -4 0 12 -2 9 0 0 -5 15 5 -10 0 -9 5 4 -3 0 4 -7 0 12 0 -3 6 5 -2 0 1 1 0 0 -3 0 -6 0 -9 -2 5 -10 0 5 6 14 -9 0 -15 -1 0 -7 0 -2 4 -1 0 0 -14 19 5 4 0 -12 7 -4 -8 0 0 0 0 0 0 0 1 -1 0 -5 -3 0 2 1 0 -1 -1 -1 
-2 0 4 19 0 -8 4 4 0 0 -8 6 4 0 0 0 1 -1 0 0 1 -8 -4 7 0 6 4 0 0 0 -15 5 -9 4 0 0 0 -2 -5 0 1 26 0 5 0 -4 -20 12 18 7 9 13 0 2 -1 0 -4 0 -10 3 9 -6 0 0 1 -6 -4 0 11 -2 -9 -12 0 21 6 3 2 0 -8 22 -3 1 0 -16 3 4 1 0 0 -1 1 1 0 0 1 0 0 -8 -2 0 0 1 -1 0 -1 
7 0 0 0 8 8 0 0 0 0 -1 -2 0 8 0 0 0 -1 -2 0 4 2 3 -1 -2 5 -3 -2 -5 12 -5 1 0 0 2 0 -16 2 1 -11 20 -1 -6 -1 -3 3 1 -16 -17 -11 11 -1 6 0 16 -1 -1 -1 0 -9 0 -4 0 0 -1 9 0 -4 0 -6 2 -6 17 0 3 21 -1 19 0 14 -2 1 -17 0 4 6 -1 -1 0 -1 0 -1 0 0 0 4 0 4 0 0 -1 0 0 -1 1 
7 -3 2 0 17 9 0 1 0 0 -2 2 -10 1 7 8 0 0 -1 3 0 3 0 0 -6 -1 0 -5 5 5 13 0 0 1 -8 -5 0 0 -6 4 0 0 -11 3 -19 1 0 12 1 -2 -2 -1 -7 -1 24 -4 12 7 9 5 -8 -13 0 11 15 0 -10 -7 -2 0 0 -13 -7 2 8 -3 2 -11 -15 3 5 -22 -10 2 2 1 1 -2 -5 5 -8 0 0 9 -2 3 13 0 -1 0 1 0 0 0 -1 
-10 0 -2 13 0 1 6 0 1 0 -4 2 0 0 2 4 2 0 -7 3 6 0 0 -1 -1 -4 -2 0 -5 15 0 0 0 -20 4 22 0 0 -3 -3 -16 14 0 -2 6 5 -1 -2 7 3 0 9 -6 -6 16 0 0 -8 -19 18 0 6 -16 16 -2 0 10 -12 -6 1 0 5 -2 -16 -3 0 6 11 -14 14 0 -5 -10 -3 3 1 2 0 -6 10 -8 -3 -10 25 -15 -12 1 3 1 1 0 -1 0 0 -9 
0 3 -7 10 0 0 11 -5 5 -10 3 2 3 0 3 -5 -5 4 0 -5 11 6 -3 0 -3 4 -3 -5 0 -5 0 -8 20 0 -2 5 17 -7 0 0 -24 -13 2 0 9 -1 5 -3 3 -3 10 0 5 -10 -12 12 0 -2 -12 -18 11 0 9 -3 -8 -4 0 8 1 0 -13 0 -1 -10 -1 13 0 -33 -4 10 16 0 -19 8 4 -2 5 -9 5 -3 5 0 -4 3 0 0 -5 -4 -2 0 0 0 0 -7 -5 
0 11 -14 -5 3 -6 5 0 11 5 0 0 0 0 0 -2 0 -1 0 0 -5 8 6 1 0 -6 8 -9 0 0 -11 3 -14 19 0 -8 -1 13 -5 0 13 -8 -8 2 0 0 -5 0 -16 12 2 -7 0 -2 2 -1 16 0 -7 -21 6 2 0 14 -14 0 10 0 -6 9 -1 -23 0 12 -6 3 -21 0 -7 -6 -9 -8 0 8 4 0 0 7 -11 4 0 9 -1 10 12 0 6 0 -2 3 0 0 -1 -12 4 
0 -2 -6 -4 -3 3 -6 20 0 0 0 6 0 0 0 -1 1 -6 -1 10 3 -10 -9 4 -1 2 2 10 -3 0 -9 0 9 6 -10 -10 -18 4 -10 3 -3 -1 -4 -3 -11 4 5 9 0 -4 -10 4 -7 0 5 0 0 -7 0 19 -11 10 2 0 -1 5 -2 6 0 5 6 -4 -32 0 3 -9 -3 0 0 0 -14 -17 6 1 1 7 0 -2 -8 -3 21 0 -7 9 -9 10 0 1 0 2 -14 0 -1 -7 -4 
2 0 0 0 1 0 -4 0 0 0 0 0 1 22 -8 4 0 -1 -8 -4 11 0 0 -6 -3 1 0 0 4 -2 -3 0 6 -3 -3 5 0 -1 4 -2 0 0 9 3 -7 -2 -12 2 6 -5 -5 -6 -3 -10 6 4 5 -8 -13 15 -7 -7 7 9 10 -19 -7 -5 -12 6 16 3 0 0 6 -4 -3 0 23 -11 0 -10 0 -3 0 5 7 0 5 -8 8 -2 0 -1 -3 -8 9 0 3 -2 -12 10 0 0 5 
-5 4 -3 9 0 4 -3 15 -19 0 -7 18 0 -11 2 3 4 0 1 -7 -5 -5 0 -9 0 -7 13 0 -6 1 -3 -4 0 -8 13 3 26 0 -4 0 0 16 0 -9 -9 0 6 12 -2 -5 0 -2 6 -15 4 0 11 -6 16 3 0 31 0 5 -2 0 -12 12 1 -4 0 1 10 -16 9 0 5 -5 -16 -12 14 16 4 0 -7 14 7 2 -21 -2 0 1 0 -17 18 9 -1 -2 -9 3 2 7 1 3 1 
0 1 -5 0 5 0 -11 4 13 -19 16 1 -5 0 1 -1 2 1 0 0 0 -3 0 0 7 2 -1 -7 0 9 0 -4 7 0 -6 7 5 -2 0 -1 6 -3 5 -4 -3 0 0 -14 5 9 -3 0 -10 -5 -4 11 0 5 7 -1 -4 0 -5 3 3 -5 0 -4 15 2 -6 0 7 13 5 -25 0 22 -7 0 0 4 2 2 0 -20 11 2 -16 0 3 0 2 -9 0 -10 -1 5 -11 0 1 0 3 3 -14 
-3 1 8 -20 8 12 0 -13 4 6 -9 6 -2 -2 0 3 0 0 0 0 -1 1 0 -4 6 -4 4 -1 -1 -4 3 -4 8 2 0 -4 -13 -2 5 4 -11 11 -1 0 -7 5 -16 0 9 12 11 -8 0 3 5 4 -9 0 0 0 -6 -12 0 -3 21 2 3 0 0 5 -13 -10 0 -13 35 8 0 -19 7 -3 0 10 10 -2 4 0 -16 11 -10 2 0 0 0 4 0 0 1 1 -3 1 0 -2 1 1 13 
3 0 0 7 -11 -12 11 0 0 1 -5 5 -1 2 0 0 0 0 0 0 0 0 -2 2 -1 2 0 -1 0 -8 3 -3 -3 1 8 0 -12 -8 -7 9 -4 11 3 -1 -2 -8 1 -2 26 -4 10 -9 -2 4 6 1 -3 3 0 -3 -6 -5 3 10 0 -15 -4 11 -14 0 -10 -23 4 19 0 -21 0 3 -4 -29 14 0 -3 7 0 -15 0 4 10 5 -7 0 9 8 -16 22 0 3 -7 -5 1 0 -20 4 3 
4 3 -10 0 6 -10 7 -8 0 9 -1 0 2 0 0 0 0 1 6 3 0 0 0 0 0 0 0 0 0 0 -12 0 -16 18 -15 13 0 10 -15 17 -6 0 -8 17 -14 -7 0 0 0 0 -1 -8 0 1 12 0 0 -3 6 -2 -2 -7 11 0 -15 3 -4 -5 -13 -21 16 4 10 -2 -27 15 4 -11 16 6 1 0 0 0 -10 1 -14 -7 9 17 0 2 0 0 2 8 -3 0 11 -2 -7 0 0 5 3 
-2 -2 -8 -2 0 -2 -9 4 6 0 0 0 0 -6 7 3 1 0 -6 4 5 0 0 0 0 -11 7 0 -10 2 7 0 0 1 -4 -10 9 0 -15 5 8 10 -4 -3 3 0 -7 11 -2 0 0 -5 2 0 2 0 -5 -1 4 -7 0 8 1 -13 -4 0 -11 -2 -16 8 0 13 -2 -3 -14 -21 26 2 28 6 0 -4 12 -20 1 0 0 -13 9 8 0 13 0 -31 10 -6 -2 -3 0 -13 6 3 9 0 -23 
