k = 17
S = 10
M = 1
O = 0

Коэффициенты матрицы A размерностью kxk:
0.00229374 0.00247239 0.00263843 0.00278761 0.00291592 0.00301978 0.00309623 0.00314302 0.00315878 0.00314302 0.00309623 0.00301978 0.00291592 0.00278761 0.00263843 0.00247239 0.00229374 
0.00247239 0.00266495 0.00284392 0.00300472 0.00314302 0.00325498 0.00333738 0.00338781 0.0034048 0.00338781 0.00333738 0.00325498 0.00314302 0.00300472 0.00284392 0.00266495 0.00247239 
0.00263843 0.00284392 0.00303492 0.00320652 0.00335411 0.00347358 0.00356151 0.00361534 0.00363346 0.00361534 0.00356151 0.00347358 0.00335411 0.00320652 0.00303492 0.00284392 0.00263843 
0.00278761 0.00300472 0.00320652 0.00338781 0.00354375 0.00366998 0.00376288 0.00381975 0.0038389 0.00381975 0.00376288 0.00366998 0.00354375 0.00338781 0.00320652 0.00300472 0.00278761 
0.00291592 0.00314302 0.00335411 0.00354375 0.00370686 0.0038389 0.00393608 0.00399557 0.00401559 0.00399557 0.00393608 0.0038389 0.00370686 0.00354375 0.00335411 0.00314302 0.00291592 
0.00301978 0.00325498 0.00347358 0.00366998 0.0038389 0.00397564 0.00407628 0.00413789 0.00415863 0.00413789 0.00407628 0.00397564 0.0038389 0.00366998 0.00347358 0.00325498 0.00301978 
0.00309623 0.00333738 0.00356151 0.00376288 0.00393608 0.00407628 0.00417947 0.00424264 0.0042639 0.00424264 0.00417947 0.00407628 0.00393608 0.00376288 0.00356151 0.00333738 0.00309623 
0.00314302 0.00338781 0.00361534 0.00381975 0.00399557 0.00413789 0.00424264 0.00430676 0.00432834 0.00430676 0.00424264 0.00413789 0.00399557 0.00381975 0.00361534 0.00338781 0.00314302 
0.00315878 0.0034048 0.00363346 0.0038389 0.00401559 0.00415863 0.0042639 0.00432834 0.00435004 0.00432834 0.0042639 0.00415863 0.00401559 0.0038389 0.00363346 0.0034048 0.00315878 
0.00314302 0.00338781 0.00361534 0.00381975 0.00399557 0.00413789 0.00424264 0.00430676 0.00432834 0.00430676 0.00424264 0.00413789 0.00399557 0.00381975 0.00361534 0.00338781 0.00314302 
0.00309623 0.00333738 0.00356151 0.00376288 0.00393608 0.00407628 0.00417947 0.00424264 0.0042639 0.00424264 0.00417947 0.00407628 0.00393608 0.00376288 0.00356151 0.00333738 0.00309623 
0.00301978 0.00325498 0.00347358 0.00366998 0.0038389 0.00397564 0.00407628 0.00413789 0.00415863 0.00413789 0.00407628 0.00397564 0.0038389 0.00366998 0.00347358 0.00325498 0.00301978 
0.00291592 0.00314302 0.00335411 0.00354375 0.00370686 0.0038389 0.00393608 0.00399557 0.00401559 0.00399557 0.00393608 0.0038389 0.00370686 0.00354375 0.00335411 0.00314302 0.00291592 
0.00278761 0.00300472 0.00320652 0.00338781 0.00354375 0.00366998 0.00376288 0.00381975 0.0038389 0.00381975 0.00376288 0.00366998 0.00354375 0.00338781 0.00320652 0.00300472 0.00278761 
0.00263843 0.00284392 0.00303492 0.00320652 0.00335411 0.00347358 0.00356151 0.00361534 0.00363346 0.00361534 0.00356151 0.00347358 0.00335411 0.00320652 0.00303492 0.00284392 0.00263843 
0.00247239 0.00266495 0.00284392 0.00300472 0.00314302 0.00325498 0.00333738 0.00338781 0.0034048 0.00338781 0.00333738 0.00325498 0.00314302 0.00300472 0.00284392 0.00266495 0.00247239 
0.00229374 0.00247239 0.00263843 0.00278761 0.00291592 0.00301978 0.00309623 0.00314302 0.00315878 0.00314302 0.00309623 0.00301978 0.00291592 0.00278761 0.00263843 0.00247239 0.00229374 

# ИНФОРМАЦИЯ ПО РАБОТЕ С ФАЙЛОМ #
Разрешается менять только значения коэффициентов k, M, O и значения коэффициентов матрицы A размерностью kxk.
При нарушении структуры файла / некорректном вводе значений программа перестанет корректно работать
