-14 2 16 3 0 -1 -1 6 1 -6 5 -2 -2 -11 169 -21 31 9 -16 23 17 9 19 11 6 -2 -1 2 -8 6 7 -5 2 2 3 -8 -15 -69 -89 15 -47 -14 -2 26 2 -3 4 9 1 6 15 7 -7 1 2 3 -56 2 0 -25 -1 44 10 -6 -7 -17 -52 -4 3 -2 -23 -15 155 -6 16 2 7 -7 -4 -4 -1 0 0 -2 2 -4 0 -8 -11 177 -1 -4 -155 23 2 -1 -1 0 0 -3 -1 1 0 2 5 -3 1 -83 8 2 -14 -81 -9 4 2 65 0 -84 -8 51 -3 107 -1 10 -80 
7 6 -40 -11 -12 17 13 8 4 0 9 3 -1 -5 -8 1 6 -20 5 -19 -14 121 -7 -9 -5 -6 4 0 13 51 4 32 32 7 20 18 22 -1 -3 8 -11 12 85 3 1 -27 0 -6 -8 -6 -2 -4 -2 13 2 -14 0 -1 12 0 0 -31 -16 5 -18 -4 -80 24 -3 -5 9 -2 -10 -29 3 -1 17 -99 0 -119 6 7 7 -101 -2 -11 3 21 -1 -2 6 1 0 -126 -2 -1 -93 0 -2 2 -18 0 14 -4 -4 2 3 75 4 -4 172 -74 44 4 4 -56 -1 -1 6 7 1 -1 -8 -1 -2 
-3 7 12 95 74 1 8 5 15 3 5 -87 -5 29 6 -17 7 2 1 -1 5 6 17 -38 17 23 20 23 20 22 -11 -11 17 16 6 4 -3 -78 -9 1 -11 0 4 8 -3 0 24 25 38 27 15 7 -9 -28 -6 -48 4 209 -144 -21 0 -40 -3 5 8 -3 -25 -18 2 -1 0 0 -4 2 3 7 0 -3 -7 -6 -6 0 0 -7 -2 20 6 28 23 30 150 0 0 0 -1 -2 -2 0 0 -2 8 112 -1 -1 3 11 1 -25 1 -10 14 0 -2 96 0 -6 -3 13 -59 -12 -26 -1 104 13 0 
13 11 -6 -3 -25 -32 2 3 -18 -3 9 6 -1 106 -13 -7 -20 0 27 -3 -13 -25 -16 -4 -7 10 4 50 -1 0 3 -106 -1 0 5 1 7 12 -71 -16 -17 -4 1 0 3 -8 -13 25 23 19 -1 6 -3 -94 -2 7 4 22 8 0 0 8 0 0 -5 -2 3 0 10 -12 -1 3 3 -15 6 9 -13 2 -4 0 2 13 11 20 17 8 -1 13 4 -5 -20 5 3 192 -1 -174 2 -1 1 -3 7 -6 5 7 -9 -11 2 5 25 -6 -74 -1 -6 3 -8 -8 10 12 -16 52 107 -2 -2 -1 -46 
2 16 21 16 5 -8 -8 1 1 1 -44 5 3 -8 -1 -1 5 53 88 -44 -1 79 -4 -9 2 -4 14 20 21 82 3 7 11 -9 -10 84 4 -11 -22 1 -7 8 -4 4 5 37 0 7 -4 16 -5 9 -111 -13 -8 -5 0 0 3 19 51 -1 0 36 1 -2 24 7 -192 -7 -4 3 -7 0 -66 -2 0 26 12 0 -5 1 0 8 30 -1 -6 3 28 -8 -11 3 -3 3 0 -76 2 -110 2 3 -2 5 -6 3 -12 6 -5 1 5 13 -1 13 14 26 10 1 -13 2 0 2 -1 4 2 7 28 
10 -14 -36 -18 -23 63 -13 -54 -88 15 -36 18 -7 21 37 12 -5 2 3 -6 -19 1 14 21 20 -18 -14 -15 2 -3 -13 3 3 -14 -13 -5 -1 9 23 24 -104 -14 4 1 5 6 1 6 8 10 18 -2 2 -8 -62 -7 -3 0 16 -2 -28 -18 12 -10 -22 -28 19 5 2 0 68 5 9 11 -6 -6 -9 0 -9 13 22 25 -20 -1 -138 1 14 -13 24 1 138 2 -2 -49 0 2 -1 4 13 43 -10 -3 -2 -3 15 4 -3 1 -6 -1 51 0 6 -2 -7 19 3 -3 64 21 4 5 100 -4 20 
-8 -4 2 -2 -6 -7 -4 -4 -2 -10 -55 -20 -17 3 -9 1 3 -11 1 10 18 -6 -86 -9 12 -21 -6 66 68 30 -56 51 37 36 20 14 -2 -3 -8 -2 -31 2 -93 3 -4 -16 -158 12 4 0 5 1 -59 8 -3 -12 2 -1 201 2 -8 9 31 29 8 4 -17 20 -2 -8 -16 -1 0 3 -3 -12 15 -4 -8 5 -44 -8 36 -5 20 6 4 -15 13 -74 -9 2 2 4 14 2 -5 -2 -5 -4 0 6 3 -9 -10 -5 4 -9 5 138 5 4 -8 4 4 -3 10 -1 18 0 -3 -2 -24 -3 -27 
0 92 -1 27 -60 -3 -2 1 148 1 -1 4 12 5 25 2 8 5 2 -6 4 -1 5 8 -3 -31 -29 -11 -8 -1 2 3 -5 -4 -1 3 1 22 18 -13 4 -2 7 1 -2 7 -4 -6 93 5 -4 -2 0 -2 8 3 2 0 7 17 49 -25 4 -72 2 -32 -12 -8 -3 14 28 8 -44 -181 13 -40 3 -18 41 2 11 1 -9 -42 1 -2 7 10 5 -23 -8 -17 -12 -4 -2 -2 2 1 6 11 -7 -8 -126 -1 6 56 -5 -3 17 0 -2 2 4 -9 5 1 21 -5 0 11 -45 -2 10 -10 10 
-1 7 1 3 -2 -1 93 0 -3 -1 0 7 6 0 -7 71 4 1 -7 -23 2 5 1 -13 18 0 5 1 1 5 -5 -2 -6 -5 -76 -3 2 -4 -2 0 4 -2 4 3 1 2 -58 -2 -1 1 54 26 0 -2 -2 -11 3 -205 -6 12 -42 -1 58 0 0 15 -1 2 18 -136 8 -5 -4 0 -12 -8 -3 -10 94 -15 -5 -2 15 -11 -2 -28 -1 -21 -3 18 -10 -4 -1 -7 -1 9 2 1 1 0 2 2 13 4 2 6 -42 -5 -3 -5 -2 142 -110 16 2 3 5 -32 15 -1 10 51 2 -12 0 
211 0 -4 -4 1 185 0 -1 -2 33 -1 15 9 -27 -8 -4 -80 100 31 2 -2 0 33 17 23 -1 -35 -24 29 2 9 11 22 11 16 20 20 13 -4 17 7 7 -1 -15 8 1 -5 -4 3 1 0 -2 -10 -2 -8 1 -42 -1 -1 5 37 -3 9 5 -8 -154 -1 -2 -17 3 14 1 -16 -8 -3 -7 5 6 -86 -33 -6 -4 -36 9 17 -63 9 30 -17 15 -21 -2 -2 -3 -3 6 9 5 0 -1 44 -3 2 37 7 -12 5 5 -2 -78 -17 -8 8 -7 26 7 113 7 2 21 -7 -4 2 -8 -5 
-1 4 0 7 -5 2 -2 -3 3 4 0 1 1 -8 1 -7 3 -16 -50 -1 1 4 -4 14 1 -4 0 -15 53 -24 -17 -15 -23 14 -34 -30 -38 -27 -9 135 -17 -18 -3 -3 1 -2 2 12 -1 4 -1 2 2 2 4 2 -4 -8 9 9 -92 -14 21 1 14 -65 -3 -4 -6 -4 3 -1 5 2 -9 -22 0 0 -3 1 4 9 3 41 25 -29 -45 -37 5 29 4 -1 10 21 2 -3 -1 -161 7 -2 11 6 29 90 -7 -4 -8 2 -2 4 -8 74 -57 20 -61 -6 -8 -3 5 -18 -1 -10 4 -2 20 
8 123 -1 0 -59 3 -2 -1 3 0 1 4 0 77 2 -3 2 -80 2 -17 -2 -4 -110 1 -14 4 2 -15 -4 0 -9 -3 -4 -5 -4 -13 -3 156 -2 -13 -18 -93 1 2 1 86 -5 0 -2 -4 3 4 5 1 -41 -6 -141 -2 0 50 43 -24 1 2 2 2 3 -4 5 19 -13 -7 47 9 2 10 6 23 39 29 1 -43 -25 6 3 -2 -10 -4 0 24 8 4 4 122 10 -3 1 0 -5 8 -1 101 -3 9 -3 -1 1 -86 19 6 -4 0 -37 -1 152 47 11 -1 -19 21 15 -22 5 2 -149 
81 -3 -8 4 6 2 1 -1 -5 1 -67 0 54 -20 0 -2 0 -8 -9 -87 -9 -2 7 -2 21 -15 -71 -1 17 6 0 12 8 12 20 14 2 21 -6 12 26 2 -11 1 -3 5 5 10 4 7 6 8 11 17 -7 2 -22 0 1 -153 -62 6 14 2 15 -10 -11 1 0 5 -1 10 31 51 14 -22 -30 -34 3 3 -1 -2 -7 8 1 -1 147 -6 3 -4 0 0 0 -104 4 6 9 8 -22 13 -4 -100 15 -28 0 157 -1 3 36 -2 13 -25 -16 -11 2 8 7 6 12 -37 -1 -4 -3 -2 6 
0 6 -7 -4 -151 -1 -11 4 2 8 10 -3 3 5 6 -1 -7 -8 27 9 4 -46 -1 -14 -8 -6 -10 -31 5 -31 -4 7 5 -3 3 -1 -1 78 2 -7 7 1 0 -2 7 36 38 -20 133 47 -36 -34 -13 11 1 -33 -25 -6 -108 0 -23 -7 0 -5 -1 4 18 33 41 10 -24 -36 -37 1 2 -5 -2 0 11 4 6 -3 -4 -10 -8 -1 0 2 49 135 1 -1 -121 5 13 -5 25 1 5 3 -12 -2 46 -23 2 -3 -6 -8 -29 2 -7 0 131 1 2 25 -14 8 50 -17 -23 16 14 -11 4 
-1 -5 1 9 -7 0 4 -3 3 0 -2 3 -7 140 1 -5 -68 0 1 -9 5 12 -86 13 18 20 14 28 11 -3 -20 -12 -55 -13 -19 -12 -14 -8 93 -8 -7 -2 -114 163 -10 -18 -30 2 0 -3 -5 -7 -6 0 -2 1 0 140 -1 -2 16 -14 70 78 46 -35 -45 -29 -1 -1 -7 9 -3 -6 -11 -7 1 -31 3 9 -8 -73 0 3 -1 2 -55 6 14 13 9 2 -8 11 0 4 13 -34 5 1 -160 4 6 18 -3 -3 21 -27 -109 1 -6 4 4 7 -1 5 20 -6 4 -1 24 19 3 -8 7 
-2 7 2 -167 7 2 0 1 188 -6 -9 -10 7 -1 -2 5 -1 4 0 -3 6 45 -2 1 52 75 -6 -7 -9 1 -3 2 13 18 8 10 6 3 12 15 10 21 91 -13 -8 -171 -4 7 1 4 9 -3 -4 -4 8 -111 -111 -2 13 43 6 -23 -38 -7 -2 -11 -4 -16 -3 1 114 -106 -104 6 -4 56 67 -5 -29 6 0 -1 -4 8 16 3 -6 -9 10 4 2 -7 -46 44 20 13 -9 -14 -2 3 5 12 17 -11 -37 12 -1 -7 11 -3 48 -23 6 7 16 -2 -1 -11 183 3 -75 13 -7 8 1 
-1 4 -2 1 23 -3 -1 211 -131 4 10 -66 155 -223 2 -4 9 6 8 7 -11 -3 0 5 2 16 -3 -9 -10 -67 -17 -8 -15 -2 0 1 -10 -2 2 -9 -10 -21 1 -64 -4 6 23 -6 -10 -17 3 -12 -17 -7 -25 -7 0 4 -123 -13 1 -2 -12 5 -7 -3 -13 -22 -7 3 2 3 0 -1 8 0 0 14 -1 1 -4 -4 3 -5 -3 0 18 -4 -2 1 -133 -3 9 -67 -23 -3 -22 -3 -6 1 2 -3 15 7 9 17 -11 -20 -10 -17 8 -9 9 -14 23 -50 12 -8 -1 13 -4 2 -7 -2 -10 
2 0 0 -3 -1 -7 6 68 1 -2 -12 13 6 0 8 2 -16 12 -10 -28 -3 8 7 -7 -3 -15 12 5 4 0 1 5 6 1 10 20 16 4 5 16 3 6 17 10 9 -18 -3 4 12 13 2 2 47 2 8 -12 -16 11 -1 2 -2 0 -2 45 2 3 -2 -3 1 5 -1 -9 7 -6 0 11 0 6 12 1 -14 -5 -7 -12 -7 3 4 -23 -45 4 -53 1 -1 -1 0 0 2 0 15 -2 56 -2 1 -3 0 5 -8 -152 10 -10 -33 -4 -5 -36 5 8 -8 42 -3 3 4 1 2 5 7 
1 3 5 19 0 0 129 -1 3 4 3 -4 -80 -5 10 10 -3 -13 -5 -82 117 -25 5 -3 1 -89 14 -6 6 110 -17 -10 -1 3 57 22 4 -2 3 -5 3 0 1 -6 -3 2 -3 -10 1 -107 -4 -2 -5 -10 -14 -13 -13 -22 -1 -4 4 -10 -88 4 1 -8 -5 1 11 -57 -1 7 8 7 -19 -14 0 -1 -4 -5 1 3 -1 1 -1 2 -23 -1 3 -2 0 -6 -5 4 0 -1 0 0 -1 2 3 13 7 6 -136 8 -39 2 -3 3 0 22 -1 -3 -5 -10 -7 -13 -6 0 5 4 59 0 -10 
1 -6 3 -14 8 0 -7 -9 -22 66 -5 -8 -8 -15 11 6 -15 17 0 17 -1 20 1 15 11 177 -39 -4 -6 -1 -1 -2 2 -49 1 3 -1 0 8 -5 -23 17 -1 2 0 -3 8 -9 -1 61 2 0 -96 2 7 -6 40 6 -1 0 -1 -163 1 -3 -34 2 -5 -1 2 6 -22 -8 41 84 93 1 -149 -6 -1 -2 0 -3 0 0 -14 -1 -2 -8 0 2 34 69 -2 -2 113 82 1 2 152 22 2 -1 -13 -1 4 6 22 38 -29 -32 -7 18 3 -77 0 8 3 3 9 4 -7 -56 -5 2 9 
84 6 -1 -1 12 -14 -44 42 8 6 -2 -18 10 -9 -8 -1 -22 -43 -8 0 -14 -6 38 -5 6 -176 4 14 -108 5 154 7 1 -140 2 -57 18 -41 19 21 11 23 14 27 22 1 8 39 17 23 9 3 13 -1 14 18 8 10 -2 -130 0 -57 4 1 -25 -8 -1 2 9 -8 1 -1 -4 -37 -1 1 1 -4 -3 1 -94 20 6 -3 27 14 7 2 -4 2 14 -5 4 0 2 3 0 -3 -4 -4 -5 0 1 1 2 6 15 24 1 -32 -20 -4 -8 -7 2 23 -27 0 -5 -5 12 24 17 23 135 
-45 -26 8 86 -74 112 22 14 -1 -17 -17 -2 0 -4 3 7 -2 1 88 -1 1 -96 -3 -5 0 1 1 1 12 3 0 -96 3 -12 5 9 1 -19 -29 -43 -38 -125 -145 -40 -34 -28 -31 -22 -20 1 6 -8 -7 0 -5 7 0 -6 -4 63 -7 -3 6 -4 53 5 -1 -125 -4 68 -208 7 114 -4 5 -2 107 -3 -1 3 5 1 25 0 2 8 9 -84 -75 -46 -1 0 1 -58 -89 -3 3 -83 -1 3 -77 -5 4 12 6 3 -10 -12 5 -11 -6 2 4 4 0 1 149 9 -1 -62 14 7 -5 5 6 
10 -66 2 0 -71 4 3 -8 -7 188 -5 -1 -16 -1 -3 13 -9 163 -6 -2 -34 14 -39 -3 31 65 6 20 -2 174 -22 -15 -12 29 6 32 -6 -108 8 -34 -10 -31 -22 -52 15 -6 -9 -9 -30 -2 -10 -14 -8 -7 -19 -12 -14 -13 -22 -3 3 5 5 -4 -3 0 4 -4 -1 7 2 15 1 -57 -12 72 -92 -4 1 -1 1 -77 13 0 -2 -7 -12 -12 -2 7 -42 -3 -34 -3 9 2 -4 69 14 69 -24 49 8 16 -11 -4 4 -7 7 6 11 8 3 4 3 38 3 -1 2 -3 -8 -3 14 0 1 
14 0 -4 -2 1 10 0 -2 0 115 4 -54 -1 12 17 -1 39 28 -98 10 -22 -4 -26 50 -8 16 37 -41 -3 1 3 44 -14 31 -3 8 -10 -3 -65 0 -34 -14 6 73 -33 -107 -31 44 -21 -2 -1 1 0 1 3 0 2 0 -89 -1 -3 -3 -3 -4 -11 1 -1 3 0 -4 7 154 3 5 4 7 -61 -6 81 24 -1 -40 -2 -15 5 2 17 2 -11 -1 3 -1 -1 33 7 -3 -7 -12 15 24 6 25 1 11 8 -8 -17 115 106 -16 -16 65 -1 -8 -5 -2 -1 5 -74 10 -4 -66 -9 -16 -15 
-7 57 -1 -7 -10 -77 5 -148 18 3 3 4 1 -5 -8 -39 7 5 -3 18 23 30 24 -21 -8 -1 11 8 -22 -4 -17 15 26 -38 12 -26 50 -1 -9 -2 -2 -1 1 0 1 1 -3 2 6 6 5 0 -50 1 11 -1 80 -4 -1 -20 -1 0 -1 1 -101 2 -1 0 7 11 1 -2 -14 0 -11 -21 2 31 29 -96 -5 0 0 0 -2 11 1 -3 -52 3 -2 0 -2 -3 -42 12 65 -1 -3 -5 -5 -9 -60 3 0 -7 0 0 -1 38 56 0 0 2 0 0 -1 3 128 2 96 -136 12 15 -84 
-8 64 -1 15 -1 2 -13 -5 -22 3 -2 -13 5 2 2 16 -54 -6 17 -20 20 6 10 -18 -82 -3 -4 -6 -16 -1 -5 26 -7 -14 -35 -37 -2 3 4 4 -4 55 -3 12 -5 -11 0 -16 16 -60 8 39 19 -5 2 -1 5 4 -15 -92 1 1 -2 -63 0 -5 -1 4 6 -1 -3 -2 3 0 2 -2 1 -2 -8 -11 3 7 3 -5 0 -4 3 3 -3 -139 -3 2 0 -68 4 -5 82 1 7 2 -5 -6 -94 -11 2 -1 -37 -6 -31 -3 0 91 -1 4 47 0 2 -7 -6 -8 3 -3 -2 -57 4 
1 5 6 -10 9 -1 0 0 1 -1 30 7 5 26 30 -24 0 -3 -12 -151 -10 -29 16 16 -5 -2 -10 23 -29 12 6 5 2 -11 11 -3 -4 6 -107 -91 17 14 -20 0 0 -14 -6 -9 -13 -1 81 -40 -7 -6 -9 -8 -89 -2 1 4 1 4 2 -3 3 -3 2 2 3 1 -6 -163 -189 1 0 7 22 6 -3 -2 -4 0 -11 -1 2 -1 3 -8 17 5 0 3 4 6 1 2 2 0 0 -6 -7 -6 3 5 10 8 3 4 3 -2 -4 -1 2 14 9 -4 -2 26 2 1 16 13 5 30 -90 
18 -26 -18 31 182 -11 -1 5 1 -6 -2 8 11 -30 -8 78 -1 3 -8 -3 -14 -3 3 59 -2 27 -14 7 -4 83 2 3 -1 4 16 -3 -5 5 13 15 22 20 22 16 77 20 15 12 10 16 16 16 8 13 8 8 4 16 -2 -138 -7 1 -2 -69 1 0 2 1 -4 4 -157 -1 87 -1 -3 3 10 -16 -65 8 3 5 0 0 -52 4 25 2 21 -15 -1 -2 -10 2 0 61 -5 -1 16 3 4 5 9 13 25 -16 9 13 29 -12 119 -71 -32 71 -8 -2 4 20 17 76 -20 -1 8 -84 -2 
21 -21 -7 0 30 3 -13 0 17 -3 -18 -6 -8 6 8 -4 2 4 4 14 -5 -10 0 -4 -1 -9 2 2 -2 10 6 8 -8 7 25 15 32 1 -14 -18 -31 -38 -53 -49 -46 -32 -29 -18 -7 18 19 23 0 -5 35 -47 100 6 4 4 -2 1 1 -1 -3 -1 1 -94 4 -2 6 0 2 -7 83 0 104 -5 -3 2 -1 -2 2 1 1 -119 30 10 -2 -25 3 -41 5 16 -6 46 14 -13 -10 -28 3 -2 -14 -2 6 5 12 82 -10 -6 -4 -7 0 0 -1 -2 -6 -11 -6 4 0 0 -1 10 -1 
-38 23 -97 0 2 0 -9 72 7 -1 0 1 -1 10 7 6 5 0 -6 -100 -16 -9 42 6 -11 -18 0 3 8 -3 11 25 2 -6 -14 -34 -145 5 2 0 7 2 -8 0 0 0 0 0 0 1 23 -4 -9 -4 -6 -31 106 -42 -10 -11 -1 -1 2 0 -1 3 -1 5 2 1 -2 187 -2 -11 1 -110 2 0 12 -34 -31 -1 0 -110 0 -3 2 21 -9 -14 -2 -3 0 -3 88 3 -11 -7 105 0 4 10 6 0 7 -4 7 6 4 2 8 -1 -4 0 -39 -8 -6 -13 -2 0 1 -2 0 -2 1 
-29 -14 41 6 3 7 -2 -1 2 1 5 -5 2 11 38 -7 -26 -13 18 9 2 -83 -4 -12 0 -1 91 3 20 9 9 3 -21 9 -10 0 0 0 -5 77 1 26 0 92 0 4 3 -9 229 4 -3 0 131 -18 -12 -216 0 5 -2 -3 3 -2 0 0 8 6 1 -1 -110 -4 27 -14 -1 -2 1 5 7 0 2 -7 0 -3 85 20 1 -94 -13 -4 44 2 1 1 4 -4 26 48 1 -2 11 -2 -6 -24 16 12 16 -8 0 -1 -17 -4 -5 3 2 -2 -3 11 -18 -2 0 -2 -5 18 2 4 -19 
10 -31 -3 -109 0 -3 -2 -1 2 57 0 -1 -2 0 3 0 95 105 -5 -9 -13 -3 -3 2 11 7 16 20 -115 87 174 0 0 0 0 0 0 0 -1 -4 -121 -3 0 2 -2 -1 0 158 -191 0 0 -10 0 0 0 0 0 -220 1 -23 -4 1 0 -1 0 0 5 4 0 -1 3 -4 1 11 -2 2 78 -4 8 3 -1 8 -31 -7 3 -1 -5 3 5 -5 15 -4 92 -37 5 -2 3 -6 -5 13 6 1 112 2 -2 -3 -1 29 -5 1 -7 -3 1 2 72 5 -4 1 1 0 -130 32 38 -2 8 
40 -7 3 2 0 12 4 -1 5 2 2 -3 3 35 6 -8 -6 -45 1 96 3 11 11 9 19 -1 -39 174 -221 0 0 0 0 0 0 0 0 0 0 0 0 0 -3 4 -4 -4 102 1 -8 0 0 0 0 1 0 189 0 7 -1 -13 49 1 0 3 4 -1 -1 0 3 1 -35 3 0 6 0 -4 -20 -8 3 2 -8 8 0 2 0 0 3 1 42 9 4 -28 29 56 -51 -21 22 -8 -7 1 1 -2 1 -4 2 -2 4 13 1 6 5 -2 -1 0 32 0 -5 -2 23 15 5 -3 20 -37 -6 
-5 -1 -2 8 8 15 1 -2 0 1 3 -3 1 3 -3 -91 -2 -7 7 2 -6 14 -41 -37 -25 -67 -3 -22 -39 -16 0 0 0 0 0 0 -59 0 0 112 228 0 0 -1 1 93 78 2 0 -2 0 0 24 0 7 10 -3 112 -1 -13 -20 1 4 -1 3 6 4 -8 0 2 1 -5 -10 -1 1 2 -2 1 -1 47 -3 -112 87 25 41 -5 0 11 86 73 -16 -1 -13 3 1 16 6 -19 1 -1 5 45 5 4 8 8 10 0 -13 2 -3 -2 2 0 -1 6 8 0 1 -4 0 2 1 89 -1 
10 10 4 -13 -13 -6 0 3 73 2 -2 -5 24 0 -3 5 124 13 8 39 -9 -18 1 4 -4 0 15 -45 20 -152 0 0 0 0 0 0 0 0 0 0 0 0 0 0 -4 -3 0 -2 0 -5 5 -8 -15 0 8 19 37 -33 -12 0 6 -2 -1 -6 4 0 15 -7 14 2 -96 -4 4 1 -7 40 1 8 9 83 -4 -99 12 9 -19 -23 -3 -5 -1 19 130 1 -4 5 3 14 -1 -29 -17 -2 -6 1 7 0 -2 -10 11 -17 -2 -23 17 -1 19 -1 -2 8 45 -16 19 -13 52 0 30 1 38 
-6 4 -20 0 109 -1 0 -3 2 -3 5 -4 -3 8 11 -94 19 -15 -23 1 10 10 -2 12 18 -30 -24 -26 -2 0 0 -30 0 0 0 0 0 0 0 0 0 0 -2 2 0 -36 -4 -3 5 -2 -4 6 -1 19 23 -6 -12 -9 -9 4 -26 -6 -3 -4 -2 -5 1 -34 -2 -2 -2 1 92 32 12 -92 -34 1 6 30 -14 -25 8 10 8 10 73 1 6 2 15 -12 -14 -2 -4 143 -19 4 22 1 0 3 20 -3 20 -91 -10 23 -98 0 -17 -1 1 -1 3 24 -7 -1 -7 -6 -147 -60 -4 1 -25 
4 4 -108 -7 -8 -3 0 -1 0 -2 6 27 -5 84 10 158 -22 7 -1 -6 6 16 -10 -21 233 6 224 0 0 221 0 0 0 0 0 0 0 0 -42 0 0 0 2 -9 -137 -4 1 -3 6 0 5 52 -2 -3 -15 -135 8 2 -56 5 -1 -1 0 0 0 1 -4 4 10 -4 4 4 0 0 101 0 -12 -1 0 1 4 46 16 5 -36 8 -8 2 12 -10 9 21 -19 -63 6 69 26 4 -1 -6 -4 -6 -14 43 -11 1 6 -9 12 8 4 0 1 -127 -2 -14 4 -1 7 1 -1 2 77 11 -23 
109 -41 -69 -2 -2 4 3 4 8 4 4 -9 3 64 4 -8 4 -6 9 1 -1 -13 0 0 0 0 18 0 0 0 0 0 0 0 0 0 0 0 2 0 122 18 -2 -1 10 65 12 23 1 -21 5 1 -6 -2 24 6 -1 -1 23 -16 13 -1 2 5 -25 4 4 5 -11 -2 8 -3 6 5 -1 20 15 -89 -3 3 -19 2 6 -36 27 14 -12 1 2 -10 132 -37 -19 -1 16 -10 0 20 -74 0 4 -5 -56 2 28 6 5 -1 0 -40 2 1 1 19 -1 5 14 3 41 -4 1 2 9 7 2 
4 1 -51 -4 -3 -3 6 -2 1 18 -4 8 -7 -21 -23 1 -1 187 0 -3 -1 -4 68 106 48 0 -131 0 0 0 0 38 0 148 0 0 0 0 12 3 3 -8 11 -103 -4 4 -24 12 -8 -1 -6 -7 0 0 5 -32 6 6 7 -21 -19 -4 0 -80 12 -23 -6 -1 -14 8 14 16 12 7 -7 -16 106 13 5 5 -10 1 -36 16 -8 -10 2 2 10 -5 2 4 -10 89 8 -10 -8 -3 -1 48 2 33 -16 15 -36 -127 0 145 0 -8 -3 -3 1 2 0 -1 -19 -13 -22 -6 3 -4 -1 -14 -53 
-4 0 5 -92 9 -1 3 -2 13 13 -17 -4 16 58 13 -9 11 -1 -2 3 2 0 0 0 0 0 5 -1 106 91 18 0 0 0 0 4 4 10 0 -5 -5 3 128 3 -21 2 3 0 2 5 -2 -9 6 12 2 -12 -1 4 -2 18 14 -21 1 -3 -11 2 0 1 -8 -3 13 -19 -4 31 16 10 -12 -27 13 -1 -19 -14 92 -77 -11 -5 112 3 104 -23 -33 -2 -9 -1 7 11 -44 17 -6 1 4 7 2 14 43 -2 3 4 -1 3 -14 -5 2 1 -10 16 29 2 -3 28 1 3 7 -56 22 
-1 1 7 -85 14 9 7 -11 -7 -5 2 0 -4 2 6 -1 -1 -7 -2 180 -4 -126 -1 0 4 -2 -1 -1 -8 0 0 12 10 5 -7 4 -1 5 3 15 27 8 -28 2 -4 3 8 -2 0 21 24 -4 -17 1 25 -3 -7 5 -13 6 -94 -9 -2 12 2 21 3 66 2 1 -57 1 -2 -22 6 -25 -62 2 -2 0 1 -7 -13 0 -28 9 1 90 -24 -87 -5 78 -46 -1 90 133 -15 -3 -33 -84 2 -10 33 -7 20 -5 0 17 8 -70 28 -3 -2 5 6 8 2 -1 146 -13 -76 24 76 -1 0 
-1 113 -6 5 9 -5 -10 3 1 143 -3 -4 1 1 -1 2 0 0 -2 -1 57 208 0 78 0 0 0 4 3 -4 6 1 3 41 -4 95 3 20 -14 -21 11 5 5 9 104 -9 2 0 14 -23 -3 20 -2 1 -15 93 21 -42 115 28 -5 -3 -1 -16 -9 17 0 7 108 -2 2 -22 -33 -12 11 96 14 -27 -34 7 13 11 -30 -6 2 -27 -50 -105 37 -28 -19 3 2 41 13 18 -15 56 1 3 56 -20 -24 -27 -25 1 4 62 -28 -1 -15 5 12 12 3 1 8 -4 16 1 6 -3 2 -10 4 
4 -12 78 -16 -12 -2 53 0 -1 2 8 4 3 0 255 0 -1 0 -2 0 0 2 2 0 -126 0 0 31 -1 17 -15 -10 -6 9 35 -14 -15 81 0 -2 2 4 -2 -6 0 3 5 -13 11 3 3 -2 14 0 4 18 4 -7 1 -9 3 1 16 -12 137 11 -96 17 -8 18 31 7 -2 -6 -11 4 -1 14 11 29 -2 45 -17 -47 -1 -19 -2 4 32 -9 38 135 -38 -6 22 8 -8 8 -1 0 17 -166 -3 -89 -2 -1 -113 45 22 50 2 -82 75 6 1 4 3 5 -18 29 -48 -21 -1 -9 -6 
-7 -130 1 -6 24 -243 0 0 1 -3 8 -4 6 -2 0 0 0 0 0 2 230 -2 0 0 -10 0 0 0 8 -5 -3 20 0 88 13 12 44 -1 8 1 2 -8 2 15 8 -16 75 13 1 12 2 -10 4 -3 3 -1 -18 -10 -2 0 85 2 14 6 5 3 -7 71 9 164 7 41 99 9 -2 -2 -111 -3 82 3 -6 -86 -17 -21 -15 -3 -1 -24 -5 -17 -163 -3 -2 2 34 17 -11 -82 1 -2 10 -17 1 8 -1 -69 1 -10 18 35 2 1 1 -4 -161 -1 15 -156 17 -9 -11 -2 -3 2 1 
-16 -20 -218 0 -206 0 0 0 0 0 -2 -2 69 -7 0 161 -63 2 7 -14 -3 7 10 4 0 0 12 -135 8 21 8 -4 1 0 2 -2 1 10 2 -9 5 8 -16 -2 17 -3 -2 -14 5 6 23 7 97 -7 -15 18 -10 -8 -33 -2 2 65 0 -4 -6 -3 19 12 5 10 -7 15 -5 -3 9 16 9 -6 5 7 -96 21 10 13 -13 112 -10 10 -10 -70 1 -1 -2 -1 -14 -16 -10 -10 0 0 -5 -5 -5 12 -1 1 -1 38 -45 -1 -38 1 3 -7 -12 -2 31 8 -3 -36 4 103 0 2 152 
-6 0 0 0 0 0 0 0 0 0 0 0 0 0 15 19 35 41 -13 4 27 65 3 6 0 -155 14 6 -32 -26 3 8 -8 -1 -3 -86 4 -8 117 2 -25 3 -6 -7 10 9 -22 -9 2 43 81 21 -9 -19 2 22 -18 11 -4 2 1 1 17 10 27 11 -22 15 -27 -1 11 -25 3 1 -25 -19 19 121 -1 9 -9 30 -10 -57 -39 -30 21 13 16 6 0 8 -76 0 48 -10 50 -6 2 26 -2 11 3 -17 -3 0 1 5 -91 -6 3 2 4 -1 -62 5 -10 -5 -13 -8 1 1 2 -3 1 
0 0 0 0 0 0 0 202 0 0 0 13 -20 21 -174 -28 -34 0 2 -1 -8 -31 -4 -4 -3 -4 -31 -36 15 -4 -17 -2 8 117 -8 -147 14 -2 -5 13 -10 -119 -32 10 25 34 23 -9 -4 -59 18 1 -15 -7 7 -14 0 -5 1 -2 55 9 7 0 -47 0 -2 -11 -104 -15 -15 -20 1 5 4 95 9 -16 16 30 75 -4 -2 -9 64 41 -27 -9 7 -12 12 -93 -5 5 -4 0 4 0 4 111 -1 7 -28 1 -2 -1 -64 -5 -10 -41 -27 3 5 22 -22 -11 74 -9 30 133 -1 0 -48 3 -2 
0 0 0 0 0 0 1 0 0 15 22 18 -16 -157 -14 -80 12 103 3 6 9 2 -6 3 19 -11 0 -5 -1 -1 -1 12 -26 22 15 -17 -10 14 111 86 -41 -3 -29 -1 14 -26 14 16 11 -25 -11 9 5 -2 -1 19 3 -9 -1 -2 -2 9 67 -3 -3 1 6 -1 1 3 155 -4 83 5 5 1 0 -12 -76 29 -2 -2 -6 1 -50 1 21 1 -61 7 24 16 5 0 4 11 -1 1 1 82 -8 2 28 -18 0 0 6 6 4 -36 -11 0 32 12 1 -3 -10 22 -25 -10 -2 -1 -2 2 2 
0 0 0 0 0 0 19 43 23 -34 -26 7 12 1 -1 2 13 -4 3 70 1 4 -2 164 101 -5 -11 -6 -102 3 7 -36 11 -24 -60 74 12 -1 -104 -5 0 -1 -11 -7 1 8 -9 -9 -12 -8 -2 -15 13 -4 -9 -4 6 4 1 4 0 4 -10 -115 -1 -1 10 1 -4 -2 0 73 -6 3 -9 18 8 -3 26 1 61 112 -14 6 -20 -18 -4 -16 -9 -4 18 4 3 16 -2 45 -1 -5 -2 -7 -6 -4 -8 -1 120 -3 -2 3 13 132 5 1 101 -2 3 -4 -1 -130 -19 0 -2 0 -2 -64 5 
-3 0 3 -62 16 -5 -25 -20 -9 132 5 -3 7 9 -5 21 11 19 -45 6 -1 4 28 -41 2 1 2 0 2 1 13 -10 -18 14 18 17 -2 -14 8 5 11 -1 20 18 65 -11 -16 55 -25 -2 3 -3 -2 -26 78 8 -1 -100 -7 -1 16 2 3 -4 184 -2 2 -5 2 0 -4 8 -48 -39 24 -11 5 -1 -18 -5 3 6 10 -9 -2 4 0 8 -23 -2 2 -25 -19 -3 5 1 -1 0 3 -1 -6 -2 22 -7 4 5 7 24 8 4 -2 102 3 21 0 6 12 -57 16 -7 -3 -1 -1 1 0 
1 2 6 15 5 -6 0 16 6 -10 19 0 -1 -2 2 8 -32 -1 -3 -21 22 3 -21 -5 -7 108 1 0 22 -2 -18 -12 0 1 49 -2 -27 -1 -9 -1 126 -14 -8 -1 4 2 -2 -1 5 0 21 0 4 -1 -12 -2 -1 137 -4 -2 -9 152 -11 4 106 1 13 -1 14 3 -148 -4 2 -3 -25 1 -12 -5 0 28 -14 20 8 -34 -12 13 11 -1 0 -14 -7 -4 3 -12 6 -2 -2 -3 0 -6 -4 19 4 -1 -101 -2 -18 -11 50 -35 2 6 13 -98 4 14 13 5 103 49 -3 1 0 1 7 
10 1 -164 35 -4 -14 -87 -7 0 0 -9 1 -6 4 2 14 7 8 3 -4 -1 -8 -23 -5 -143 7 -2 19 -103 -12 -5 202 -4 5 2 25 10 -3 -2 -3 -65 -7 -1 -7 -3 -8 -4 5 -6 -3 -8 -27 -35 -13 7 2 -11 8 -4 0 5 12 6 6 1 25 -9 12 21 8 8 -8 -1 7 -2 1 13 -3 35 11 -20 4 67 1 -2 13 6 -7 -1 -6 -7 9 1 5 -5 0 -5 0 0 6 -2 2 -7 1 -1 0 -88 -8 21 1 1 11 -7 -5 44 8 -15 -92 6 4 -5 1 0 -2 -5 
146 -4 11 -118 10 7 12 11 3 -12 -2 0 12 -106 -3 -3 3 1 -8 16 -4 -1 1 2 -3 -4 20 -23 6 3 5 3 -6 -175 -12 22 2 -37 -3 1 -2 9 40 -6 7 -1 11 -9 -61 -2 -3 8 11 -2 0 2 0 -1 2 3 -6 -10 -1 -10 -105 13 5 -3 -7 -3 1 -2 -1 16 -118 -51 43 3 -27 19 2 -11 -10 2 -2 0 -1 -6 -2 -6 -29 -1 7 5 -5 0 -5 -1 -1 -1 -3 -20 -17 -1 -1 4 -2 3 9 1 0 -1 55 -2 72 -13 -6 22 -3 -4 16 -1 -2 13 16 
-44 -6 -1 1 -22 5 5 2 15 -3 -7 3 -155 7 -12 5 0 66 -2 -83 -4 -3 4 -1 -2 20 -18 -3 -1 1 -11 -15 -4 24 -4 -27 -13 1 4 4 -56 24 13 6 21 0 -12 15 21 26 96 17 14 22 4 -3 -2 1 1 -2 5 4 -4 -156 164 3 2 3 1 -122 12 -3 -1 -2 5 12 24 -25 32 2 17 -17 -5 1 -1 -2 -2 0 3 -10 -163 10 -7 2 -5 2 -13 88 -2 -1 -24 0 0 6 9 -1 10 -12 -2 -4 1 12 -28 3 -3 -1 1 -13 -2 -8 0 -1 0 3 -3 
3 1 10 12 -1 12 47 -5 3 4 -1 3 146 8 -17 -3 -4 -4 -63 24 -48 1 -89 -56 19 -9 13 -108 -1 -1 -8 -1 192 5 -3 -5 -20 5 -11 6 19 -142 -24 -41 -13 -3 5 -9 -11 -28 16 -7 -9 -1 12 10 -5 0 0 0 18 18 -7 -4 -1 15 26 1 3 -13 -78 -4 0 0 -2 -4 -4 -11 -15 5 -19 97 0 4 0 1 2 -2 8 2 -204 3 13 -23 -3 8 -4 0 1 -6 -5 0 4 0 -2 44 -36 -3 -4 -2 -2 10 5 -1 -117 -95 -7 -5 -3 -128 3 0 -1 -138 146 
-8 -43 3 5 -4 -1 -56 6 5 -108 10 6 4 5 -5 -2 -82 -22 -4 -2 -1 4 -5 16 -6 6 111 73 -20 -10 2 -4 0 -3 -21 1 1 -2 -12 -5 -20 3 -31 -33 110 -7 -18 -9 -4 53 32 34 -6 65 -6 1 0 -2 2 0 5 29 -1 -6 -2 6 31 -26 -49 6 -12 -2 2 -13 41 2 -40 -19 1 55 14 9 2 49 27 0 6 -1 2 3 -18 19 18 -8 2 8 56 -1 -7 -1 47 69 91 -1 0 10 3 21 -56 -2 2 11 5 -4 16 -13 15 -55 1 -127 -84 1 0 -163 2 
3 -1 1 161 -10 5 19 3 -12 7 2 -6 -8 1 -6 -6 -1 -11 2 -57 2 0 6 22 -20 -2 -3 -3 -4 -4 0 8 7 68 -2 -134 -7 8 4 8 -14 -1 -5 -5 -4 -17 -1 -2 0 4 0 0 3 -6 -5 -1 2 38 -75 10 12 -110 5 125 -2 -1 -4 2 121 3 8 1 5 -2 1 -1 -43 1 -1 0 3 -35 -44 -1 -59 0 4 2 1 6 0 0 -90 -1 -10 2 -1 2 21 -1 7 9 -129 3 -1 -1 61 -104 -6 2 4 13 -23 3 28 17 157 -6 -2 -6 2 3 37 3 61 
1 -3 -1 3 165 -3 -50 -148 -4 -6 -7 -8 -8 -81 -2 3 -3 -5 2 -123 -4 2 23 -13 208 -4 -24 0 0 110 2 13 1 -15 0 -9 6 0 -94 -3 7 -11 2 -3 3 2 -5 6 3 -5 -1 -2 5 3 7 3 3 2 -2 7 8 -17 4 -24 2 3 1 -15 6 11 87 0 49 7 0 0 -2 6 3 6 0 179 2 2 -2 1 2 -3 15 3 11 1 96 -6 3 3 -99 1 4 -1 -91 -2 3 -4 -1 -3 -40 3 -4 -2 3 13 -24 -2 26 2 6 -2 2 -3 -1 8 1 -1 -12 
3 3 -148 6 -7 0 3 -6 -5 0 -4 -1 2 63 -1 71 -3 1 0 -25 10 14 -17 -230 -149 -1 -39 1 -11 0 0 -2 -2 4 -4 -3 6 -26 -19 6 4 2 -1 -7 -1 -11 2 -2 1 32 28 5 27 4 -5 -1 -20 2 -1 39 -150 3 -3 3 1 23 3 2 7 1 -16 25 6 -6 -2 -1 58 -14 30 5 13 -150 -7 0 -1 -1 -5 1 3 -1 -1 32 -6 -2 0 -4 41 2 4 44 -8 -8 -2 1 -2 0 -100 -2 0 -117 1 9 -4 37 -3 -3 -5 3 0 1 0 2 10 5 -7 
4 -9 -5 2 -3 -2 7 -154 -15 4 -5 4 7 -2 -3 0 -1 0 27 6 6 -13 0 176 0 17 -5 0 0 0 0 0 5 -224 220 -10 13 1 4 1 5 -1 -2 -3 1 1 22 18 13 -11 -31 -25 4 -3 6 -98 7 0 1 20 -17 -2 85 0 13 -10 -49 -4 49 14 -7 4 1 -25 0 0 4 -3 0 -14 -43 -10 -94 0 71 1 2 2 -2 -63 -4 -2 1 -4 8 -4 1 9 -72 -11 -8 2 102 -52 9 8 3 77 1 -2 10 0 -2 1 -5 -11 0 -4 0 0 0 -1 12 -106 -1 
1 2 8 -2 4 0 -2 39 3 72 1 2 3 -119 4 -6 2 54 2 -35 10 -11 0 21 0 2 -21 0 0 0 0 0 0 0 -5 6 -1 -14 21 -4 2 15 4 3 -30 0 2 -3 -7 -21 -120 -2 2 -2 -8 -13 8 2 1 5 -1 3 140 -3 1 -9 -14 -4 -2 -4 -1 3 2 4 29 1 -3 -2 0 0 -65 0 6 -2 -2 4 -1 7 54 2 1 1 2 9 1 0 1 -3 -10 2 4 -3 -2 4 8 15 -2 -2 2 1 10 -5 -11 0 8 -11 -3 1 -1 3 -1 0 3 -149 -22 
-1 5 -10 -6 3 1 -30 -4 -94 3 -3 4 0 -3 49 2 -1 -6 6 -11 -12 0 0 0 0 0 -4 0 0 0 0 0 0 0 4 0 -4 5 6 -53 -2 -22 -10 0 0 -1 4 2 0 11 -3 8 -6 -11 4 -1 -72 0 1 3 2 11 -105 0 11 -15 1 -7 1 1 2 2 30 60 11 10 19 7 1 -136 -1 -2 -2 -2 -3 5 78 10 -1 1 4 4 40 -4 -2 -6 1 0 -5 3 8 3 0 1 -5 145 -4 -19 1 0 4 -3 -1 79 17 -5 12 -3 3 -1 -1 -2 3 2 5 
2 1 -4 75 12 5 12 1 61 -1 -1 -106 0 -2 -1 -3 96 -2 6 4 -10 0 0 0 -238 0 -89 5 0 0 0 0 0 0 -2 -5 -1 194 -5 2 3 17 2 1 7 0 2 2 -1 -5 0 -59 0 -2 -2 -1 -87 21 2 7 -107 1 -1 -3 -7 0 0 28 12 7 -3 -1 0 0 -7 -26 -60 -30 46 32 5 17 23 27 4 -1 2 33 6 21 8 -23 4 0 3 -2 -1 3 1 -1 -6 20 0 1 9 10 -32 -7 -2 -3 2 4 13 5 -13 96 -22 1 5 2 -2 3 2 -2 -18 
125 1 2 2 -63 0 -7 118 -1 -2 0 4 4 2 1 -3 -4 13 2 -4 0 159 0 0 0 0 0 -1 0 0 0 0 0 2 0 -4 2 8 -3 0 -1 -14 18 -53 -14 -11 3 -3 3 5 5 1 -4 -3 -1 -1 -1 5 -1 10 -1 4 4 1 -6 -10 -1 -2 -21 -66 -19 7 24 18 12 -77 2 -3 -1 -1 5 -5 -37 -21 4 -5 0 16 -123 -54 -56 15 -4 1 -3 3 -5 26 2 1 11 7 -3 -131 6 1 2 -1 1 10 0 -6 -157 15 24 12 25 -2 -122 -4 14 1 2 -10 6 
1 -1 -1 -76 1 0 6 8 0 4 -139 73 9 5 -3 -4 13 -9 -105 -126 6 -4 -2 0 0 0 0 0 8 4 2 0 0 2 0 0 2 2 2 1 3 1 0 -17 -47 -11 46 105 14 -4 7 -8 -7 2 5 3 28 -8 -3 9 0 -5 1 3 -5 1 8 6 -1 9 -79 1 7 3 -15 -27 -14 15 31 19 -25 -10 88 1 60 2 -2 -7 -20 -28 -21 -1 1 -4 1 69 2 -1 -84 4 -24 -2 -13 8 5 8 -5 1 24 24 23 -19 -5 -155 0 20 -39 -3 -4 -7 -14 -2 2 1 3 
-16 -4 4 1 0 12 3 -95 8 -3 2 0 5 -8 -3 3 -10 -1 5 0 -1 -2 -2 0 0 -141 0 0 0 -1 77 13 0 0 0 0 4 -7 0 -8 -2 -29 -1 0 -5 3 -11 0 148 -31 -29 22 43 16 2 7 7 19 -8 0 -2 -1 40 4 6 7 1 4 -4 -5 -100 0 39 2 2 4 11 0 -4 -10 -6 -8 -2 -2 62 -9 -22 1 -2 5 12 8 -5 2 -5 -3 6 18 3 2 -24 14 11 20 12 0 -10 -110 20 2 -18 -6 1 0 -1 3 -106 1 17 0 -5 -4 6 -1 0 
1 5 5 -2 0 0 -2 0 -3 -4 2 -2 -4 -1 3 -3 2 -1 10 -4 -22 -10 4 -62 -5 0 0 0 0 0 1 -1 211 3 0 0 -7 4 -2 0 0 -3 -182 -2 1 -2 -5 -5 0 2 0 155 -6 -28 -21 -24 6 57 -1 10 7 4 2 3 4 1 -35 2 -6 -8 5 10 102 135 -24 1 3 -12 3 10 5 3 0 -4 -1 0 0 4 2 -60 -3 -22 -20 -1 1 42 79 -3 -71 -3 95 -3 -6 -4 4 6 -2 -1 26 -68 -14 -2 -2 2 5 -102 -2 8 36 10 -4 1 93 0 5 
-42 2 7 -2 1 0 2 -1 70 3 1 -2 -2 1 -2 7 0 -82 11 -10 -6 -11 3 0 0 0 0 0 0 6 2 0 14 -2 0 4 1 39 0 -1 0 1 0 -7 3 6 3 -2 44 -1 -4 -8 -7 0 0 0 -166 7 -4 -40 -6 2 -3 -1 3 2 1 1 -191 -11 -5 1 4 -5 8 -9 -8 -28 -7 -14 -2 -1 -6 -10 -4 3 -3 0 0 4 107 3 7 6 -5 1 17 1 1 2 0 -1 1 -2 0 1 2 -4 -61 1 11 2 0 -3 1 17 91 -1 -11 -5 3 3 -5 -2 -1 
3 7 8 -2 2 -2 2 45 -2 1 -7 13 -1 -1 -95 -16 -4 2 -6 1 5 4 -7 -1 0 0 0 -1 2 -3 -37 -2 15 3 2 -2 192 -1 -2 -3 2 -2 74 0 6 1 7 1 -6 0 -1 0 0 0 0 0 0 17 4 -2 4 0 -8 0 0 2 -104 -3 1 -1 3 78 21 3 13 1 0 0 63 15 -25 -3 10 14 -12 0 3 0 -4 2 -1 5 8 3 1 4 5 1 -41 16 2 6 0 -1 0 -2 0 15 -2 -2 -36 -3 3 2 12 32 -7 -2 23 -2 -29 -22 1 -1 1 
-12 -17 9 -9 0 6 -5 3 0 0 2 59 28 -5 1 -15 6 -1 -2 5 70 4 5 0 0 0 0 0 0 -93 3 2 18 -173 1 -1 0 181 0 -1 130 0 2 2 4 184 0 0 0 2 0 0 0 0 0 0 0 0 3 1 -2 6 1 -1 0 2 91 -2 105 0 13 8 1 3 2 -16 8 0 2 30 -3 -5 -3 -8 -19 -8 -4 0 68 -1 -2 4 4 -5 -15 1 -1 -10 15 1 -67 4 1 0 47 19 55 -6 -2 0 4 2 -3 -4 -2 -12 -16 -10 -4 8 3 -123 24 24 -1 
8 -45 -20 -1 -1 -1 -24 24 1 -2 -2 4 -106 29 -2 0 0 -2 0 -1 -16 0 -5 6 0 0 0 0 0 15 -2 -2 3 -18 -3 165 -1 6 -11 3 2 -207 166 4 -3 -1 0 2 0 -2 128 0 -26 0 0 0 176 10 -180 1 3 -44 -3 -2 -2 3 0 -1 -1 -1 2 -1 -2 123 1 1 9 3 -4 7 2 2 0 -2 -73 0 0 -2 -4 99 -2 -9 -6 -4 2 10 9 3 -2 2 -1 -2 3 1 -83 4 4 6 0 -2 -2 -4 -4 7 -6 49 -5 16 -21 0 1 8 3 15 -39 
-2 -3 2 -3 0 3 3 -8 -9 -6 2 3 3 5 15 0 2 -2 -77 -1 -1 31 -5 6 0 0 0 0 -214 0 4 3 -14 0 -1 0 -4 7 2 2 -54 6 1 -3 3 20 110 31 6 -1 0 0 0 0 0 0 0 -2 11 25 46 51 7 0 -3 9 14 -3 -3 11 -4 -6 6 -72 -2 -1 -78 -8 1 -1 0 -3 3 2 2 3 1 -2 0 1 3 59 -75 -9 6 2 2 -3 -3 1 32 4 -2 1 -4 5 -90 126 1 0 1 -3 3 0 17 15 -1 -2 3 6 3 3 6 0 8 
-5 0 -3 -1 -1 1 0 -4 15 -10 -24 2 2 -6 0 -122 -2 -1 -2 -72 -2 8 -12 2 11 0 0 0 0 0 -3 -17 -202 135 -218 -3 0 -1 0 0 2 0 0 16 -14 -2 -11 -8 8 6 -4 0 0 0 1 2 9 6 6 -19 -42 -41 1 44 -36 -17 40 21 10 3 -6 16 62 1 -3 -3 -3 48 3 33 2 -33 1 -3 0 3 -1 2 -1 3 3 -3 -27 2 -7 128 2 5 2 61 -3 4 -1 -4 -11 2 -3 0 123 2 -6 -2 -5 1 18 -9 1 -1 5 2 1 176 -53 0 -11 
0 -1 2 0 0 3 15 24 -9 -35 0 5 -1 -1 5 -1 3 0 -2 4 2 17 -4 4 -5 0 0 44 0 0 2 0 7 5 -20 -1 -2 0 0 -2 193 2 0 0 0 0 36 2 -3 3 2 2 0 2 2 -1 99 11 0 0 -213 -4 -8 -2 -6 -18 -49 -38 10 52 24 -26 21 22 -1 5 18 13 -5 -104 7 -4 -3 2 2 3 -2 1 0 4 1 4 137 -1 -33 -3 -5 2 1 1 3 5 -5 -1 -1 -2 1 -10 -1 7 0 9 -20 5 10 5 11 4 -3 7 12 0 0 9 -4 
0 -1 1 3 -1 33 4 2 -20 5 29 -2 -2 1 -1 -1 1 -20 2 15 -2 36 0 -1 -12 5 2 0 0 0 0 0 -89 2 -1 -1 0 0 0 -4 133 -1 1 0 0 3 5 -139 63 -1 1 1 -8 -116 -173 7 121 -93 -6 4 -18 -1 -1 -2 0 -5 -9 -139 1 1 -3 -36 -67 -37 10 40 64 -47 17 16 5 -1 -12 6 19 -1 -4 -2 0 5 -61 1 -2 0 -143 -2 5 3 2 -1 -93 0 2 4 -34 -29 -5 -32 8 18 107 139 -22 -1 3 3 10 11 9 -10 2 -2 4 3 6 
-3 -43 0 -2 -7 0 -26 7 2 9 -35 20 12 -129 -3 1 1 1 10 -1 -6 1 1 1 0 -1 -79 -2 -190 8 0 161 -196 -10 -3 -1 0 0 161 0 0 -8 -1 2 1 84 -3 -3 -4 2 0 4 -1 -3 0 2 -6 5 3 0 -6 0 4 -2 0 -1 -17 0 -67 6 7 0 -1 -7 8 -4 -11 100 -62 82 22 50 67 -12 -22 -25 3 34 14 -2 13 4 0 -2 -15 -2 1 1 3 0 -3 49 1 -1 -10 8 -6 3 -1 -3 -10 -82 -8 -14 7 24 12 -16 -10 -8 5 0 9 -3 104 
0 0 5 -7 -12 35 -39 -2 17 0 0 0 10 5 6 3 1 2 0 3 2 -5 2 -3 1 1 -1 0 -3 -7 -6 0 0 8 -4 -5 -6 -5 -1 2 0 -2 1 4 -4 -2 -2 1 94 1 -1 3 111 1 5 -2 71 3 -3 -105 1 -3 1 0 -227 1 -1 -115 0 4 1 -12 -2 1 1 4 -2 3 0 125 -181 -6 -34 12 0 -6 4 -13 -102 37 11 60 -3 -10 -8 -5 -2 3 9 2 -1 7 -6 -1 -3 -3 3 -2 3 -6 101 2 3 -38 3 3 5 1 -9 -16 -1 7 10 -1 3 
-4 3 8 151 24 -8 0 16 0 0 0 0 -28 -187 1 0 0 1 -6 -3 11 -1 4 -1 2 1 -4 -38 1 -1 -5 0 1 -6 -90 0 4 -3 1 0 -84 4 -5 -2 0 0 1 -3 -3 -4 -4 1 5 0 -7 -9 0 6 0 -1 -3 4 2 0 2 -4 1 -2 5 -1 -38 161 -212 1 -1 0 0 2 -2 2 0 27 3 -8 1 -2 -2 15 -3 8 17 22 3 -5 -17 -5 -4 21 11 -4 -147 71 -2 2 -20 3 5 3 -8 -25 -3 -4 5 6 -6 -2 0 5 -9 -2 6 -1 -112 -2 -13 
0 -31 -43 -24 5 -2 22 -2 135 0 0 50 -186 -22 -10 27 1 0 -1 -32 -7 7 -1 -3 -2 0 -1 38 -3 -2 5 1 -7 132 3 0 0 1 -3 3 38 1 3 8 9 3 148 53 1 -2 0 -2 2 4 1 -1 138 -1 0 5 -1 1 159 -183 0 -2 -5 1 -1 -39 -5 -3 1 -1 2 2 -2 135 26 -1 -173 1 2 145 -2 -2 9 5 3 -12 -2 -8 24 -2 51 -20 -3 -13 -2 2 9 -29 -22 37 -22 -23 59 7 110 -3 -8 -6 -5 0 -108 42 0 1 -2 -3 3 -102 5 40 0 
13 198 0 114 -17 -2 3 0 0 -143 -69 10 -10 5 38 -6 3 -33 -3 -1 2 1 7 -1 -2 1 47 72 5 5 3 -4 11 19 -24 0 -7 29 -6 -3 -3 5 1 9 -185 -13 2 0 1 -1 1 -3 -46 1 4 3 -7 1 159 3 -3 4 3 -4 -3 -5 0 3 1 -86 -4 229 -1 -1 89 1 2 -2 1 -2 2 1 -7 -2 -105 2 -5 -8 -2 16 18 5 -5 14 4 -1 44 -7 -101 3 25 8 10 -3 -28 0 -2 16 22 38 -4 5 2 7 1 -2 -1 0 -6 -1 -4 3 -7 2 10 
-37 -6 120 -32 1 19 35 -12 0 0 10 7 8 -21 0 0 -8 5 0 -2 1 -3 -5 7 1 -5 2 1 4 73 0 5 -197 10 4 -2 1 -2 -2 -5 -2 2 4 -1 2 -2 6 -7 8 5 5 1 0 1 -6 5 2 -3 -1 203 12 0 5 -2 -5 -5 2 1 -3 -1 -1 0 175 4 1 163 -1 1 3 1 0 -1 1 -3 1 1 10 -13 4 -5 -4 13 6 -13 -1 -8 0 -10 5 0 1 -19 -38 -2 27 15 30 -17 -14 -2 0 1 -2 -4 -2 0 -4 -2 -2 43 0 6 1 -1 -2 
-32 49 -38 12 -10 -116 7 -18 28 205 -3 42 -46 0 0 0 0 -8 -4 -4 1 -5 0 3 -1 -1 -3 21 0 132 8 0 -1 -2 -9 -19 4 6 12 1 -20 -8 -72 1 3 1 -110 -27 -160 6 35 -1 3 -1 -2 -2 1 -172 -1 -3 2 0 145 3 1 1 -2 1 -4 0 -59 -3 3 0 -3 -2 2 5 0 1 0 1 4 2 -91 0 -6 -16 -12 -35 -6 -83 6 -20 5 -4 -4 6 0 19 11 72 14 4 -6 1 19 1 -3 -41 -1 5 0 1 1 13 1 -3 -5 -69 -1 4 -12 38 0 
-9 -46 -4 3 82 1 1 -3 0 -32 32 -54 0 0 -2 0 -63 9 -7 -6 2 1 -1 0 25 1 0 1 -1 -3 4 -4 -6 -143 5 -2 0 7 -3 -13 -16 -1 -139 37 25 -4 -5 -226 4 3 -8 5 1 -1 5 -2 -1 -2 -1 -10 1 -1 4 -1 2 0 3 2 -133 2 4 1 -8 -5 0 -3 -1 2 -1 -5 -4 -1 -6 -1 3 4 -9 0 5 8 -3 3 -6 -19 9 7 7 -5 17 3 2 4 -3 -6 -6 29 20 24 -3 -7 -4 3 3 8 2 2 1 -3 6 -3 -1 -54 -3 21 -1 
3 -4 -3 1 1 -2 -2 1 -10 -59 -62 1 0 0 2 32 -32 6 56 117 -16 2 -4 2 0 -13 0 0 -55 -32 -1 -1 -46 2 -26 -1 6 -21 -2 18 5 0 -3 -1 -6 -23 -99 0 35 11 14 4 -1 1 0 -9 -8 2 3 5 3 -1 0 -1 1 -1 0 0 1 -5 1 0 43 3 0 -7 2 5 3 -2 -2 -5 -7 -1 -1 -3 0 0 0 188 28 21 4 9 6 15 10 7 6 0 10 2 7 33 -16 13 117 19 -3 -4 9 3 125 -1 -6 -10 -1 -2 0 -1 68 4 -1 7 6 
1 -1 -1 1 0 -1 -2 -1 -3 3 2 145 -7 197 45 -24 10 3 -14 17 83 -5 3 1 86 19 12 61 0 0 1 0 42 115 15 6 14 -5 4 -16 -10 -147 0 -4 -1 0 -2 -4 -1 -5 -12 -13 -8 1 -1 8 2 0 -55 -35 1 1 0 -3 1 0 -1 -3 -4 -3 -3 -3 2 81 -5 3 0 -1 0 -2 1 124 -5 2 -77 2 1 3 3 -4 -4 -27 -69 -22 75 53 18 1 -11 -41 7 17 -12 -20 14 8 2 5 -2 -18 -4 19 36 -18 -4 11 9 -83 1 -21 62 3 0 -1 2 
0 -2 1 6 3 1 0 -1 -56 3 3 33 -4 0 -31 2 -6 -15 1 -6 1 1 1 0 -3 -2 2 -1 -3 1 2 2 -1 88 0 -3 1 15 7 0 -2 14 4 38 22 7 -97 -1 -3 4 1 4 -4 -1 -7 -1 -2 -5 -32 -4 5 5 10 -1 0 0 2 -1 -4 -100 0 0 -81 22 -2 -4 7 8 -2 0 0 -1 -1 3 -77 -107 3 6 3 2 0 0 0 0 0 -24 -31 -42 -32 22 14 47 32 -14 -5 -33 14 14 0 2 -57 -12 -15 2 -13 -17 -25 -9 -6 10 6 -1 -1 -4 9 
2 1 0 1 -2 -2 -46 -131 3 -2 1 0 -1 -23 1 138 -19 0 -5 -3 0 -50 -92 -1 -2 -2 1 -6 6 -4 2 2 0 -1 5 -6 -6 -10 -4 6 2 -1 0 8 -10 -24 -53 27 7 46 21 112 -10 116 0 -2 -5 3 -7 4 6 4 5 1 -7 3 0 -4 -3 0 0 2 -2 1 0 6 13 19 15 0 44 -1 1 -1 -1 1 -1 181 169 0 0 0 2 -138 -197 0 0 0 0 -10 -10 -8 -28 -43 -52 1 50 12 15 -28 -58 14 30 -4 -18 -1 -2 -5 1 -12 -9 -12 -15 -22 29 
-3 2 -2 -2 244 5 -1 -1 1 1 100 1 2 12 12 0 -30 6 -7 8 3 66 4 5 4 -1 -40 -1 -7 5 2 2 -1 -3 3 2 -89 1 9 -1 3 18 28 -36 -71 -56 -29 82 21 30 75 0 -2 -82 -4 1 0 0 -12 0 0 0 0 -5 -12 9 -12 0 0 0 -3 2 1 8 30 95 8 -124 2 0 0 -1 -4 249 -2 -189 0 -1 -2 244 0 -96 0 -9 -8 0 10 3 0 0 6 11 19 3 11 4 -8 -18 -27 -5 0 0 0 -4 -31 -1 -85 -2 2 -9 -3 1 -2 -9 -1 
1 0 -3 -1 0 -1 -25 0 -3 -2 -6 0 -2 -19 0 -8 -75 0 4 14 -3 -11 -7 22 -2 2 4 92 -67 -12 0 1 1 1 -3 -3 5 -5 -2 2 2 4 1 -14 -18 -23 -33 99 25 -1 -34 -9 16 -1 2 35 3 -3 -191 -9 0 0 9 23 -37 -12 -15 -24 0 0 0 -19 -9 77 -3 0 -1 24 9 17 5 -2 3 1 0 -6 -2 -1 249 -201 0 0 -136 0 0 0 0 0 0 0 12 64 -19 2 -2 -13 -2 -19 -11 -4 -226 -127 0 0 1 0 2 -1 -36 -7 0 18 -18 -10 -3 
-1 1 -1 7 2 0 -1 -24 -21 0 1 35 0 -3 45 0 0 33 1 -20 1 -11 0 8 -15 -1 3 -3 0 3 0 4 18 0 11 2 -3 1 1 -1 -6 0 -11 -4 -1 -2 -67 -8 79 2 3 116 -6 2 -58 -1 29 1 -97 0 0 0 -5 0 -9 -5 -4 0 0 0 0 -21 -14 4 -5 -1 -3 4 -5 -10 -5 -6 -8 -199 8 3 2 5 2 0 0 0 -120 0 0 0 0 0 0 -51 51 4 -5 -11 4 -10 -27 14 -6 -2 0 0 0 0 -84 -1 -3 3 0 88 84 1 1 -27 7 
0 1 0 -1 -3 -45 -2 2 0 -2 -3 -2 63 1 -2 1 27 -9 13 -12 -15 9 20 0 -17 -2 -7 0 1 -1 -5 109 -1 -1 -2 -2 4 0 -88 2 5 0 3 -14 -4 3 -12 -16 23 -11 -4 -15 -2 20 27 6 4 0 -8 -3 12 214 -142 15 13 -11 -131 0 0 0 0 0 2 -4 101 5 10 0 4 -3 5 0 -3 -2 4 0 -4 -7 -4 9 11 0 0 0 0 0 0 0 0 0 0 34 4 -3 2 0 -25 9 -7 -2 -66 0 0 0 204 3 -3 -3 27 -1 -22 -2 -5 -4 8 
0 0 0 0 0 2 2 3 0 -1 -24 -2 2 1 -26 2 -6 20 -9 2 -3 3 9 50 -11 12 -5 -2 1 0 -1 -2 -1 1 -82 2 -2 4 -2 5 1 -1 -6 -3 9 0 15 11 8 61 7 -4 15 46 61 49 -17 -5 0 -7 -6 -10 -1 -6 2 3 13 11 7 14 14 7 -9 -2 -1 -1 -4 -3 8 -3 178 -6 29 -126 10 9 5 -5 5 9 8 1 154 -224 15 31 29 16 0 0 0 -54 -3 8 -180 7 12 -9 -3 -4 -1 0 0 0 238 155 -3 2 -52 4 -17 5 15 -4 -28 
-2 3 0 -2 50 -2 0 3 -1 -2 4 1 4 -2 -4 1 7 -124 -1 -2 2 4 52 -16 4 1 108 1 2 0 3 2 -5 -2 4 -117 1 1 3 31 -2 15 17 0 -13 -3 2 -7 -3 -7 -18 -9 -10 6 -63 -9 4 -88 2 5 -14 4 11 9 10 -5 5 7 7 -5 3 1 -1 0 -4 6 8 1 1 110 3 2 2 12 -16 -10 1 0 -2 4 1 -9 5 9 14 -5 14 -43 -13 -22 -37 0 21 -4 1 -9 21 117 2 0 0 0 0 1 4 7 26 8 18 -7 10 8 -17 -33 1 
0 0 -3 -1 -1 3 0 114 0 4 0 -3 2 -3 -1 -85 0 -1 6 -1 -107 41 -10 1 34 -12 -62 -3 1 -3 -1 -3 9 -6 -1 -1 0 0 8 -12 -41 20 3 2 -4 137 21 0 2 5 4 0 99 -61 -2 -1 1 7 -4 6 2 4 4 14 2 -11 -15 4 14 -14 -10 16 6 15 63 -3 -5 -5 6 -1 90 -2 -4 -7 10 1 3 -85 13 2 2 -12 2 2 -5 57 -7 -2 -4 20 31 -22 -6 -13 6 -86 -24 -17 -6 1 -2 0 0 8 12 -2 -20 -29 -23 7 -16 -16 -7 -8 -28 
2 2 0 -1 88 4 7 2 0 -1 -1 4 2 1 -2 0 1 -32 -3 -11 -107 -6 2 10 -113 -3 4 4 0 1 -2 -1 -104 -17 -94 -2 -2 0 3 -12 -8 42 85 -2 -70 0 0 -3 -11 -6 -1 1 82 -1 1 -75 2 0 -4 0 1 -114 -3 -8 -5 -13 -27 1 -11 68 -6 10 9 7 -22 -26 -4 12 23 11 6 9 141 -3 -9 -17 20 -54 8 2 -6 -15 2 3 9 7 -17 7 3 -5 -4 0 0 4 -5 -11 3 13 4 -24 -2 0 6 2 -29 135 -6 -2 -9 101 -8 10 45 -40 91 
2 -3 -1 0 0 1 -55 4 1 99 0 -1 2 2 5 0 -4 119 -3 1 -7 -2 10 -7 -8 3 84 -2 -32 1 1 0 -87 1 84 -5 6 13 -25 -2 -7 -20 -6 1 -4 3 -118 3 -7 5 -59 8 0 1 5 1 -1 0 2 0 5 -1 -1 7 0 10 1 2 0 16 1 8 11 -8 -6 -10 4 8 51 4 3 -56 -1 -45 -1 3 5 54 0 -15 1 3 -4 2 -7 11 -46 -3 4 9 -3 6 -21 -5 3 13 -2 26 0 -1 0 1 8 -3 59 1 -4 -4 1 0 -16 7 -66 -6 1 
-2 -5 2 33 1 3 1 0 -4 0 0 2 -1 118 -1 3 1 -3 -2 1 3 -5 74 0 -142 0 4 5 27 2 -2 2 -3 1 1 -10 4 -1 3 3 -1 1 -7 7 -3 20 -26 -5 -16 -10 -8 -5 -81 -29 13 10 -11 2 5 -7 -136 -5 5 1 5 -3 -8 3 -101 -1 -71 -53 3 2 42 2 -156 -3 -14 -10 -1 -14 24 16 -11 8 13 8 12 11 4 11 20 15 4 0 26 -8 -4 1 1 -3 2 21 0 -15 11 -12 1 0 0 1 0 2 -77 -6 23 -3 -9 -180 -2 -17 7 -12 -18 
-1 -49 -1 1 -48 -2 -2 -1 -2 -2 0 -152 -5 3 1 0 -1 -3 1 -1 0 0 -117 4 -46 -3 8 -3 118 -6 3 1 0 1 0 2 -3 1 15 0 -5 1 -3 -3 -5 -6 -6 0 0 0 -26 -1 -14 -50 -19 1 -90 7 1 0 38 -5 -1 16 -3 -118 1 -2 -3 178 0 -64 -3 0 -7 -4 3 -2 141 4 18 -6 -20 1 -3 -13 7 -4 -26 -17 -7 2 17 -2 5 -9 -19 -9 -4 -2 4 -2 -3 0 -4 -116 11 -16 1 0 0 1 6 -1 6 1 -28 -23 6 2 1 -21 13 -6 -10 
2 -1 3 2 -2 3 0 3 0 0 2 0 2 95 1 4 2 0 166 3 0 0 1 -2 -2 -4 -55 9 1 24 4 -7 1 -2 2 1 21 -66 2 8 -6 -6 -2 -130 -1 1 -4 -1 -8 7 0 -3 2 -3 -7 -3 -1 153 2 -1 3 -5 -5 -2 -2 2 3 -5 6 46 -4 -3 -56 1 -63 2 -109 0 3 -22 -8 -6 15 12 6 -3 165 0 -1 0 -19 7 -22 3 5 -19 8 31 3 14 13 15 2 -4 -4 2 4 2 1 2 -2 2 123 43 6 1 -12 -13 15 3 -3 -10 -14 -34 -3 
107 128 1 0 -4 -107 -74 1 -1 0 0 1 -2 -2 -16 1 -1 -2 -4 4 0 -5 3 1 1 5 -21 -4 22 -98 -19 33 3 -3 -2 -2 1 5 5 -2 13 48 24 -1 -11 0 3 3 -10 -2 0 1 0 -4 -1 -3 -2 -2 -2 -1 7 0 -4 -3 6 73 0 2 162 -2 4 -3 -3 3 0 -5 17 0 -8 -2 -103 11 -4 -54 14 -11 -4 -3 -9 -10 -28 -5 -185 11 -4 135 176 -12 -6 23 -81 -3 10 0 0 4 -9 -4 139 -1 -8 1 11 -1 0 104 3 -23 4 -63 -6 -5 0 0 1 
17 -69 0 70 14 6 -2 0 120 2 1 -125 30 1 -1 -45 1 -1 3 0 1 -2 -19 -3 4 -9 -21 7 3 18 -9 -7 9 -126 -2 124 -2 4 -2 -76 -1 -40 9 -17 10 -8 -114 -82 -119 -1 -75 5 5 -71 1 -5 -7 -1 7 -3 10 -1 -2 -2 5 78 -1 4 -6 3 3 -4 126 4 -4 1 -1 -1 -6 0 -4 -1 0 -1 18 10 -11 -2 -37 -1 4 9 -12 -1 -20 0 7 2 17 19 3 1 -2 -3 4 -6 172 228 0 0 5 1 -2 2 58 18 -2 -2 6 -28 1 1 3 3 2 
2 1 -1 -100 74 -12 -17 -11 0 2 4 1 1 -62 98 2 -2 -1 0 -2 3 1 0 -1 1 -3 4 -21 -6 -10 -10 1 3 -71 3 -2 7 -5 -1 2 -6 -4 -16 3 9 11 -10 0 -2 1 0 1 76 -4 -58 2 28 -3 2 -11 -62 1 1 -2 145 -5 -1 5 2 -4 6 -142 1 4 0 14 0 148 1 4 -2 -1 3 1 -2 -14 4 -14 -2 16 6 -1 -7 1 -185 1 14 -1 87 0 1 7 5 -50 1 11 2 1 2 1 -165 0 -97 -1 1 -3 -8 21 -11 -10 -1 -3 1 9 4 
1 1 3 -1 -5 -3 0 -4 2 -11 8 0 0 2 1 -2 1 0 0 -87 1 1 -97 4 -21 30 -5 10 5 -2 -1 -6 3 -10 5 -2 53 -4 2 4 8 -5 -1 6 -1 -7 4 -2 1 -2 110 -3 2 -2 1 1 1 -130 -54 3 0 2 76 1 9 -2 -7 37 10 4 -4 3 3 -3 -1 -3 3 149 5 -1 -141 -1 2 -3 -3 -2 56 2 0 -4 134 22 -3 1 -3 -12 -5 0 -3 1 -7 0 -31 1 -2 7 0 0 2 0 3 1 0 1 0 2 3 0 0 1 2 4 0 -14 5 
-2 -2 -9 -5 -21 24 -3 -4 1 -4 162 82 -3 0 -1 1 -2 1 -20 4 0 -1 1 15 0 0 -38 5 0 0 0 0 -2 -98 2 -2 -2 -2 1 4 -17 2 79 -7 0 -2 1 1 46 -1 1 -1 5 -3 -1 6 5 1 4 -3 2 1 63 -8 -5 -9 4 -2 3 -11 4 1 2 1 -1 1 94 1 -4 -2 3 0 1 2 13 8 -19 0 -78 5 -11 11 0 -1 8 0 -14 -11 10 -5 0 -5 -5 7 1 9 -184 0 -1 -1 2 3 0 -2 1 -3 -2 8 -1 -2 5 -1 0 0 2 
2 -3 -9 -5 -17 -3 29 -4 5 1 -6 -2 2 2 0 0 2 -4 1 3 -14 -1 0 4 18 18 18 -15 -7 2 -132 1 -3 2 0 5 -3 -3 1 -3 -7 10 2 1 -1 -4 54 1 -2 2 -97 3 3 -3 1 7 7 -7 2 -2 -2 -1 -43 5 0 -3 -1 1 1 0 1 50 -2 0 105 3 0 4 2 3 0 -56 2 -1 13 -2 -5 -6 0 0 34 -7 -1 0 2 -1 -1 84 16 2 4 4 -3 5 0 -11 0 0 3 26 0 0 -3 -2 1 0 1 3 38 10 -1 3 117 -1 -1 
-4 -2 0 6 4 70 5 11 -2 2 2 -2 1 4 0 1 0 2 1 2 -4 0 41 3 -3 -7 -31 -2 -5 1 -2 -4 -25 -2 -4 0 -1 -2 4 5 -3 2 -3 -1 4 -4 -7 -1 -4 -3 -1 2 -2 -88 -1 6 -19 5 -3 1 45 1 1 70 0 0 -4 4 6 0 -11 -3 -2 2 -2 80 1 3 0 3 1 7 5 -151 16 5 -4 -2 0 0 -1 4 7 -3 0 3 7 79 -1 8 4 5 0 10 -1 -5 0 0 -185 0 0 7 -2 0 6 10 38 22 -22 -8 0 -22 40 18 -3 
-2 -1 -6 -33 1 1 -5 2 17 -13 -5 -2 2 1 -1 0 -147 -2 2 54 -3 2 0 0 1 1 4 -1 3 0 3 1 35 -36 -2 -2 2 -2 -2 -2 3 0 -2 0 -10 -1 -22 -2 0 3 0 -3 4 1 4 1 -8 4 0 -3 3 4 1 -1 -6 2 0 6 0 1 -5 -44 53 14 1 3 4 0 13 12 1 -17 3 19 -7 13 12 14 -3 13 20 -2 1 0 3 -1 4 8 -1 1 -3 -1 -7 -2 0 13 9 7 -1 -186 0 -1 -44 1 0 29 -2 -6 105 -17 -181 145 -22 9 -14 
53 -1 2 48 46 11 1 75 -61 3 -6 -15 -6 1 1 -4 -25 -1 -5 1 0 0 -1 -2 -4 2 2 1 46 1 -1 40 -2 1 1 21 1 2 8 -2 -1 -4 87 -2 3 149 3 2 7 2 -1 -1 -3 7 -10 0 1 10 -4 1 4 -1 5 1 -5 -2 8 1 -8 58 11 5 -26 -1 -5 -19 6 -14 0 10 -24 5 26 2 28 19 5 2 -44 -5 -33 104 122 -27 14 -138 -117 23 2 -6 0 -2 1 -1 84 -2 6 -1 -1 0 2 -8 3 -6 4 0 -1 25 -4 0 0 -1 -2 -17 5 
0 0 -2 -13 -3 -1 -16 0 -4 9 15 18 -1 -36 0 4 1 5 3 0 3 4 -3 3 0 -2 -1 3 0 -17 -26 2 2 30 6 0 2 1 -7 -2 0 6 -6 -1 -28 -153 -4 -60 -1 95 0 1 3 104 0 8 -1 0 1 1 -1 -1 -107 11 5 -6 -4 3 -7 2 -207 -1 -3 10 13 8 -34 -2 82 7 25 0 -11 2 1 32 -5 -8 -7 -18 -30 23 0 59 -4 -69 70 -8 22 -18 -4 3 0 -55 8 -108 19 28 25 29 12 8 -2 -4 3 -2 8 -17 33 -28 -37 -33 -100 -9 -3 
1 -1 8 1 6 4 2 43 -20 -26 2 13 -4 -1 -4 -4 0 1 10 -1 4 0 3 -1 -4 -3 -80 -1 -4 5 -3 1 2 171 3 -15 -1 1 -5 0 0 -3 -14 -6 16 -2 1 1 -1 1 1 2 -1 -5 0 -5 0 2 -2 0 1 1 10 18 -6 -1 -3 0 -5 -11 6 1 5 -10 1 -6 -7 13 -2 10 -14 -6 9 10 38 48 8 -3 3 -8 15 -12 8 -1 2 4 -22 -3 3 13 2 9 -3 -1 8 -2 5 -4 -59 -23 -34 -26 -4 0 5 1 40 -124 -93 6 -1 32 5 -9 3 
-3 5 3 3 -12 -19 5 13 1 -3 18 -3 10 9 11 10 0 -2 1 0 -1 -3 1 0 1 -1 0 -4 -2 -1 0 -2 4 1 -2 -2 -1 71 1 5 -3 -131 -5 -5 -1 1 -132 -1 -3 -2 -2 2 -3 1 1 2 5 -1 -1 -3 95 12 83 53 12 127 0 -1 -1 -8 -6 -20 -5 1 3 16 48 2 -5 -2 -1 3 -2 0 -5 -115 -1 8 -11 -22 -12 4 -14 2 2 12 11 1 -7 1 29 6 6 1 -4 -2 -1 3 4 3 -4 -3 1 37 7 3 -12 0 -138 12 -25 6 0 1 -5 
3 1 -3 -7 -6 -46 -48 14 2 -5 -2 -136 40 30 11 -17 5 12 -1 9 -103 5 7 8 -1 -2 2 4 2 -2 1 -1 5 -3 -6 -2 1 4 -1 0 4 2 1 -2 2 1 3 -5 18 -3 80 0 -2 -1 89 1 1 2 120 -1 2 -2 1 -4 -4 -1 1 -1 1 0 -4 3 3 2 -6 -4 -9 -31 1 -4 2 -8 -7 5 -3 4 22 -4 3 6 -9 126 4 7 -13 -13 -12 -4 -2 13 38 16 -13 1 0 -2 0 0 15 18 4 -23 -3 0 9 5 -8 6 -8 -5 -8 -1 2 0 5 
1 -4 6 -77 2 -1 4 2 -1 -4 -4 -7 0 7 -16 -31 -36 157 15 6 -2 -107 -16 -44 23 12 5 -5 -2 -25 0 6 20 33 -4 0 -1 -96 0 -1 -67 7 -5 0 -3 0 119 2 2 -2 1 -2 -1 2 0 -3 76 0 -4 -1 2 2 1 -26 -3 -1 0 28 1 -4 -3 1 14 24 -2 54 9 -4 -1 -107 -1 -8 -2 5 1 -19 -4 -1 2 -12 3 0 -1 -2 1 -4 0 -4 11 3 -12 -8 -2 -5 2 2 -4 -32 2 -4 -2 1 -4 -1 -13 54 4 8 -2 7 -33 -22 -8 -7 0 
3 4 -3 -2 0 1 3 1 -2 -4 -4 -4 2 1 1 -2 -1 -10 -59 -11 5 -6 9 17 6 3 -1 -3 66 12 16 20 83 -15 1 -3 3 -6 -58 -1 -1 2 -4 -39 0 -47 -2 129 -1 71 -1 -2 0 56 -2 4 -2 -1 -3 -4 -2 0 -4 -43 0 -4 -3 0 -1 1 5 3 -16 24 8 2 -11 -90 3 1 -20 4 19 -47 -4 -2 -133 -1 43 3 3 -7 -10 -9 2 -1 12 3 51 -8 0 7 -26 -2 138 2 4 11 -13 115 -1 2 -4 1 -1 -11 -16 -11 -1 7 31 10 -19 4 0 
-2 0 1 0 -1 31 5 -9 5 60 73 2 -50 0 -2 -3 1 1 3 0 1 3 -1 -6 -10 -12 12 8 1 14 -8 2 -5 -10 -1 4 -1 -1 5 2 -82 -6 0 3 -2 1 -4 -1 -2 3 4 35 0 4 97 1 114 -1 -153 -14 0 14 -2 -3 -5 -4 0 99 -5 3 0 0 -5 -3 5 8 2 -64 -2 -1 2 15 -1 45 0 -3 -6 -1 1 2 -2 1 80 3 0 1 -18 2 -15 -41 -18 114 0 133 2 5 -20 -7 -3 2 3 3 -2 -1 5 22 -13 -15 -12 -38 35 -9 -33 -44 -46 
-2 2 0 -4 0 2 3 -2 -5 -33 7 2 0 -3 -50 1 -2 3 2 -71 -2 -2 0 -51 -2 -1 -5 18 13 0 -13 2 10 -39 8 -2 -3 -2 2 -4 19 -3 -2 0 1 2 2 3 0 2 -75 0 1 1 0 2 -2 -2 4 0 -1 -2 0 4 -4 1 3 1 -4 8 7 1 90 -101 -4 24 -7 -15 68 1 3 -59 28 -4 3 -132 -3 2 -68 -169 82 114 -3 32 8 -63 -2 0 -2 2 10 7 3 21 0 0 0 0 1 -1 -3 2 3 -3 -20 3 -8 -33 -37 17 -1 -13 -68 -35 -46 
4 -1 -1 60 1 8 0 0 2 0 0 0 3 -2 1 -47 -8 11 10 -3 2 -10 7 6 10 40 5 -9 2 7 -5 -4 0 -1 -1 -1 -8 59 1 -39 -1 8 8 5 1 -1 2 0 -1 1 -1 -2 0 2 0 -2 1 -2 -5 1 0 1 0 39 2 0 0 0 2 13 -9 -17 154 -6 -52 -3 -16 -17 43 -7 7 39 16 24 -1 2 -5 -4 1 2 4 0 3 0 1 1 -1 -127 -1 -89 35 -17 2 1 -1 -68 0 -2 2 0 -1 170 -3 -2 1 0 -66 -3 0 3 20 22 20 18 1 
-1 4 1 4 1 2 93 0 -17 4 1 -1 0 109 2 -3 -2 3 3 4 -1 -12 -13 -18 -14 11 14 18 -1 5 -3 3 3 -119 6 6 2 2 2 -4 0 3 0 -59 -6 -8 52 4 -1 -2 -1 2 -1 -10 3 -2 -2 0 -119 2 -2 -1 -3 1 44 0 -2 1 -5 -20 6 89 5 -12 0 0 30 18 -4 -5 6 -93 218 -26 -33 9 9 8 5 -13 9 -2 -3 -5 -4 -2 -9 6 -3 15 14 0 1 -4 -2 -6 -1 2 2 4 1 -7 74 0 -1 -2 1 -1 1 2 0 8 16 16 -5 
-1 -2 4 1 -3 -1 2 2 2 92 2 0 0 3 6 1 130 0 -1 3 1 -4 132 -3 0 -6 6 6 2 -10 -11 -14 4 3 15 6 -89 124 -9 4 -102 -2 113 27 0 0 -2 -3 2 4 1 0 -4 -1 -2 2 -2 2 0 2 1 -10 0 1 -81 146 -1 2 3 0 2 5 7 -2 -2 3 -12 -1 -8 -24 1 7 -13 5 2 0 2 10 0 -17 11 0 207 5 37 12 7 24 3 24 8 3 -131 3 1 0 -131 -4 2 3 0 -3 -3 -2 0 1 0 1 13 -1 2 112 -6 3 5 
3 0 1 -3 1 3 4 -3 3 -6 3 -3 0 -1 -6 0 -2 -4 6 -8 4 6 -5 3 -2 2 0 2 -1 -98 1 -3 -6 4 0 -2 -2 -8 4 -30 -3 -2 -114 57 77 1 6 5 0 -1 2 -2 2 2 1 4 -2 -5 1 -1 1 -5 -4 -3 0 83 -2 0 4 -1 3 10 -5 -3 1 -1 -111 3 1 -2 -5 -2 0 -6 51 5 -17 -2 1 15 0 -16 3 -215 -2 -2 -15 77 -11 -35 -10 3 6 1 -1 -23 10 104 4 42 -40 1 0 0 -1 1 0 -2 0 6 2 -1 -9 -1 -1 
-95 -3 -41 44 1 0 2 3 1 -5 1 2 2 -3 2 -72 2 4 -3 8 2 -5 -1 1 0 -9 2 -2 -2 -118 2 3 1 -5 4 0 -3 5 1 -2 -2 -3 2 -2 -1 -3 4 -106 4 0 -2 1 15 1 -5 4 -2 -3 1 -2 -1 1 3 2 1 2 9 7 2 9 -12 -7 44 -7 1 0 -41 0 9 0 1 0 1 -94 0 0 6 1 3 3 -89 -5 -15 -41 -6 -11 8 23 11 16 32 -8 69 4 3 2 -1 -2 0 -2 -1 201 103 3 1 1 -41 -5 1 2 2 0 -1 -1 -1 
-3 -2 4 -1 -6 -3 19 19 -1 -19 -3 2 3 1 0 15 4 3 -3 -2 -2 3 1 7 2 0 -4 7 -64 4 8 -5 70 2 130 0 2 -3 -36 4 -5 119 -7 1 -51 -1 2 -10 1 -4 1 -36 3 2 -1 -110 -1 2 2 0 -20 2 2 65 2 5 5 -3 -8 2 10 14 11 -21 -4 15 16 -1 -76 -3 1 0 0 1 10 14 -27 31 -64 5 -116 -2 4 -1 3 1 2 -1 -172 -7 -14 -72 47 -1 -2 7 1 -36 -6 -2 2 1 4 132 3 2 2 -2 -1 4 2 -1 -6 -4 -53 
-35 -1 0 1 0 -16 -30 17 22 22 5 -102 -21 26 41 0 -4 -21 -14 7 6 101 12 -3 -8 0 3 12 22 -34 -68 32 8 -45 2 7 5 -1 1 -4 -116 -2 0 0 2 3 -1 -3 0 -1 7 -102 -1 -5 -2 2 2 0 -2 0 -1 -2 1 1 1 -1 -5 1 0 -2 0 1 -1 -1 10 0 2 0 -24 -3 -14 -7 -2 2 -3 29 1 13 32 -39 63 28 4 0 -2 4 -4 -23 -11 -7 0 1 -1 -1 -24 -1 -2 1 -1 -66 0 -1 3 -8 -3 -1 0 -2 1 -3 1 6 0 -4 2 
-1 49 0 6 31 0 -4 -5 -4 -6 5 69 1 -60 16 41 3 -27 -104 -1 27 49 4 3 -51 5 10 -16 0 -1 20 8 -21 -17 -2 -26 2 2 3 0 -55 0 3 3 1 -1 -2 -2 97 1 -10 9 60 -1 -5 3 -2 -3 -1 -3 -1 0 -1 -3 -2 -2 -1 0 134 85 -4 -2 -1 -3 55 -2 -1 3 -2 1 0 1 4 1 -9 0 -66 -64 -5 -29 -46 -52 -1 -2 2 1 2 -1 -1 0 -2 -1 -1 -114 -5 3 3 3 10 5 -2 2 -45 -5 -1 3 3 -2 0 1 -4 -2 -1 -1 -68 
-76 0 -1 -42 -9 -44 4 76 9 22 5 5 2 -15 -5 -169 31 4 -30 -44 18 149 163 13 -4 0 4 10 10 2 14 0 -1 8 15 6 1 2 1 -5 4 20 -85 2 -4 5 6 -101 -26 5 -1 0 1 -2 -2 -4 2 1 1 5 1 3 -2 0 -1 -14 117 2 85 1 -109 -2 0 -2 -1 0 -1 0 -2 -1 4 1 -2 5 2 -2 -1 -5 20 37 -1 -2 -2 0 0 -25 7 4 10 0 1 0 -2 3 4 5 3 1 6 5 -6 5 -1 0 0 0 -3 0 -1 -1 -1 2 0 -152 11 
