-13 -2 1 116 2 49 7 -11 -2 -2 1 -1 -4 -12 -2 3 0 0 -12 17 16 16 7 14 13 1 -3 4 0 1 4 -6 -3 2 0 -5 -12 -69 -20 -3 -8 22 -3 0 4 -2 174 6 8 12 12 10 -9 -10 4 4 -56 1 -2 -33 70 17 22 -1 -5 -14 -40 -2 14 1 -19 125 -5 -3 -13 18 3 -7 1 -5 -1 0 10 -4 4 -2 6 14 -23 -4 80 2 -158 -3 0 -2 -2 0 3 -1 18 8 0 1 1 -1 1 -112 5 -2 -4 -77 -9 0 -5 -3 0 -84 -9 -10 11 2 0 0 -78 
19 -5 -1 -17 -6 -6 17 27 13 14 7 8 4 4 -9 -3 8 67 0 -20 -9 -6 -11 -11 -1 -4 0 6 5 0 1 19 20 5 11 12 24 23 2 96 40 -4 -1 3 -3 -26 -1 -3 -8 63 -4 -4 -5 -3 13 -7 1 -1 -4 0 0 -42 0 2 -15 -4 71 3 1 151 1 15 -9 -32 -4 -7 15 -98 56 -116 4 3 159 -92 -6 -12 -1 6 47 4 -5 204 0 19 0 -2 -89 0 -5 0 -17 1 2 5 -5 1 1 -43 10 -8 -12 -81 7 5 2 -59 -6 1 2 -4 2 -11 -3 1 -2 
-9 -5 -2 -9 1 -8 2 -1 13 8 11 -79 0 8 14 -15 -2 7 2 -1 -4 2 14 -34 8 23 69 40 13 14 -5 92 10 22 20 4 -2 -70 -5 0 -8 -7 4 3 0 3 0 24 30 31 13 16 2 -30 -9 -49 -1 -2 -143 10 0 -52 30 28 18 16 -17 -27 7 0 3 0 -5 -2 4 38 -2 34 0 -6 -4 -2 2 -3 0 148 3 12 48 8 11 -4 0 -2 0 -1 10 2 0 3 0 8 -5 -3 -1 1 16 -24 -4 -9 0 4 -7 2 2 107 10 11 -17 165 -27 -2 -4 184 1 
10 22 11 -9 -24 -32 -2 -4 -17 0 26 2 16 3 -9 -2 -19 2 19 3 98 88 -11 3 -2 8 2 5 1 0 -2 -34 2 -1 1 2 7 8 -65 -16 -13 3 -6 0 14 11 -15 17 18 29 18 8 -5 -93 3 3 4 1 -3 0 0 7 0 0 -6 8 -8 32 -4 -14 3 0 -2 -15 -13 9 -20 4 -5 0 0 0 8 -1 -7 6 13 -13 -15 -6 -12 0 0 1 -2 -172 1 3 1 -2 0 -5 -1 1 -4 -13 2 10 -12 -2 -71 1 -3 6 -6 -17 16 1 39 0 2 0 -1 2 -38 
1 8 23 114 12 60 -10 4 1 0 -46 -1 1 -7 0 -2 3 -16 -5 -49 3 8 -4 -16 15 -6 0 15 18 72 10 142 11 -9 -13 -1 4 -12 -21 -2 -12 52 -7 5 -2 -1 -2 -12 12 146 -3 34 -108 -16 -5 11 1 16 -8 19 43 1 0 4 7 1 -5 13 -192 -9 -7 -1 -6 0 -58 1 1 5 25 -2 -23 3 -8 -3 -5 2 5 -1 41 -2 -3 2 -2 0 3 -76 2 -111 2 4 -5 8 -1 -4 0 -3 -5 4 1 9 9 12 2 46 14 -5 39 2 0 1 -2 -2 14 9 -4 
32 -15 -35 -21 -28 -17 -12 -53 -89 9 68 10 -8 9 19 42 -9 -2 18 -3 -14 -3 7 18 19 -19 -18 25 -2 1 -19 -20 5 6 -10 0 4 4 25 33 -102 -9 5 3 2 9 -2 0 -2 10 20 2 3 5 -60 -4 0 0 -3 43 -33 -29 -31 43 -25 -37 -15 23 0 -6 2 1 27 2 -1 27 -16 -4 -13 -1 -4 -11 -15 0 -138 11 -10 11 -12 6 -1 2 1 -48 159 2 2 2 9 123 -11 2 -3 131 8 -3 -3 0 -2 -4 8 51 9 15 -3 -2 -1 -5 118 -4 2 -1 51 -3 17 
-3 0 136 14 -9 -6 82 -4 -3 -12 -59 -19 9 -10 -7 1 34 -2 0 2 26 -17 -85 -8 5 -15 -12 7 -21 19 -40 24 41 44 22 21 8 7 -6 3 -37 -3 -86 2 -4 -20 -164 26 1 5 11 -4 -65 5 -1 -11 8 2 96 7 5 11 -16 27 -9 0 -3 23 12 -14 35 179 1 0 13 42 -4 12 -10 3 -44 9 -6 -5 1 24 -4 -12 11 -69 -5 5 1 3 13 5 -4 -3 -5 -5 3 -1 10 -6 80 -9 1 -9 2 0 0 -11 -3 2 10 -5 10 6 -6 19 62 10 -22 -6 -24 
0 2 -1 2 -62 -3 1 3 -3 8 2 3 4 7 27 8 22 -5 0 -10 -1 2 10 -11 -4 -33 -34 -8 -5 2 0 -2 -1 -2 76 -3 -3 24 101 -15 12 -6 -1 9 -3 3 -6 -1 -3 5 4 -3 -3 -3 17 2 -6 -3 13 -1 54 -20 7 -69 6 -32 -12 -8 7 -2 8 -2 -43 -181 20 -47 1 18 -2 10 6 20 9 -43 0 0 -4 2 9 -44 -1 -14 -10 1 1 1 1 2 13 0 4 -7 -114 0 8 47 3 -3 17 5 -2 6 7 -12 6 -1 1 -5 -7 -3 -48 -19 25 -11 -15 
-4 -1 5 -3 1 -1 -3 0 -4 0 -1 -2 1 0 -12 -5 11 4 11 -37 3 2 22 -19 20 18 4 1 0 1 2 165 -8 -2 -73 -2 4 -5 -4 2 1 -1 3 9 148 4 -57 -5 -3 -1 -3 2 33 -3 3 -3 -13 -110 -17 2 -53 -4 7 2 11 -1 5 -4 16 -131 7 -6 -8 127 -11 -5 3 -3 -20 9 -2 10 -2 3 -2 -27 -2 -21 -4 6 -5 54 -4 -7 -3 12 -1 2 -4 63 1 1 9 4 2 -2 -54 -3 5 -6 -4 -27 -115 4 19 10 3 32 -6 -12 95 29 5 -1 1 
1 2 169 -2 2 -3 0 -1 3 -3 138 2 5 -21 -6 -6 -97 5 5 47 1 2 6 33 19 22 -37 -23 23 20 1 9 17 15 16 23 19 23 0 5 12 18 5 -9 0 -4 -7 135 -1 8 10 -3 -8 -4 -11 -4 -43 19 -1 -1 -3 11 12 11 -6 -160 -1 -1 -12 -1 12 6 28 -3 1 2 1 21 -85 -37 -3 -9 -30 9 -2 -68 15 17 92 22 -7 -5 0 12 -6 7 9 6 0 5 1 2 2 0 94 -10 -2 2 -7 -97 20 -8 1 -3 7 -8 9 3 -2 6 1 -5 1 -11 3 
-1 3 5 5 1 0 -2 -3 -3 4 0 0 -1 -7 -1 -11 3 -7 -55 6 2 18 2 -5 5 -6 1 -16 -31 -29 -21 -23 -32 -24 -34 -23 -20 -25 -7 -7 -12 -15 -3 1 0 1 2 5 4 0 4 0 3 5 2 38 -4 4 1 -5 -77 -14 43 -1 5 -72 0 -2 92 -5 0 -3 16 13 -4 -20 -4 -2 26 -3 1 1 -12 -9 43 -18 -37 -37 3 -1 5 2 4 2 11 7 3 -161 0 0 7 18 9 12 -12 -2 -6 0 1 2 -4 -1 -45 -7 54 8 -18 3 -2 -20 28 16 5 -4 16 
50 -2 25 2 -58 -3 -1 6 0 3 3 -3 2 3 3 -4 -8 -81 7 -7 -1 10 -116 -2 -4 49 2 -18 -6 -1 -8 2 11 -4 1 -14 -2 4 8 -11 -15 -93 -1 3 0 0 0 1 0 -6 1 3 7 8 -49 -9 -140 4 -2 2 28 3 0 1 6 3 2 -2 9 6 -15 39 1 6 4 3 -2 10 36 35 -9 -40 -26 8 11 143 -9 -8 2 8 5 3 9 10 -2 -5 -1 6 -7 -2 4 12 -6 5 -1 2 0 -84 -4 10 3 -3 -38 -10 -5 38 -4 7 -15 13 25 -25 8 1 -129 
-4 -2 -4 0 -1 0 -2 1 -7 2 119 -1 0 -19 0 -4 -1 -8 3 -93 4 1 -1 1 -4 -14 -67 -8 29 19 -8 0 6 10 0 13 -1 29 0 9 7 18 -13 6 0 -1 3 5 7 7 5 7 9 9 16 2 -12 -2 10 -165 -82 6 17 14 -9 -10 -12 1 2 4 1 8 142 43 36 -15 -27 -37 -7 9 1 -3 -10 59 1 9 -2 1 1 -6 1 1 -5 -95 -2 108 27 13 -22 -4 8 -65 36 -22 3 0 -1 -2 138 -2 0 -27 -21 -5 -7 -1 7 2 11 -34 4 -8 -14 -4 1 
7 1 -6 -5 -148 1 -6 0 -2 2 3 113 6 2 1 -1 -3 -11 -5 21 6 -42 -4 -13 -8 -9 -11 -108 2 -30 4 8 3 2 6 6 -4 36 -3 -10 6 0 1 4 9 27 -3 -6 -17 -24 -34 -37 -16 2 -2 -33 -23 -6 -110 0 -29 8 0 5 2 1 5 21 43 24 -16 -85 -39 4 3 -5 -5 64 6 2 10 1 -1 -10 -6 2 1 0 0 2 -2 0 -118 5 15 -7 -2 7 5 9 -12 -3 4 -25 6 -4 0 -12 -40 1 -4 65 15 9 -14 4 -15 2 29 -22 3 9 -5 -6 1 
1 3 2 8 207 155 2 0 168 3 -1 4 -8 -7 -1 -8 -70 7 4 -14 -1 13 -88 11 10 45 28 20 12 5 60 -19 1 -11 -18 -17 -13 -9 -11 -10 46 -6 -109 5 -31 -17 110 3 -6 -1 1 -6 -9 3 -3 1 -3 13 4 -3 4 9 27 78 28 -35 -39 -27 -9 8 -3 1 -4 0 -10 -4 0 -25 -2 7 -3 -73 2 4 -3 -1 -52 3 9 20 10 4 -6 5 1 1 5 -46 -8 0 -156 -1 1 -10 -2 -3 -13 -29 -110 4 85 52 -2 2 8 -10 13 -1 -6 18 -1 4 -7 0 -11 
-3 0 8 -168 3 0 4 4 1 -8 -6 -9 6 -2 113 -2 2 9 6 1 3 1 -1 -3 -4 -6 -6 -4 -11 3 -1 47 8 18 10 7 19 4 6 37 6 8 17 -9 -8 -176 -6 -2 9 -2 -1 2 0 2 4 -120 -103 93 -9 22 2 -34 -31 -20 -5 4 1 106 -10 -1 10 -106 -104 8 -7 -1 -1 181 -32 11 101 -3 2 4 17 6 -6 -10 4 10 1 -9 -52 7 17 10 8 -11 4 2 4 116 14 -6 -13 2 -4 14 89 5 43 -21 5 9 12 12 5 -9 2 4 -99 -10 -2 4 -6 
36 -2 2 9 7 0 4 0 -134 7 10 -64 -2 -220 0 1 6 6 76 177 -4 -6 -7 11 3 8 10 -6 -11 -68 -14 -10 -4 -5 7 -5 -8 -1 65 -10 -7 -24 5 -41 1 2 -6 7 -12 -15 -2 -15 -24 -3 -25 -9 -3 6 19 -13 4 0 -9 1 -7 0 -14 -19 -1 -4 129 2 1 1 9 5 0 -1 -1 0 0 -5 -3 -3 4 -3 -7 -5 -1 0 -134 -7 1 -61 -13 59 -13 -5 -15 -6 11 -6 78 19 15 80 -20 -13 3 27 -4 -1 13 -18 0 -48 -1 111 0 2 12 -13 2 -2 -11 
2 0 -1 -2 -3 -7 2 -3 7 2 -13 4 72 68 11 9 -11 -5 14 -28 -7 34 2 1 0 -11 18 3 3 -1 4 0 8 6 6 -8 12 9 12 22 67 5 17 10 7 -15 -5 -3 10 14 0 2 4 1 10 -12 -33 13 5 0 141 0 -5 -5 6 7 6 -6 0 1 -3 -14 3 0 -1 6 7 5 20 6 -13 -7 -5 -18 -13 6 2 -24 51 3 -51 -2 3 -2 0 1 3 0 6 31 16 4 -6 -11 -5 -10 -10 -151 -3 0 -30 -1 -9 -34 3 114 -7 2 -3 4 4 3 82 5 9 
7 1 5 15 10 1 -1 -1 -1 3 1 1 -76 -12 0 5 -15 -22 -5 -99 19 -16 4 5 -1 -99 12 -4 3 -1 -15 -10 -2 1 -5 1 3 155 0 3 25 0 1 -5 -6 0 0 -7 0 -114 -1 1 -2 -9 -14 -10 -14 -20 2 -8 1 -7 -86 -5 22 -9 -6 105 4 -63 12 8 5 7 -13 -14 3 8 -3 0 2 1 -1 -1 0 3 -21 -4 -1 0 2 0 0 2 7 0 1 -3 0 2 60 1 12 -1 -138 18 30 3 -4 0 3 30 3 -3 -3 -9 -9 -10 -5 6 1 5 -3 -2 53 
-1 -3 61 -12 9 7 -9 4 -10 33 7 -4 0 -7 -5 19 -9 4 2 4 9 27 -10 11 11 5 -28 -6 -7 1 9 1 4 -50 5 1 -1 4 0 -8 -32 -2 6 2 1 -4 96 -12 0 -1 1 -2 -98 8 43 103 -3 3 -10 -1 -1 -160 1 4 -46 5 -4 -7 1 3 -20 -11 -2 -7 1 2 -150 -5 67 -3 1 -2 -1 0 -22 -1 2 -6 0 4 5 2 1 1 2 1 0 2 -3 -1 -1 1 -14 76 -1 2 0 88 -16 -20 -3 11 47 -75 2 3 0 2 7 -7 -6 0 -15 5 8 
2 -1 -4 1 5 -13 -35 115 -7 -7 1 -4 93 -12 -18 29 -21 -45 -4 -5 -8 -12 -12 -4 1 -172 0 -1 -107 3 8 3 6 -143 0 22 13 -40 10 26 20 19 18 23 31 11 19 34 5 19 63 11 4 11 1 16 76 9 -21 -132 22 -54 5 132 -23 -11 -5 6 0 2 0 -5 -5 -37 -2 -2 7 151 -1 -2 -30 14 14 -1 6 13 8 5 -9 4 -2 -2 -1 -1 0 1 0 -1 -4 -4 0 52 5 -3 0 1 -8 31 6 -28 -24 -10 -9 -4 3 -1 -44 14 9 -3 11 23 11 22 91 
-43 -35 7 21 -81 12 8 24 2 -25 3 0 7 -5 2 6 -2 -2 5 -2 0 -82 -1 -1 4 -1 4 2 4 7 -1 -106 13 -12 19 2 1 -31 -17 -38 -39 -128 -140 -31 -33 -28 -30 82 -17 126 2 -2 -7 1 -9 -1 -1 -2 -7 -6 -7 -1 1 -2 -36 5 113 -122 -5 -2 -208 0 -1 -5 4 7 -3 -1 -1 -2 0 -1 0 36 -1 12 44 -86 -63 -42 -1 2 0 -63 40 -3 5 -50 -1 3 -71 114 10 15 -1 -4 1 -10 -3 -5 -5 0 3 8 -2 -2 -5 5 -5 -74 10 12 0 13 3 
10 -63 3 -2 -72 3 6 -10 -8 -9 -3 -2 -8 4 -6 24 -10 1 -1 -4 -35 142 -36 16 11 35 0 13 22 1 -25 -10 16 26 -1 30 -16 -107 -17 -34 -12 -34 -45 -29 -11 -7 -11 -8 -33 -3 -8 -13 -10 -10 -18 -13 -17 -10 24 -3 0 3 8 -2 -9 3 3 -3 1 2 1 3 3 -54 -13 -7 -97 -6 0 0 3 -78 18 43 -3 -1 -13 -8 -4 5 9 -1 -35 -1 14 7 -9 -10 12 14 -17 -19 9 4 -8 -9 19 2 5 5 113 8 7 -5 3 -1 0 -3 6 -5 -6 -5 -5 3 70 
6 6 4 3 3 35 5 4 5 4 3 -54 4 8 13 17 32 39 -94 4 -23 -2 -29 11 7 -1 27 67 7 17 16 38 -10 6 -11 -41 18 -3 -82 1 -27 -10 1 -3 -32 -106 -29 -28 -20 -2 0 3 -4 29 2 0 -3 105 -66 -2 2 -1 0 -5 -7 0 2 -3 3 0 3 1 3 2 2 4 -65 2 145 1 2 -41 -6 -12 0 2 9 -1 2 -1 0 2 -2 1 4 -4 -10 -13 12 26 9 -6 53 10 23 -11 -19 -12 43 -15 -17 -5 2 84 -6 2 0 4 -74 84 -1 -70 -3 -14 23 
-8 2 -9 0 -17 -68 -4 -154 88 25 4 10 3 -6 -4 -37 -5 1 96 -2 5 29 31 -14 -10 -15 30 4 8 -7 -18 -8 13 -38 11 -14 -3 6 -10 -2 64 0 1 -1 2 -4 -4 2 0 3 1 52 -88 21 101 -4 1 -4 -1 -20 92 0 -1 -1 -105 2 0 -2 -1 8 4 -1 -9 -4 -5 -20 -1 1 36 -72 -6 1 -2 -1 -4 7 1 7 -54 18 -3 0 0 -6 -49 2 1 5 -2 0 -4 19 -55 1 10 -12 2 0 0 -1 2 0 0 -1 -2 -1 2 -5 -7 2 8 -139 16 12 -77 
-7 -30 -2 1 28 15 144 -5 -22 1 0 -19 137 98 0 80 -47 -13 15 163 -1 14 29 13 -58 31 -8 -6 -16 23 113 -4 -24 -19 -24 29 -8 6 128 2 0 61 -13 5 5 -10 -8 -10 13 -63 12 27 14 0 1 1 6 8 -19 -88 3 0 -3 -62 1 -4 5 5 2 3 2 -1 1 0 1 -3 1 -2 -12 -12 -2 2 1 106 -3 -4 14 4 -4 -138 -3 1 -2 -69 5 2 0 1 78 7 -3 -10 -101 14 2 -5 -38 -7 -31 -3 1 -1 0 -1 -23 -1 105 -8 -5 -13 1 -6 5 -56 -5 
3 87 -35 -24 -4 55 -1 -4 -1 -2 14 5 19 26 32 -3 -16 -3 -2 -148 24 -14 5 12 3 -6 -10 20 -30 4 20 6 4 -11 4 1 -3 2 -103 -81 14 21 -29 0 7 -13 1 -12 -10 1 57 -39 -5 -6 -7 -8 -10 -3 3 1 3 1 -2 -2 1 -3 1 -2 -1 5 73 -161 -198 6 1 -1 -1 13 -2 -5 -2 0 -15 -3 1 -2 7 -3 8 -3 0 4 1 73 4 1 0 3 -1 -4 -5 -10 0 2 10 5 8 1 4 -1 -5 2 1 3 19 -6 2 -3 -5 -2 -4 19 14 -2 -68 
23 -30 -15 4 11 1 -4 13 3 -5 6 -6 18 -24 -10 3 -3 -5 12 -5 -15 -6 -3 2 -3 19 -15 0 4 -5 0 3 -3 1 10 -1 2 11 10 18 14 37 13 -1 20 16 16 6 9 10 19 16 12 12 12 6 2 1 1 -140 -7 -3 56 -70 1 -1 1 5 1 2 -159 62 -2 3 -3 1 -2 -2 -73 -1 -1 0 84 -1 -51 4 12 16 -14 3 16 1 -11 2 3 3 -5 -5 5 15 5 55 6 21 29 -7 93 11 1 100 3 -76 -30 1 126 -1 7 3 18 3 -17 -4 2 -76 5 
18 -12 -5 -1 -7 26 -5 -3 -1 54 -19 -9 -6 9 18 -3 176 1 -1 16 -6 -4 1 -4 5 -3 8 -6 -1 -2 6 14 -3 -1 21 3 18 -2 -5 -11 -32 -39 -47 -49 -46 -23 -38 -28 1 -1 34 30 6 90 13 -50 87 0 10 -1 139 -2 0 -1 -1 1 -1 -93 3 -1 5 5 1 6 4 1 1 -5 -3 0 5 -2 3 -2 2 -119 2 22 0 -27 4 -46 2 4 7 3 -3 -12 -13 -23 -3 -1 -11 -4 21 2 11 -24 -12 -8 2 38 -4 2 -1 3 0 39 -3 -1 -6 2 -4 9 8 
-29 10 -86 -1 72 9 7 0 5 3 2 3 1 14 35 9 21 -15 -2 -106 -18 -2 52 5 90 -19 1 -1 8 -8 5 20 -2 3 -19 -30 -145 -6 -2 0 7 16 -8 0 0 84 0 0 -1 -3 -5 -1 22 -5 -3 -31 -44 -41 -1 -2 -2 1 1 3 -1 -1 -1 2 5 1 -2 -6 0 -4 -1 -45 0 -1 3 -34 -43 21 0 -108 -10 1 -3 2 151 -18 5 -3 -2 -7 -33 21 -11 -7 -1 16 0 -1 17 7 -1 -2 -1 4 8 -4 11 1 -1 2 -72 -6 -5 -9 -1 -3 3 -3 -3 2 1 
-39 -21 36 -11 9 11 -2 -3 1 2 2 -4 5 -2 6 3 -26 -20 12 12 1 -7 2 -10 0 2 -5 4 14 15 -5 21 -26 -14 -10 0 0 0 -5 -5 24 -22 0 -32 0 4 6 -2 0 10 -3 3 -30 -13 -12 -173 0 0 -4 2 0 -2 3 -1 3 0 2 0 -113 -2 -2 -11 -1 -3 67 -1 6 1 0 -13 0 -12 -23 82 18 -96 107 -10 -18 26 6 4 -1 -1 112 45 -1 -1 7 -8 -1 -33 26 15 12 0 5 10 -6 -1 28 0 1 -1 -5 0 -23 -2 -3 0 0 2 1 1 -12 
24 -41 -3 -106 0 1 -5 -3 94 2 1 -3 2 -2 -3 2 -5 -4 1 -12 -11 -7 -1 1 7 31 -9 14 -101 -34 -18 0 0 0 0 0 0 0 -1 -4 -125 -3 186 6 -5 72 1 1 -191 0 0 -10 0 163 0 107 156 -220 4 -20 -5 -1 19 1 2 2 4 71 -3 3 45 -8 0 2 69 3 0 -4 -1 2 3 1 -36 -6 101 -1 -1 3 0 0 16 -2 -13 -47 14 34 0 -6 96 -4 3 1 -2 1 -1 4 -4 -7 11 -1 -5 -4 -2 2 -54 1 0 1 4 0 -147 26 0 5 6 
1 0 4 -1 0 3 85 -2 3 -2 0 -1 1 7 7 -4 -7 -37 1 -3 0 7 11 0 -2 17 -28 -12 -221 0 0 0 0 0 0 148 0 0 0 0 0 0 -2 -1 -1 -3 -3 -1 -5 3 0 0 0 0 0 0 0 6 2 -15 2 0 3 1 -2 -3 6 1 -3 -1 -39 2 2 0 7 -3 -16 -11 0 0 1 207 2 2 1 1 56 -1 5 112 12 -30 -7 -11 -37 -22 16 10 -6 2 11 3 -1 -3 0 0 3 10 15 12 4 2 0 -1 6 0 1 24 9 25 16 -3 1 -10 -19 
4 -4 4 0 6 13 2 -2 0 2 -1 -2 4 4 -5 -86 2 -6 1 8 2 1 -11 -35 -24 -67 -6 -8 -29 -11 0 0 0 0 0 0 -59 0 0 0 0 0 2 -2 0 0 1 32 2 0 0 0 10 27 6 11 3 -14 19 -13 -25 7 6 5 1 1 4 -5 -2 8 89 -1 -5 -1 16 6 -2 -1 4 6 12 -112 -2 31 27 15 -10 3 1 101 -10 -2 -13 4 1 5 29 -19 8 -3 -1 -6 38 8 8 7 7 -1 -11 4 -1 -1 -3 -2 48 8 19 4 -1 -4 4 2 2 -5 -9 
3 21 12 -11 -23 -3 5 0 -4 2 0 24 57 3 -6 -1 8 10 -2 27 -9 -21 -10 6 -1 0 -3 -24 13 -146 0 0 0 0 0 0 0 0 0 92 0 0 0 0 -4 -3 -2 -1 2 -19 5 -1 -11 0 0 -3 32 -29 -12 -1 1 -1 1 -3 1 5 -3 -11 -3 -1 -97 -4 0 2 0 -1 6 5 10 42 -4 -96 -4 28 52 -24 -1 -5 -1 -1 6 -4 2 3 4 22 1 -25 -17 -1 -5 1 0 -2 -1 -5 10 -23 0 -8 -6 0 0 -1 -3 2 2 -5 12 -12 13 8 29 18 8 
-7 -3 -23 2 0 1 -1 -7 5 -2 0 2 -2 0 13 -95 13 -28 -24 6 18 6 58 12 -3 -9 -24 -26 -8 0 0 -30 0 0 183 111 0 0 54 0 0 0 -2 0 0 -41 -2 -9 6 -3 -3 2 -2 12 106 -2 36 -2 -6 1 -29 -3 2 -2 -1 -5 0 -35 -3 2 2 -1 -65 8 55 -91 -32 -7 1 -37 -14 -28 1 78 10 -2 64 0 1 14 0 -14 -7 -4 -5 -3 -8 20 39 1 -3 10 8 12 1 -80 0 -45 -97 -3 -25 0 48 -4 0 30 1 5 -8 -3 -143 -55 -3 -10 -8 
5 0 -107 -6 -8 -2 2 -4 -2 2 0 4 2 3 -2 150 0 -11 14 -10 -1 19 114 -21 -3 1 9 0 0 0 0 0 0 0 0 0 0 0 -42 0 0 0 2 219 -138 -3 3 -1 3 83 10 88 -3 -4 -13 -130 6 6 -47 -6 -4 3 1 -1 0 -1 -1 7 -3 10 -10 17 -4 20 -3 -1 -12 -1 -1 -1 2 6 12 14 -26 6 5 1 -1 -18 19 -3 -16 -59 0 22 -7 1 45 -4 -1 -8 -8 -3 -11 7 -2 8 -5 16 0 3 0 -47 -1 -12 12 -2 3 2 1 0 3 8 -15 
2 -39 -68 -3 -1 6 4 5 3 2 -1 -3 4 74 -7 -11 -2 -10 -3 10 228 -12 0 0 0 140 35 0 0 0 0 0 0 0 0 0 0 0 0 3 0 8 13 -1 0 14 10 6 11 -23 -3 1 -3 -8 5 15 12 -3 1 -14 9 15 0 0 -25 -4 -6 91 102 14 11 3 -2 7 2 10 23 -76 0 -3 -7 -24 7 -4 16 15 5 2 -2 -4 3 -41 -12 1 1 8 -3 -5 -39 1 1 -7 -44 -10 46 -2 3 4 -7 -31 3 -1 3 2 1 1 6 5 16 1 1 -2 -2 1 -8 
7 0 -12 -1 95 -2 4 1 -3 12 -2 2 8 -20 -29 2 -2 -1 -1 -5 0 -2 -1 0 0 0 -136 4 0 0 0 0 0 0 5 0 0 0 0 10 -7 -12 1 -99 -7 23 -19 -10 -8 3 -10 -3 4 -1 -3 -31 4 11 -6 -25 -18 36 0 -83 6 -19 4 10 -19 27 -4 2 19 7 -2 144 8 16 -15 20 10 -9 -36 15 -3 -10 58 -1 1 -6 -12 6 4 1 1 -28 42 -8 0 2 -2 7 7 3 -61 -129 -2 0 21 1 4 -1 2 2 -4 1 -18 107 -10 -7 -1 -9 4 -12 -61 
-4 0 2 -94 9 3 -1 0 13 7 -8 -13 9 -3 11 0 1 2 -3 2 -5 4 0 0 0 0 2 136 0 0 0 0 0 0 0 0 9 4 0 -10 -1 -1 -5 15 -17 1 4 2 -2 -2 4 -5 0 14 5 -13 4 1 12 3 -2 -15 -1 -6 -9 -5 23 2 -10 -2 3 -13 -3 0 13 29 -7 39 1 3 -26 -3 -10 -89 -10 -5 -3 1 2 -32 -32 1 -9 1 2 -2 -13 5 -1 0 3 7 1 2 13 3 26 -4 -12 -3 2 -5 3 73 -12 11 13 4 -2 0 2 17 -10 -52 6 
1 -5 4 -84 19 9 33 -6 -8 57 4 -2 -13 3 8 3 -4 -8 -2 -3 0 -223 1 0 0 137 -1 -1 4 0 160 0 49 1 0 1 2 4 -5 13 112 34 -24 8 -4 2 8 3 -2 7 17 13 -18 2 9 -2 -7 0 -8 1 -88 -8 -3 -2 19 7 2 0 0 -1 56 0 0 -36 -1 -21 -54 -2 -1 3 103 0 -15 0 -21 -2 -1 1 6 -99 4 -27 -44 0 -3 -17 -11 0 -24 -81 0 20 79 -7 8 -8 5 4 11 -92 2 -3 34 0 -1 -5 0 3 26 -14 -82 30 17 5 -3 
1 1 -8 1 8 13 -13 4 188 1 -3 -5 3 -1 -1 -2 161 0 -2 91 0 0 0 0 0 0 0 -4 -4 1 0 -3 6 -126 6 -1 4 12 -10 -21 11 6 1 4 11 -12 3 1 6 -13 -10 11 24 -11 -9 -2 2 -40 -14 -4 -6 0 -1 -14 0 -4 20 0 133 -1 5 -19 -34 -18 9 -30 8 -26 -41 1 -17 1 -30 1 46 -31 -49 -105 -4 -29 -13 18 0 -2 5 -7 -13 21 4 2 2 -19 -25 -7 -2 0 2 -12 -21 -5 -17 1 3 -10 7 5 2 -1 -4 -4 6 -3 -4 -8 3 
166 -11 -5 -14 -12 -4 33 0 -1 -2 4 -1 8 7 0 0 -1 0 -2 0 0 2 0 0 -126 3 0 0 -1 9 -21 -9 -1 -9 22 28 -6 110 2 -2 2 7 2 -5 -1 0 12 -13 -1 140 1 8 21 6 3 17 17 0 139 -9 -3 1 8 1 0 -3 -95 -1 -10 1 14 3 3 -8 -11 2 -2 19 30 85 -6 18 -25 -37 0 -16 -4 8 26 20 -6 13 52 -4 -3 3 -8 3 30 0 -3 -149 14 -87 0 0 -115 31 75 -3 11 -81 1 -3 1 8 3 2 -14 27 -35 -19 -4 -8 -10 
4 -138 7 0 0 -243 4 0 0 1 4 58 2 4 0 0 0 0 0 0 -1 -4 0 0 236 0 0 0 -4 -3 15 10 5 -9 -2 21 4 0 1 0 -1 -5 10 1 20 -16 15 2 -2 13 2 2 11 -1 -30 24 -15 -12 0 16 -4 2 8 14 3 7 -8 31 16 2 -1 12 8 6 9 0 -112 -2 0 2 -4 -89 -13 -21 -17 -6 0 -25 37 -10 -161 -1 -3 7 11 19 -15 -19 -1 -2 0 -18 -5 3 2 -69 3 45 -11 33 15 0 0 -4 -153 -5 -10 -157 6 2 -9 -1 -2 -2 6 
-3 -11 -218 0 -206 2 0 94 0 0 -2 -2 4 -7 0 168 -70 9 -1 -8 -9 12 5 7 -1 1 -2 -137 4 12 18 -4 -3 3 7 -3 4 -1 8 -10 41 3 -13 -8 22 -16 11 -15 8 5 20 43 19 -7 -9 -6 -11 -10 -101 0 6 0 -1 0 -6 1 2 3 3 4 -9 4 5 -1 21 -1 8 9 1 8 -97 10 131 6 -2 -5 1 -25 -4 -73 10 -2 0 -2 -8 -14 -11 -1 3 1 -1 -15 -9 12 44 3 -4 -13 -18 60 -9 2 0 -1 32 -1 0 12 -2 -5 2 5 1 2 2 
-5 0 0 0 0 0 0 0 0 0 0 0 0 0 4 11 19 33 -2 -5 32 12 20 4 -2 -158 15 5 -15 60 -1 15 -6 -3 0 -46 6 -8 2 -4 -24 -5 4 1 9 18 52 4 -16 12 19 4 -14 -20 2 5 49 9 -4 48 1 1 14 36 5 25 -17 6 -37 3 18 -16 5 -2 -24 -16 14 171 0 1 -9 -38 -14 -65 -41 -4 9 5 27 1 7 2 -79 3 -11 86 -4 -6 2 -2 20 14 7 -20 -1 84 0 6 -86 -8 36 0 3 54 -59 6 -10 -6 -17 -8 2 0 -2 -4 -1 
0 0 0 0 0 0 0 0 0 0 0 9 5 10 -174 4 -33 -5 4 -2 -5 -31 -7 4 -2 1 -28 -15 12 2 -18 -1 3 4 7 -160 1 3 -13 -9 -4 -129 -23 4 12 35 79 -5 -11 -57 11 5 -4 -6 0 -21 -8 -12 -1 -1 -1 1 7 4 -48 1 -3 -9 -104 -19 51 -26 0 3 17 -3 2 -17 7 32 15 -3 -1 -13 161 10 -27 -12 -9 -9 -5 -79 -16 -1 -4 -2 3 1 -1 -6 6 -2 -7 5 -1 3 -71 -10 -23 -35 -20 2 -5 1 4 -5 164 -26 30 17 -2 2 -49 2 -2 
0 0 0 0 60 0 0 1 0 4 28 28 -7 -156 -7 -79 -3 1 109 7 7 -2 -6 5 1 2 -2 -2 -3 1 59 11 -30 4 24 -9 -7 131 -14 -4 -37 5 -25 5 3 -13 1 4 22 -17 -11 8 4 4 -2 -2 -1 -10 -1 -2 0 1 -19 35 0 2 0 0 5 6 0 -1 4 3 14 -1 0 -19 -79 25 139 -4 -6 1 -43 -6 3 7 -50 3 2 8 12 -8 16 3 -2 0 -1 1 -3 12 8 -15 0 0 1 -5 5 -42 -7 1 2 -3 12 1 -14 3 4 -7 0 0 0 -2 -4 
54 59 0 0 0 0 19 19 116 -24 -32 -6 21 8 1 -3 -3 0 2 -16 101 -2 -11 11 -7 -7 0 -1 -101 1 -1 -5 23 -9 -60 -8 14 -12 -104 -9 -3 5 -9 -8 140 10 -6 -10 -3 -5 -3 -15 21 -4 -7 2 10 0 4 0 -2 1 165 -105 4 -2 -1 11 -1 -2 46 6 -5 1 -11 10 20 -1 3 23 1 -9 -10 -6 -18 -14 -3 -15 -5 -2 14 7 2 14 1 -1 -5 -3 138 -9 96 39 -7 2 -4 -1 -2 -4 -1 6 -1 4 5 15 -1 54 -1 -132 -15 18 -2 -3 -3 -65 0 
-7 2 0 -71 -3 9 -13 -13 29 -9 3 -6 3 6 5 10 16 2 -52 -1 0 13 11 -32 15 7 135 1 1 3 20 -8 -12 -7 18 30 4 -11 3 -2 5 5 17 17 -3 -14 -17 4 77 0 -3 3 -2 -27 0 8 3 -101 -9 0 1 5 -10 -4 6 -2 1 -3 67 5 -1 3 -41 -39 4 1 -9 -1 -18 -5 11 4 5 -2 1 4 3 11 -18 -10 -19 -22 -14 75 10 -1 -1 1 -1 -2 -14 3 2 6 0 -2 17 27 -1 16 -3 4 -1 3 5 -2 3 -49 -5 19 0 -1 -1 0 12 
-4 1 -2 5 11 4 -1 21 30 -9 12 -1 -6 0 9 11 -22 -2 -6 -23 -8 2 -11 4 -7 1 1 -1 0 9 -20 -11 0 4 189 18 -3 -14 5 -19 14 1 -2 4 -4 5 -2 3 1 10 8 1 9 4 -11 2 6 7 3 1 -73 1 -11 -2 2 2 -5 1 -1 4 -151 -7 6 -2 -17 130 -17 -9 0 10 -18 18 -1 -36 -16 7 18 19 2 -19 -8 -5 1 -12 9 1 -3 -2 0 74 -5 0 -13 -1 -99 -1 -15 -15 -4 36 1 1 25 -57 6 2 0 6 -4 20 32 -1 -2 0 9 
17 19 -169 3 18 -16 -94 -3 4 3 -12 -8 -8 1 -11 6 9 9 8 -5 17 -17 -23 -3 -144 3 -3 2 -85 -9 -4 -5 -4 3 -2 3 22 9 -2 -2 -68 -10 -5 -14 1 -6 -3 0 -2 -4 17 -32 -32 -6 7 2 -9 7 -3 -4 -2 20 6 0 1 -1 -12 13 32 12 -1 0 2 36 -2 0 28 45 138 -1 -22 2 0 7 1 0 3 36 1 3 -2 6 -2 1 -2 7 -3 -1 1 1 72 -1 3 3 0 -1 -94 10 26 1 2 0 -11 -4 1 3 1 -82 6 0 26 1 1 30 -11 
-1 3 9 -120 29 2 3 2 18 -11 0 -6 10 -112 -5 -2 9 -2 -4 9 4 12 1 7 12 -5 -1 -17 1 12 10 0 -4 -169 -8 147 26 -38 -3 0 2 3 18 -11 -5 1 0 -7 -60 -1 3 4 8 -4 172 5 -1 -1 -1 1 -5 -17 1 -8 -103 134 83 -3 -4 -7 1 -1 0 -1 -141 -49 -21 41 -31 8 9 -12 49 -5 5 0 -1 -5 0 3 -27 -3 1 8 -5 0 2 -1 0 -3 -4 -13 -13 -1 -1 0 1 -5 -11 -1 1 7 45 -2 5 -4 -2 6 -1 3 0 -2 -2 -2 -6 
-45 -1 7 -7 -18 0 4 0 9 -4 -10 6 -152 5 -9 -1 0 5 -2 -88 -1 42 0 -3 -2 3 -9 0 0 0 -9 -20 0 0 25 -31 -19 25 6 1 -64 23 17 47 22 -2 -8 12 20 85 17 11 8 23 6 0 -5 -1 1 1 -1 1 10 -144 1 96 1 5 2 -123 137 4 3 2 1 18 19 -31 29 8 20 9 -9 12 0 0 -1 2 215 -2 -167 6 7 1 -6 3 -5 0 -2 -2 -18 7 42 1 2 33 101 -15 -22 -5 1 -1 -31 17 0 5 4 -3 -2 -1 0 0 1 11 -5 
-14 13 -4 15 8 0 -3 10 13 -13 2 -1 -4 12 -11 -3 0 -1 -61 -1 -52 -1 9 -53 8 -8 11 -102 2 -4 -9 5 2 -10 -20 -5 -21 -4 8 -7 58 -151 -13 -42 -22 2 9 5 -8 -34 -11 22 -4 -2 6 5 -1 2 60 1 3 22 -11 -1 -1 1 43 15 0 3 -83 105 1 9 11 -4 -4 -12 -15 1 -9 -1 2 2 -2 0 19 -2 -1 -1 -201 119 -3 -20 -7 1 -4 3 3 -1 -5 3 135 1 1 -7 7 6 -5 -5 -4 -4 12 4 -107 -81 32 -2 -1 -124 2 0 0 -136 0 
-7 -52 -4 -7 9 4 -75 5 2 -108 5 9 3 0 0 0 -89 -27 -2 -1 18 100 -2 7 -2 5 -8 -13 -12 -18 6 6 1 -1 -12 9 -4 -9 -24 6 -18 -8 -29 -30 -8 7 -16 -6 -5 1 7 10 28 -9 -6 -6 0 -1 1 -1 5 18 2 -6 -1 1 9 -22 -52 2 -11 0 0 33 2 2 -49 -40 19 54 44 19 101 1 0 -3 0 0 35 -14 -5 2 24 6 0 2 2 2 -4 -5 -3 26 16 1 -2 1 37 -5 10 1 1 14 6 -3 3 -11 5 -47 122 -122 -83 2 -1 -160 10 
-1 1 1 -3 -17 -2 14 9 -10 0 -6 3 1 -1 -6 -1 -1 -3 -1 -57 3 -5 -1 19 201 -13 -11 -1 5 -4 1 -3 -11 5 0 -135 -5 5 9 16 -28 45 -6 -7 -9 -4 -2 2 0 2 2 9 -4 -8 -8 5 6 -37 -77 -1 -3 -113 4 -2 0 -3 -6 -4 -5 1 4 0 1 -1 0 1 -47 -3 -3 -3 -11 -31 92 0 60 0 2 0 6 7 3 0 -91 -2 -12 -2 0 0 -1 1 -1 -10 -116 0 17 0 3 -113 95 1 0 -6 -17 3 0 0 11 0 -3 -5 4 1 2 60 -40 
11 2 0 1 13 8 -50 -159 16 -7 -3 -1 -11 -82 6 19 2 0 0 -114 -1 0 28 -4 -4 -6 -24 4 227 0 -1 3 -6 -15 8 -8 -2 26 -90 -12 -10 -4 3 -1 10 7 -7 2 1 -2 117 1 3 79 0 1 4 47 -2 -1 6 37 3 -26 0 2 3 -11 0 6 59 -1 -2 10 0 -2 -1 13 -3 190 -6 -2 -2 4 -2 2 5 0 53 4 0 3 -1 8 1 6 -96 -1 1 3 -98 8 2 -2 1 -6 -45 2 -3 90 4 2 -1 -1 5 5 7 1 1 140 1 45 3 -5 -11 
-2 10 -115 12 -11 18 22 -4 2 -4 -5 5 -1 -48 3 1 -1 -1 114 40 2 14 47 -230 -91 -1 -37 95 0 0 0 -2 -1 89 -1 12 -7 -6 -20 1 3 -4 3 -6 -1 -14 1 -1 1 9 39 9 4 1 -3 -1 -14 1 0 2 -147 4 -5 1 -1 13 5 3 1 -1 -13 0 -4 -9 0 -2 5 -16 22 20 10 -152 -7 0 -2 -3 2 -2 10 -3 -11 27 44 -1 -1 1 1 1 2 -5 -11 -3 -1 1 -5 -2 -101 7 4 -115 -1 -6 8 186 1 -2 -5 6 -1 2 0 0 147 5 3 
46 -11 6 2 -1 -2 14 -150 -10 1 7 1 46 3 -3 3 -1 -4 4 1 2 -5 14 0 0 -3 0 0 0 0 0 0 0 -232 6 -5 9 27 -2 3 2 6 -2 -3 2 -1 4 20 21 -6 164 -27 -9 9 18 -105 12 3 1 3 -5 -2 5 5 12 -9 -55 -21 39 52 0 1 3 -28 1 3 2 0 1 -13 -44 -34 13 4 0 0 5 1 -3 -63 0 -2 -2 -1 1 9 1 1 -68 1 -10 2 1 -55 55 4 2 -5 -1 0 0 7 2 5 -3 -4 2 -1 0 1 5 2 6 -101 2 
7 69 -1 53 4 -4 -2 -22 3 -21 0 5 0 -118 -1 -4 -3 -1 0 -53 9 -1 0 0 0 0 -1 0 0 0 0 0 0 0 -5 7 -2 -11 219 8 -1 -1 14 -1 -29 106 -2 -4 -10 -21 -119 -2 2 2 34 -13 -49 0 1 0 2 -5 4 0 -1 -8 -24 13 -1 -5 -2 2 6 0 -1 1 95 0 -2 0 -65 2 4 -1 -2 0 -2 -1 3 0 2 1 -2 0 -1 48 0 -5 -7 0 8 -2 -2 3 8 12 15 -2 4 0 81 -8 -11 0 1 -13 3 -1 -3 0 0 -1 0 -145 -21 
1 3 -2 -6 4 1 -33 -4 -93 1 56 4 0 1 -5 1 -8 -4 1 55 1 0 0 0 0 0 -4 0 0 0 0 0 0 0 2 4 -4 -4 -2 -47 0 -24 -4 -9 -3 1 2 1 1 3 13 3 5 -7 3 -1 -70 0 2 0 1 1 -111 -21 28 -13 2 -2 0 -1 1 1 -1 42 32 -5 18 14 2 -139 1 -1 -4 -3 -3 1 1 3 2 -2 1 -1 14 -8 -7 -4 40 3 -3 1 4 7 4 1 37 -3 61 -22 105 0 2 -2 2 -73 13 0 16 -2 -1 0 -2 -1 0 -4 8 
-1 3 -1 2 2 -2 -6 8 -4 -2 1 -107 0 -1 1 -3 2 -35 3 7 -10 0 0 0 -238 0 -89 0 0 0 0 0 154 112 -5 3 -3 7 -7 1 0 10 0 17 -3 4 -2 1 -2 -4 0 -58 7 -1 -3 -1 -86 1 66 3 -111 0 -2 0 1 2 0 30 19 9 0 2 151 -2 -6 -26 -56 -37 23 35 51 40 30 12 5 -2 0 1 19 -1 6 -21 4 1 4 -2 2 0 0 3 8 0 -2 1 4 7 -28 -3 -1 -2 6 -2 3 8 -13 -53 -16 5 3 1 -3 -1 -1 -12 -19 
3 0 -1 -1 -65 3 -6 -9 -1 -2 2 2 7 0 3 -3 -2 7 -11 3 4 0 0 0 0 247 0 0 2 9 0 0 0 162 0 -10 0 2 -2 -3 -5 -29 5 -36 27 -6 2 2 1 4 5 -3 -4 -1 2 1 -1 0 -3 106 -5 9 5 5 -3 -9 1 0 107 -66 -26 3 27 24 17 -77 2 -1 1 2 -2 -18 -32 -7 -9 8 -2 7 -123 -58 -61 -2 40 5 27 1 50 8 12 -4 15 16 -1 -134 4 0 -3 1 1 0 6 9 -157 11 9 4 24 -5 -125 -3 8 45 0 -14 58 
4 1 2 -76 2 -3 6 14 1 1 -140 -7 3 9 4 -4 1 -8 -105 -128 130 0 2 0 0 0 0 0 0 -1 0 0 0 11 4 0 0 1 4 0 1 -2 0 -16 -49 -5 39 44 23 3 0 -7 -10 0 4 1 -13 -3 -3 3 6 -6 -1 -1 -4 3 1 5 1 8 -74 5 0 3 -16 -28 -21 3 35 27 -28 -13 -4 3 -2 -5 -2 -1 -25 -40 -21 -3 0 0 2 0 -2 8 -81 6 -25 -22 -11 8 13 8 0 -1 -78 6 151 8 120 -164 138 43 -29 -2 -2 -8 -12 0 -2 0 -2 
-14 -3 1 28 0 3 3 -88 -3 -4 0 -1 1 0 1 -1 -8 -3 2 -1 6 1 -2 0 0 -141 0 0 3 -8 1 1 18 0 0 0 0 -5 235 -8 -4 -31 -5 -3 204 11 -10 -1 -18 30 -26 190 49 28 104 -2 17 29 -6 3 2 -1 52 1 5 -4 3 0 -3 -1 -100 43 5 2 0 1 -4 92 -2 -12 -4 -7 -2 100 3 -14 -23 1 -2 1 1 14 -2 67 -2 -3 1 30 1 2 -27 43 9 1 9 4 -6 -116 7 2 -6 -3 0 2 -2 -2 -107 -1 2 -2 -8 -6 0 0 -1 
1 0 6 1 7 2 119 -2 -7 -4 -1 -2 -1 0 1 -2 -1 -1 -1 6 -11 -2 24 -62 -4 0 141 105 0 0 80 1 1 73 2 2 -6 7 0 3 0 -5 -187 -4 -1 -3 -3 -3 -1 -1 6 -4 -4 -30 -18 -30 -7 48 39 12 2 0 0 2 6 -1 -36 2 -9 -4 84 1 -4 0 -13 1 -1 4 1 5 3 62 6 1 -4 3 64 1 45 -63 -3 -15 -22 52 1 1 -1 4 -65 -4 -7 -3 -2 -2 11 18 1 -2 9 -56 -17 -6 -1 5 -2 -111 -2 -1 -1 12 12 -2 -2 3 11 
-46 -1 9 35 5 105 50 1 -4 -2 0 2 0 1 -3 1 -1 -87 63 -14 9 -13 12 0 0 0 0 0 0 -1 5 2 -2 16 -1 1 0 1 1 2 2 0 0 -8 3 1 0 -3 0 -2 -6 -8 -7 0 0 0 -166 -12 6 -49 -6 -2 1 0 3 4 1 53 -191 -11 -3 2 3 0 -5 10 -6 -36 3 -23 3 0 -5 -7 5 5 -4 22 6 0 0 2 8 8 -7 -1 4 108 -2 5 2 0 3 -3 2 0 2 -9 36 4 111 -2 6 45 2 83 2 2 -1 -3 4 6 54 -6 5 
12 0 25 5 0 1 0 0 1 0 -3 0 2 1 -95 -18 -5 -1 -7 0 3 0 -8 -3 0 0 0 1 0 -3 -37 1 2 4 2 0 0 1 2 -2 0 -1 0 -4 0 5 1 9 122 2 -1 0 0 129 0 73 0 5 164 3 -1 1 0 3 0 0 -110 -2 1 -3 73 -1 -1 -1 1 17 1 -1 0 -4 -21 -6 3 5 -16 -4 0 -1 -4 2 102 3 74 2 1 2 2 -4 -38 -40 -1 6 0 0 3 -7 5 -5 -4 1 -39 -2 -1 170 1 -8 27 -1 20 199 -26 80 3 8 8 
-3 -11 -10 -8 -3 -1 4 36 0 -1 2 -2 4 -9 121 -15 2 4 2 7 2 1 0 200 0 0 0 0 0 -93 2 2 1 -168 4 -1 1 9 0 98 -3 0 0 35 1 0 0 0 0 99 0 0 0 0 0 0 0 -2 -6 6 9 5 0 -2 0 5 1 -1 0 1 0 -2 4 3 1 -15 0 -1 5 0 21 -3 3 -6 -19 -5 1 -2 62 -5 -2 7 -4 -2 -10 71 0 -7 0 3 -66 53 -2 2 6 32 27 24 -3 1 0 1 1 160 -2 12 -3 1 14 1 0 -116 9 5 44 
-10 -37 -20 -2 1 -2 -19 4 8 6 -4 98 -105 4 -3 2 0 -1 2 2 -18 113 5 2 0 0 0 0 0 0 1 1 6 -11 -7 2 -1 46 -4 1 5 -205 0 6 4 1 8 184 5 0 0 0 -26 0 0 0 0 7 -178 -2 33 -48 9 -3 3 2 -3 -1 -3 0 1 2 3 0 0 66 2 8 -4 6 3 4 1 -2 -72 0 1 2 -2 99 -1 -5 -5 -5 1 0 2 5 4 1 -1 0 6 0 -79 2 -1 3 2 2 4 -3 -4 -1 55 -3 -5 10 -21 6 -1 3 1 -7 -34 
-9 114 -1 -1 -1 1 1 -13 19 9 2 7 3 0 -7 2 -1 -2 -72 1 1 0 1 18 7 0 0 0 -214 0 1 -1 -12 3 2 1 -4 1 -1 1 -58 0 0 -4 2 4 0 19 42 -3 0 241 0 0 0 0 0 -1 5 24 7 22 22 -3 -4 -4 -3 4 -3 2 1 -8 9 -70 -3 -1 -77 -8 1 2 -1 -3 4 0 4 1 10 0 1 0 2 1 -74 -9 0 6 0 -8 0 0 -2 6 4 1 2 3 -91 8 -1 -1 4 -1 166 0 2 4 1 173 -1 4 0 2 -1 -8 -46 
-3 1 -1 -1 -2 -2 1 41 -12 2 -21 6 4 -8 1 -121 -2 -2 -2 -70 2 2 -4 122 -1 0 0 0 0 0 -1 -17 -202 2 -217 -2 40 -1 0 3 0 4 5 -46 -14 -8 -17 -17 22 -2 -2 0 0 64 1 6 8 -3 6 -19 -45 -46 -9 44 -24 12 28 48 23 52 1 12 39 -4 7 5 -1 -8 57 36 -2 -94 3 0 -1 3 1 3 -2 3 0 34 -29 -1 -8 2 -2 -1 3 -4 3 2 0 -3 -11 1 30 2 41 -1 -4 -2 -6 2 -2 18 0 -2 1 0 6 38 -21 -2 -16 
116 -4 1 1 1 1 52 36 140 -35 30 -5 -1 0 3 -1 2 1 -1 3 3 6 -5 6 -7 7 6 105 0 0 0 3 0 -1 -22 4 0 0 54 -6 -4 156 0 0 4 0 144 1 -2 3 242 252 0 73 1 145 5 3 1 2 -212 -2 -8 -2 -9 -13 -52 -54 -12 37 27 -12 17 22 9 4 0 11 -4 -103 -3 2 -5 2 5 1 -3 3 -2 2 -1 5 5 0 -30 1 -5 1 2 -2 0 5 -1 -4 6 1 2 12 1 3 1 1 -24 -1 15 167 2 -4 -1 1 12 0 2 6 1 
4 3 3 -1 9 93 40 38 -5 6 20 26 -8 2 0 -2 -1 -24 7 43 -3 -3 2 0 -7 -3 24 0 0 0 0 0 -89 137 -2 -4 0 0 0 -4 0 -2 -1 1 0 2 0 -139 -2 3 3 -10 -7 -118 -174 6 -3 -97 1 1 -20 2 -3 90 0 -5 -11 -187 -1 132 -3 -33 -144 -51 38 37 17 -29 5 12 10 6 -6 0 19 1 -3 -1 3 2 -57 1 0 -1 -141 0 -2 1 1 -2 -92 2 1 0 -30 -27 -8 -18 1 10 19 16 -25 10 -3 14 1 3 -6 -27 0 -1 4 3 1 
-6 -46 -3 74 48 0 140 48 0 73 189 -8 2 -128 -2 4 -2 55 0 1 58 3 -5 1 -3 6 -82 3 -118 2 0 0 -196 -11 -3 111 0 0 0 0 0 -2 2 0 3 -3 -2 -3 -1 2 6 -1 -3 -4 1 3 -4 2 65 -1 -3 1 -1 -3 -1 85 -19 229 -66 6 4 1 -1 1 6 -2 -13 -25 -62 -61 11 11 -51 12 -20 -22 -3 30 21 -8 -10 29 -14 1 -22 2 -1 -1 2 5 5 4 -1 1 -10 3 -5 2 -1 55 -15 -84 -9 -21 3 16 13 -14 -20 -3 2 13 11 -2 -4 
0 -2 3 -24 -12 0 -21 2 73 0 0 0 -40 1 -6 -3 1 2 -3 8 2 -3 3 -3 -1 4 16 -2 11 137 -2 0 0 12 0 -5 -5 -3 1 9 4 0 -1 104 -4 -6 0 4 3 -1 82 1 -5 -2 39 5 -1 146 -2 -103 1 0 1 4 -229 0 0 -115 2 2 14 -12 0 0 57 0 -2 0 0 2 -179 4 -49 55 12 16 8 -13 -103 -2 9 29 18 -10 -17 6 -2 1 13 1 1 -1 3 1 -1 -2 -1 0 2 -13 9 58 4 -31 6 2 4 1 -13 -15 1 6 11 -4 8 
-1 -1 -4 -79 1 31 0 50 0 0 94 0 -28 -197 33 -5 2 1 118 -3 0 6 2 -1 -1 1 -3 -30 -5 3 -1 0 112 206 -87 0 1 -1 3 -2 -88 6 -6 1 0 0 1 1 126 -2 -1 -2 -2 1 -5 -6 -1 0 4 4 -2 4 178 2 1 -5 4 0 -2 -2 -48 -60 -99 31 -1 0 45 0 -6 109 0 -6 8 -8 -36 -18 13 17 7 0 -2 25 18 6 -14 -6 6 -2 12 7 -144 -4 -6 2 -20 6 1 1 -7 -24 1 5 1 54 23 -4 0 2 -9 -1 3 0 -115 159 -11 
-1 -55 8 -24 40 9 -6 41 -14 0 0 0 -228 -20 -3 28 24 0 95 -33 -14 -5 -3 -2 1 -2 0 3 9 -8 1 4 -3 6 8 1 7 1 0 3 -137 -1 5 -1 10 -1 0 -2 4 -2 -2 -4 1 -1 0 -4 0 -3 0 0 0 1 6 -127 0 3 -4 2 -3 -37 -3 -2 1 0 3 1 74 0 0 0 -173 -3 1 -2 -2 -29 -6 26 1 -8 -6 -15 8 -2 -10 28 -3 -2 -1 2 -14 -19 -24 -7 -9 -19 -1 5 -3 0 -11 -8 0 0 -101 -1 -1 -1 -2 -2 1 -63 6 6 1 
-8 16 0 33 18 -5 5 24 0 -143 77 12 -8 17 53 -32 -2 -23 64 0 1 3 -2 -1 112 1 0 2 4 0 91 1 5 -6 2 -1 -9 -1 -4 -3 21 1 3 0 -182 -15 -2 0 1 7 1 -4 -45 184 -1 2 -2 0 0 0 -2 3 1 173 -3 -3 0 0 84 -85 -1 1 2 3 2 2 -2 -3 213 0 0 2 -3 -3 -105 0 -21 7 63 7 26 8 6 -9 10 6 2 -20 -102 9 2 23 11 -1 -35 -1 -1 102 27 -9 -7 -2 0 4 7 -3 1 0 -2 1 -5 -1 3 -3 145 
7 125 37 -23 1 15 9 2 33 0 10 -5 2 0 0 0 19 7 10 0 33 -2 0 -3 98 -6 -1 4 1 0 2 2 -203 15 11 -2 1 -3 0 -2 -7 3 6 0 -1 -1 222 15 0 -3 7 -1 2 2 -10 132 0 -3 3 3 -1 0 -2 -1 -1 0 3 -3 -4 -1 0 2 -6 2 0 -2 7 -3 0 6 2 -1 7 -3 -1 -1 33 22 -10 -15 17 16 5 -19 8 9 0 -4 5 2 -1 -18 -37 -16 34 17 25 8 -8 -1 1 0 5 -4 -2 1 -5 56 -3 99 1 4 -2 184 3 
-26 158 -25 1 -8 -135 -2 -62 -1 50 8 24 -46 -8 0 0 134 63 -12 113 9 -3 -1 -4 3 1 -3 4 -4 2 -1 3 -2 125 -3 -24 -2 8 1 3 -3 -6 -82 6 2 198 -106 -34 -162 1 -2 1 0 2 -4 -2 0 -175 1 -3 2 2 3 2 0 0 -1 2 -1 -1 -60 -3 0 -1 -2 0 3 1 5 1 1 1 197 -2 -94 -1 10 -17 26 -31 -3 -95 6 -20 -6 -4 130 2 8 11 -5 3 9 15 2 3 7 8 4 -39 2 5 5 4 1 -1 2 -2 -120 -73 -3 0 -8 0 5 
-4 -46 -3 11 4 0 4 -16 -59 -26 -8 -50 0 0 -2 0 -88 50 6 -25 0 3 -1 -2 -1 2 -2 1 0 -3 1 -4 6 -146 4 -2 26 2 -5 -12 -10 -7 -153 40 19 5 -4 -226 68 8 -8 1 -3 5 3 -1 2 87 -2 -16 5 -4 -1 0 0 1 2 0 -133 3 1 2 -9 0 -3 -5 -3 0 0 -5 -7 0 -5 -2 2 221 -3 224 -4 23 11 14 -21 -24 4 -3 -6 -5 13 4 1 5 -10 -11 -26 31 32 2 3 -6 -4 2 3 154 3 4 0 -2 6 -3 2 -62 27 2 6 
0 4 -1 2 2 -1 0 -3 -20 -54 -64 -3 6 0 0 -16 -19 -2 23 41 -9 2 -3 2 2 -16 1 -1 -57 -31 0 -1 -53 5 -24 -8 5 -22 -1 15 14 2 -5 -2 -7 -25 -110 -1 25 17 85 5 5 2 -1 -7 -6 -2 2 0 0 0 3 217 -1 -5 -3 -1 -1 -4 -2 3 3 3 0 -5 0 0 2 -5 -1 -3 -2 -1 1 -6 0 0 -8 -13 148 19 -15 12 5 14 6 -4 3 -8 10 7 1 16 -1 3 9 4 3 2 0 1 5 1 3 -9 2 -2 56 -1 1 13 1 -4 15 
2 -1 -2 0 1 1 0 2 2 -10 -53 -8 -7 0 0 -15 6 24 -17 -37 17 0 -1 0 -1 2 2 3 1 1 -1 -2 15 3 12 -2 8 -2 -3 -14 -10 -135 1 -2 -4 -1 -2 6 2 -3 -13 -9 -15 -2 5 10 4 10 -48 -37 0 2 0 227 162 0 2 169 -3 0 -2 -8 2 1 191 141 2 -1 0 -5 0 -7 -6 198 -73 9 0 3 4 2 -4 -27 -69 -24 61 73 64 1 -12 -39 0 20 12 -23 14 15 -7 12 82 -21 -12 18 6 20 -6 10 11 -82 10 -21 -18 107 0 1 31 
66 1 0 1 0 1 3 -3 -59 2 -9 4 -4 -7 -25 -2 30 -4 5 196 -57 0 11 1 -4 -3 -2 -2 22 -4 2 1 0 2 42 -14 -5 16 9 -4 -2 7 20 91 22 11 -99 -13 0 35 2 -1 1 -8 -13 0 1 -8 -32 0 -2 11 8 4 -2 2 0 -1 -2 -102 1 0 -77 4 -1 -2 6 2 1 -1 0 -3 -1 -1 -75 -107 1 1 1 -1 9 0 0 0 0 -24 -31 -56 -35 12 7 65 25 -8 0 -32 12 42 2 19 -57 -13 -15 3 -11 -18 -41 -12 3 12 2 11 2 -1 1 
58 -1 -2 0 -1 -1 -47 -132 -2 -5 2 -7 -6 -17 11 60 -6 0 -6 6 10 -24 -75 7 -1 -1 -2 -2 15 -4 3 1 2 -1 -1 -4 -6 -12 8 -6 7 2 -7 10 4 -24 -53 -43 -11 50 39 4 -11 2 2 1 171 -1 0 2 5 -4 3 0 -7 1 8 -4 -3 0 -1 1 -2 -2 7 -2 7 9 46 2 1 -1 -1 -2 -2 0 2 0 -6 0 -1 1 0 -140 -191 0 0 0 0 -10 -10 -12 -27 -51 -48 -15 47 -14 19 -24 -60 10 39 6 -22 -9 72 2 -7 -11 -10 -15 -14 -22 5 
-2 1 -2 -3 -1 2 0 30 3 -2 0 -3 4 0 68 3 -30 4 -7 135 10 51 56 -1 13 2 -40 -2 -5 3 0 1 1 83 0 0 21 2 -1 14 4 0 22 -28 -65 -69 2 71 40 40 -12 0 -16 -87 0 0 1 -1 -5 2 104 0 0 -5 -12 10 -4 0 0 0 -3 -2 7 4 21 20 5 -116 9 6 0 137 49 -1 -2 -187 55 -1 -2 4 0 -96 0 -9 -8 0 0 -72 0 28 0 7 20 12 1 144 -14 -7 -31 -7 0 0 0 -4 -25 7 -91 -4 -3 0 2 1 6 2 -5 
1 1 -4 -2 -1 -2 -65 0 -1 -4 -3 -1 -1 -72 78 -12 -62 0 -5 49 2 38 -22 35 -10 7 0 -4 -65 -4 -2 1 1 0 -2 6 -1 8 -2 2 0 -9 6 -9 -17 -24 -28 -16 -3 -1 -25 126 11 4 4 -2 -1 -2 -190 -7 169 0 12 22 -30 -1 -12 -24 0 0 0 -23 -27 -101 -4 -1 -13 20 13 11 13 -3 5 1 1 -6 73 0 2 -200 0 0 -136 0 0 0 0 20 0 4 -5 -4 -15 4 27 -1 7 -11 -4 -3 -226 -127 0 0 0 -1 -3 6 -37 -2 -3 16 -17 7 -3 
-1 3 -2 2 5 0 0 -24 -20 1 3 -4 124 0 -4 71 16 24 35 -21 29 -7 0 -20 -1 -12 -3 -4 0 -1 7 3 0 2 2 -1 3 1 0 -6 6 -10 -17 2 6 1 -59 -6 -14 2 3 -7 -11 138 -59 -3 -5 4 -124 225 0 0 -9 -7 -13 -16 8 0 0 37 0 -30 -10 2 -2 2 -3 2 -7 -8 -6 -12 2 -213 6 6 3 -2 2 0 0 0 -120 242 0 0 0 0 0 -48 29 13 -3 8 12 -8 -29 7 -4 3 0 0 0 0 -87 4 -1 7 -4 10 9 -16 -3 -7 1 
1 4 2 4 -2 -43 0 2 -1 -1 -4 56 103 -1 -1 -6 51 9 9 -11 34 3 -52 108 -17 8 -9 -2 0 3 -7 -2 -1 0 0 -3 1 4 -94 1 4 59 -6 61 2 -3 90 -23 16 -8 -9 -14 24 33 56 14 -1 4 6 182 13 0 -170 -7 9 6 -131 0 0 0 0 0 0 -2 -4 -3 2 3 6 1 0 2 -3 -1 121 1 -3 -8 -5 0 7 0 0 102 0 0 149 198 0 0 0 42 15 -4 1 -6 39 126 -7 -4 -66 0 0 0 -1 -1 -4 -2 1 11 -24 -1 -8 58 4 
0 4 3 2 1 126 1 2 2 2 -55 0 -1 -2 -28 4 -5 4 -3 0 9 4 -2 13 7 0 -11 2 -2 0 4 0 1 1 -83 55 -4 -3 2 -1 -1 2 7 -10 20 2 -19 -20 14 9 104 -7 22 30 96 42 14 -4 2 -12 0 51 4 -4 -2 4 11 8 13 10 15 12 -4 1 -2 -6 -6 -12 11 1 1 -4 25 -122 -2 9 13 -9 9 2 16 2 -11 -61 7 27 44 21 172 3 0 -54 -37 -8 -179 1 27 -9 1 -1 3 0 0 0 0 3 2 1 -50 0 -23 2 54 -3 -25 
-2 0 0 -3 2 -2 -1 19 0 -2 61 1 -2 0 -3 4 1 -128 -2 156 -5 45 77 -10 0 -2 5 -1 1 0 2 0 9 -1 5 -115 0 -1 -1 -4 6 12 14 2 -14 11 -6 -9 -4 -4 -16 -8 -7 3 -55 -3 1 -82 6 9 -14 -1 10 14 15 -2 -3 -5 12 0 -1 1 6 2 1 5 5 1 3 2 1 -5 -1 12 -15 -5 -1 6 -5 -2 0 18 6 -5 23 1 17 -40 -18 40 -35 5 37 5 3 -9 8 12 21 -4 4 168 0 0 0 2 53 16 -1 2 0 29 -23 -23 1 
4 1 2 -1 3 0 -1 -2 1 3 -2 -3 1 -2 -1 -85 1 2 11 -3 -107 -1 -4 -3 0 -9 -61 38 -5 -1 0 -4 4 8 -3 2 0 4 1 -6 -47 20 -1 3 -5 3 -10 -1 -3 3 6 -2 8 -61 0 6 -3 107 -14 10 -3 -1 1 14 7 -10 -16 3 18 -9 -19 21 21 21 2 -3 -3 -5 5 -2 -1 1 -1 -10 18 -2 2 -94 16 8 -15 -8 2 1 0 0 11 -2 -6 -3 36 -2 2 -18 13 -90 -16 -21 27 -4 6 0 0 36 6 6 -9 -29 -23 99 2 -21 -9 -1 124 
129 7 1 0 -2 0 2 1 4 0 -5 2 0 2 -4 -3 3 -36 1 -5 -110 -2 0 -3 -113 -9 -2 -5 -1 7 -1 -2 -103 -18 -89 -4 -2 0 0 76 -10 -6 18 4 -62 5 65 -9 40 8 -1 -1 2 0 0 -71 1 3 -1 19 2 -117 -5 -10 -4 -6 -27 -1 65 1 -8 15 8 4 -15 -23 -11 11 20 18 7 3 86 -4 -5 -20 16 -12 1 -8 -3 -15 0 4 4 7 -11 0 -2 -1 -6 -12 8 -1 -1 -3 24 7 13 -18 14 130 0 -5 -30 -10 -6 -10 58 9 -3 3 10 -43 -18 
0 0 55 1 1 0 -54 3 0 0 4 0 1 -1 2 2 -4 -4 -4 1 -8 -1 92 2 -8 -3 -4 -9 -38 1 0 4 -87 80 4 -4 6 -1 -24 -10 -9 -28 -2 -3 5 3 -98 -13 -4 27 -58 4 7 69 3 1 5 9 -2 3 -4 -4 5 -1 0 3 7 5 12 7 -5 9 -3 -10 -9 -8 125 8 5 10 10 -56 2 -52 -5 5 9 1 164 -14 2 1 -5 -2 -9 -1 -45 -3 2 2 -1 1 -17 -4 -2 90 5 13 0 -1 0 149 3 0 4 -3 -1 -1 9 5 -23 5 -61 -2 1 
-1 -4 -1 1 3 1 1 -2 -3 0 -1 0 -1 2 0 2 -1 -4 73 1 -1 -4 17 2 -131 75 161 -2 4 1 37 6 0 0 41 5 4 -1 2 1 100 -11 -3 2 -3 8 -13 5 -11 52 -24 11 -72 -30 -9 18 -6 0 -2 -1 -136 -5 1 1 0 -3 -6 159 -102 -1 -69 -50 0 0 5 2 -162 80 -16 -13 -6 37 18 21 -17 7 17 7 9 13 142 9 2 14 4 16 57 7 -8 0 85 -4 13 14 15 -18 -3 -13 0 174 0 0 38 1 -78 -11 30 12 -10 -193 -4 -16 7 -7 -10 
9 -48 0 0 -9 50 -1 3 1 2 3 -153 -3 -3 -2 -3 82 -2 0 1 4 1 -115 1 -45 8 10 -10 1 0 -5 -11 -1 86 29 0 2 37 24 -2 -9 2 6 -6 -18 -2 -8 -3 8 -1 -28 -9 -32 -36 -1 0 -99 2 4 -2 0 -7 -1 2 0 -121 7 -2 -3 4 100 -63 -1 6 -10 -1 3 1 0 -4 14 5 -17 -12 2 83 126 0 -15 -27 -13 -3 18 3 10 -8 -20 -10 -3 -1 2 -4 -6 -1 0 -114 3 114 6 0 0 0 5 5 0 1 -31 -5 9 9 18 -8 124 -1 -12 
3 -1 1 3 0 25 0 3 -2 92 1 73 2 -4 5 -1 4 0 0 -1 3 1 21 -1 -1 -7 -57 64 -2 117 -4 -10 -7 6 1 87 2 -73 -1 -10 -3 -4 1 -123 2 9 15 4 8 3 4 -2 1 -2 -11 1 4 -1 1 -1 -1 -5 -4 -2 -1 -2 1 -4 4 4 3 3 -4 4 -101 3 -111 -1 2 -20 -9 -4 133 8 14 32 -24 1 -4 -6 -19 0 -22 -12 6 -11 -15 27 4 14 17 15 7 -4 -4 0 -1 2 0 2 -1 1 -3 -10 2 5 -12 -7 6 67 5 -9 -14 -32 -8 
-2 1 2 -2 -3 -106 -39 0 0 123 0 2 -1 -3 -13 -1 3 -2 -3 -2 -1 -4 0 2 1 3 -22 21 10 -103 -18 2 38 0 3 24 90 -7 7 -1 -7 -1 8 11 3 119 12 12 -11 -2 -2 1 1 -2 -1 -3 0 -3 -4 -6 3 3 -11 -1 0 1 1 12 0 1 16 4 -1 0 2 -5 5 104 -2 -3 -105 -1 14 -59 3 167 -6 -3 -12 -7 -25 5 -188 -1 5 3 -7 -13 -2 -9 -82 -1 7 0 2 4 90 0 5 0 -8 0 3 1 -3 5 3 -17 0 -49 79 -4 2 -1 0 
4 -67 0 9 23 7 -2 2 -1 2 -4 -124 -2 0 -3 -46 -2 0 1 1 0 -4 -20 -3 -5 68 35 23 -8 3 1 -2 19 -105 10 -2 -1 4 6 -84 -9 -52 5 -7 2 1 -111 -83 -21 -1 -74 75 4 -70 -3 -4 -18 68 -1 -8 4 66 -4 -3 7 8 -1 10 6 -3 3 5 -2 2 -2 2 2 2 -4 0 -6 4 -1 5 10 17 -17 -1 -38 0 -5 -4 -5 -5 -22 9 -3 16 10 1 8 3 -2 -3 8 3 -3 2 0 0 0 0 -5 1 3 18 33 -3 -2 -15 60 3 2 -3 0 
0 -1 0 -106 -3 -11 -17 -11 0 2 24 0 -3 -65 -3 3 -2 1 1 -3 0 3 1 2 14 1 1 -29 50 -9 -8 28 2 -96 17 2 2 -2 -1 4 -9 -9 -19 34 6 -2 -4 3 -1 2 -1 5 0 -7 -61 42 1 0 -3 10 4 0 5 4 2 -6 -1 0 -3 7 8 -142 0 1 3 1 1 -2 2 1 -2 -1 -2 -1 4 -15 2 -13 -6 16 20 2 -3 -1 -186 4 5 -2 -10 -4 1 5 5 -49 1 11 0 0 0 39 -162 -1 -94 -4 2 -6 -9 1 18 -11 69 -2 1 2 0 
39 0 0 -2 -13 -1 0 -2 2 -10 3 6 3 -1 1 0 2 2 -1 -86 2 -3 -103 96 4 26 92 6 2 -5 0 -7 2 45 6 0 -1 -6 -2 -4 12 -20 0 19 -1 -8 2 -3 -1 -3 2 -1 -1 7 -5 0 2 -128 -59 0 0 -8 -1 -2 -2 5 -13 13 10 10 -2 2 84 -2 3 -1 1 3 140 -1 -144 171 1 0 -2 -4 2 -1 -3 -2 14 10 10 3 -17 -6 -5 5 -5 -4 -4 4 -43 18 -2 -2 4 1 0 0 -1 0 -3 -2 -1 2 3 0 1 -1 0 0 2 -15 4 
-3 92 -9 -1 -21 1 7 4 25 -4 0 6 -2 23 -2 2 1 0 -21 3 -1 -1 3 1 2 0 -60 15 -4 4 3 53 -2 -99 0 -1 0 -3 3 3 -19 -6 13 -5 -2 -2 1 3 -48 1 3 -2 3 0 -3 0 2 0 -1 34 -2 5 4 -6 15 -11 1 -2 3 -8 4 1 -3 4 -1 -1 2 -2 -4 114 1 3 1 4 15 8 -24 146 -77 3 -7 8 10 -4 1 -1 -13 -15 6 -5 -1 3 -3 3 7 9 -186 0 -2 0 0 2 -2 -3 1 -4 65 0 -1 3 65 -2 -1 3 -1 
0 -2 -3 3 -19 2 35 21 3 2 -6 -1 2 2 0 55 1 -3 1 1 -51 -1 1 -4 -42 44 4 -13 -5 1 -131 1 -4 128 2 0 -3 -4 1 -5 -6 1 122 4 0 -3 4 3 0 4 -98 125 4 11 -1 69 4 -5 -1 1 -3 0 -45 -1 1 -4 2 2 3 4 1 8 1 2 93 -1 1 5 2 3 -3 -57 6 4 -2 4 3 -8 0 2 -1 -6 -2 -2 51 -1 -1 -2 -1 4 3 1 -6 5 4 -6 0 0 0 2 0 -1 -4 -4 1 0 2 4 6 14 0 2 0 0 1 
-5 -3 29 3 0 -1 2 4 -4 -3 9 0 0 5 -1 2 0 3 -1 2 -3 1 -1 0 0 23 19 -2 -2 -1 -2 -3 -24 0 -5 -1 -1 -3 1 -1 3 1 3 0 -1 -3 -5 1 -2 -3 0 1 -3 -86 -2 0 -26 0 1 -1 -6 137 1 -4 5 1 -4 6 0 4 -15 83 0 4 1 -3 -2 8 -1 2 2 3 11 -154 7 1 -6 -2 -5 2 2 4 -1 -5 -1 0 18 -11 -1 5 9 6 0 -4 1 6 1 0 -184 0 0 0 0 1 3 14 2 15 -23 -21 -4 -22 1 3 -2 
-3 -3 -12 -30 24 1 0 -2 4 -5 -4 -2 3 15 -2 1 -146 -2 0 -2 -4 1 1 95 -1 1 2 -2 -4 0 1 0 -45 -37 37 1 1 -1 95 3 -2 2 18 -1 -11 1 -21 -1 2 3 0 -4 -1 4 1 0 -8 6 11 -4 -3 3 1 2 -1 1 5 7 1 1 -2 -51 -5 17 10 -1 0 3 -2 23 5 137 -18 27 1 31 8 16 1 1 4 55 0 1 1 1 8 -2 -3 5 -2 0 -18 18 9 190 8 3 1 -230 0 -4 -43 0 0 -55 2 -4 5 -15 -187 -19 -20 10 -14 
0 0 17 32 46 27 5 50 -58 -2 -6 -17 -5 2 -1 -1 -96 -1 -5 0 1 -1 -2 0 -4 0 2 4 -2 2 0 0 2 8 5 -2 1 2 6 1 -2 -3 -4 4 1 3 2 2 1 7 -1 -2 -4 -1 -1 -1 -4 7 -2 2 3 4 1 8 0 0 9 28 -7 -1 1 17 -26 -1 -1 -24 36 20 -5 -10 -28 -11 -10 -1 15 35 8 7 -39 -9 -31 -17 23 6 7 -131 -117 3 20 -8 4 -1 3 -3 -1 -1 14 1 184 0 0 -5 -2 -5 0 -1 -2 27 1 0 4 5 5 -12 7 
1 3 -3 -17 -5 -2 -13 -5 -3 -3 11 20 9 -70 7 0 0 4 2 -1 1 3 -2 -1 -1 -1 4 2 -2 -17 -26 -1 0 22 -3 123 0 0 -9 -2 2 1 -10 4 130 -152 -2 -83 0 2 0 2 1 -4 -1 -7 -2 -1 -1 1 6 51 -102 6 -7 -3 1 -2 -1 7 -205 -2 -3 2 109 27 -16 3 6 -1 3 3 -10 -1 -2 -1 -7 -2 -7 -9 -10 9 12 70 0 -77 1 194 -10 133 12 -3 -2 -48 4 -78 31 32 20 28 16 136 1 -3 2 -2 10 -9 162 -16 -37 -36 -103 17 -8 
100 2 -3 2 -1 1 -1 1 -16 -27 -5 15 3 0 -5 -5 -1 2 16 8 1 1 75 0 -2 -4 2 -3 -2 2 -3 2 1 0 4 -15 -1 1 1 3 1 -5 -2 2 -3 2 1 0 -1 3 -1 3 -1 -4 -1 -5 -1 -1 -4 0 0 7 3 -11 -6 1 -5 -1 -6 -12 1 5 1 -15 2 -2 -9 -2 -2 -2 -13 -1 -6 31 10 12 1 -4 -2 0 4 -14 3 1 -4 5 -23 -8 -8 7 10 13 -4 -5 59 -3 1 -3 -56 -21 -38 -29 2 6 122 38 -10 -146 -89 -4 1 12 7 -8 3 
4 146 -2 5 -9 -27 9 7 16 -2 -4 4 -1 8 10 48 5 -1 -1 3 -6 -1 0 1 0 -4 -1 -1 68 -1 -3 -1 -2 0 -1 -1 1 2 2 1 1 -129 -4 -5 -3 0 -132 0 -2 15 49 1 -2 1 1 1 -1 -2 0 -2 100 -3 -1 5 -10 0 -1 1 0 -7 -7 -19 -5 -3 -1 17 16 1 -4 0 1 4 -1 0 -1 -115 1 1 -20 -14 -15 -5 -14 0 2 27 5 -8 108 164 4 76 81 7 -5 -1 61 5 4 4 -4 64 3 -40 8 -2 -14 -5 -132 9 -18 1 4 2 -1 
3 0 -1 -8 66 -47 -44 -6 35 -2 -3 -136 19 37 10 -8 -2 16 -7 10 -53 0 6 5 1 -1 0 5 -1 -2 1 1 2 -3 -9 2 0 1 1 2 -1 0 -1 0 3 0 0 -4 -3 -1 0 -3 -2 -1 -1 0 1 3 0 0 -2 -3 -4 2 -4 -2 2 1 3 0 3 25 0 2 61 0 -5 -31 2 -4 -2 13 -7 0 -2 5 2 -4 0 4 -7 6 2 7 -13 -24 -14 -8 -3 1 14 25 25 -8 -3 3 3 2 1 23 4 -16 24 3 1 12 -4 -6 -10 4 -5 -1 107 9 4 
-2 -3 1 -76 0 1 -3 5 -3 -5 0 -7 1 7 -15 -37 -26 0 12 12 -3 -110 -16 -54 24 7 9 -2 -1 -23 -2 4 4 8 -5 2 1 -100 -1 -3 -67 -3 61 1 1 -2 1 3 1 -3 -2 1 -1 3 -1 -4 -3 2 -2 0 66 -5 3 -27 -1 4 2 0 -3 0 -2 -2 4 33 2 25 7 -4 -1 -114 5 -6 0 0 0 -19 2 2 1 -8 1 1 4 -6 -2 -2 129 -2 0 11 -16 -9 -1 -5 4 4 -2 -34 9 -1 -5 0 -5 -8 -8 -3 -4 13 9 7 2 -23 -12 -5 -2 
0 0 -2 0 1 2 4 1 -2 -7 -4 -3 3 7 -3 -9 -1 -8 -58 -16 7 -7 5 14 34 6 0 3 -9 -4 9 93 14 -4 -2 -6 1 -3 -60 23 5 -2 -3 -38 2 -46 0 -1 -1 -1 2 -3 1 -1 2 7 52 1 -1 60 -1 112 75 -43 -1 -4 0 -1 2 -1 2 1 -14 6 14 -27 -9 -91 1 -1 -20 5 1 -47 -3 6 -131 -1 -3 2 -1 -7 -6 140 4 -6 7 -5 -33 -11 1 12 -20 -4 0 0 5 9 -12 -2 -1 2 -3 2 2 -12 -14 -11 -3 -2 3 12 -17 3 -3 
0 1 0 -2 2 0 0 -11 0 -3 -1 0 -49 -2 0 -1 2 1 5 -1 2 9 -1 -7 -11 -15 10 9 2 10 -7 -7 -3 -11 8 0 -1 0 -1 62 -88 -4 87 0 -3 -1 28 -2 2 1 2 0 3 137 2 0 0 151 -152 -11 0 137 -3 -2 -3 -5 30 -5 -4 -1 -1 2 -2 -1 -4 6 9 -70 -3 1 25 2 0 0 5 -2 -2 2 -4 4 77 1 -2 1 -4 2 -15 3 -13 -40 -18 1 1 -5 -1 0 160 -10 -3 4 5 0 -4 -3 -2 19 -3 -12 -12 -33 -2 -6 -7 -31 -42 
1 1 -1 -2 0 3 3 -1 -1 -31 0 58 -1 -1 -48 -1 -2 0 -1 -73 -2 0 -1 -54 -3 0 -3 -12 13 8 -15 -3 11 -40 12 2 33 -3 4 -5 5 15 -4 1 31 5 1 -1 -1 0 -78 0 1 0 0 1 5 -5 4 2 30 -1 2 1 -4 31 1 9 -8 1 1 -2 15 -85 31 16 -5 -12 4 9 3 -62 0 -3 2 -131 104 3 -75 -163 2 -7 -4 76 -1 -65 -2 -1 1 48 12 -2 -1 3 83 0 0 -1 1 2 -2 1 2 30 -25 0 -9 -16 -40 178 -2 -12 -67 -32 -45 
1 0 -1 -4 6 1 0 -1 1 29 -2 0 -1 6 0 -44 -9 8 6 120 4 -8 11 15 10 6 -10 -2 2 3 -4 -5 65 38 -1 78 -10 -3 -4 -32 1 -3 6 2 5 -2 3 4 -1 -1 3 0 1 1 -2 1 3 3 -6 3 0 2 0 -2 -1 0 0 -1 2 1 185 -13 3 -5 -54 -7 -8 -22 17 19 -18 8 21 10 10 19 -5 -3 5 1 1 -4 0 6 -1 -1 14 -130 7 -97 1 -13 3 -1 -3 -62 -1 1 0 34 -4 3 -3 0 0 2 -66 1 0 1 16 17 21 20 7 
1 4 -1 -1 3 1 0 3 70 13 0 1 -2 0 2 -2 -3 61 3 3 -5 -10 -14 -20 -17 4 0 10 128 2 11 4 0 -120 4 8 1 8 -12 -4 0 -2 2 -58 -6 -10 -1 1 -2 -1 6 1 2 -10 2 -2 67 -1 -120 0 -2 -3 -4 10 -3 0 3 -1 -8 136 0 18 10 -14 0 -11 -3 6 6 0 8 24 2 -28 -27 166 11 -5 13 -10 14 -3 -4 -3 -2 3 -3 -1 -2 0 8 16 3 -5 -2 -1 2 2 1 4 -1 -3 -3 16 -2 -3 0 1 1 2 -7 9 8 15 5 
2 0 2 -1 0 0 0 2 -1 4 -2 0 -1 6 -1 1 -4 -2 0 3 0 0 -4 -3 -6 -3 4 4 64 -13 -15 -13 2 5 8 3 -89 -9 -9 0 -101 -1 -2 1 -3 0 -1 -1 1 1 0 0 -4 5 14 -3 -2 0 1 3 0 -10 5 -1 -82 99 -1 2 2 0 0 -5 16 -3 -2 2 -8 -5 -8 -22 1 12 -11 24 3 6 -1 3 1 -21 6 15 -9 -15 29 17 16 6 11 0 22 9 -127 3 -2 5 -137 -3 -1 0 1 -2 -2 21 0 2 0 4 0 -1 1 2 -4 1 3 
12 2 -1 -4 0 -1 2 -3 1 77 -1 1 94 1 -3 -4 -1 0 8 115 2 0 55 5 0 2 1 -2 7 -69 -1 -1 -7 1 -4 2 1 -6 2 -30 -2 -1 -116 2 -3 3 3 9 1 1 0 0 2 1 1 0 -2 -5 2 0 120 -3 -5 -4 -1 -2 -2 0 -2 -1 0 16 4 -4 -1 0 -111 2 8 4 -3 -2 -1 -9 -6 -3 -14 2 0 8 10 -8 -4 -212 3 0 -11 -1 -9 -34 -17 -5 6 4 4 -23 -8 -7 0 1 -41 1 -2 2 -1 0 0 -2 0 2 2 2 -8 97 2 
-102 -4 -41 -1 1 1 80 1 1 -1 1 2 -1 1 2 -20 1 6 -3 2 3 -4 -4 4 5 -7 3 -3 4 -120 0 0 1 -6 1 -1 0 1 -1 -2 2 104 1 -1 3 0 101 -105 -1 79 -3 1 2 -2 -2 4 -2 0 1 0 -2 -2 5 1 1 4 12 3 5 4 -10 -8 -4 -12 4 -1 -42 137 -4 35 4 -1 0 -91 1 2 8 4 0 -1 -130 -2 -14 -42 -5 183 -3 19 19 -10 20 6 -5 3 17 1 5 -2 3 -3 -1 0 -2 2 5 5 -40 5 0 183 3 -1 156 -1 3 
40 -1 101 -2 -1 51 18 25 8 -19 -1 3 3 2 2 8 6 9 -5 -5 -3 2 1 85 9 6 104 0 -65 5 12 3 2 2 10 68 2 92 -37 87 0 1 -7 2 -52 -1 10 -11 2 94 1 -115 1 2 2 -107 0 2 3 0 -22 4 -2 1 -1 1 6 -3 -7 4 -12 17 51 -21 66 12 20 1 -68 21 -2 1 0 1 0 7 -41 72 -71 11 -118 -1 11 2 1 55 15 3 -179 1 -23 -67 -9 1 1 0 2 -34 -4 17 1 2 -1 -2 0 -1 1 -1 0 2 3 -4 -3 -4 -52 
-32 -4 -1 1 -8 -18 -23 2 36 24 8 -100 -31 31 58 32 -5 -16 -20 -2 18 19 9 0 -9 0 -3 8 89 -30 -70 24 21 -41 -1 1 79 36 -4 -2 -114 -5 -2 -3 2 4 0 -4 2 3 7 -105 82 -9 134 1 1 0 69 2 -1 0 1 1 4 -1 -5 -1 0 -3 0 0 0 2 1 2 0 4 -23 -2 -9 -7 -1 6 -2 17 17 3 -9 -18 -37 30 0 3 -3 0 -5 -21 -12 57 2 10 -1 1 -26 -1 0 1 2 -66 1 1 0 -1 33 -1 40 -2 0 -1 0 3 2 -4 91 
1 -2 0 0 -2 -1 -3 -7 -4 -6 5 8 1 -62 -15 42 19 -10 -93 -11 13 -9 30 3 -89 4 4 -14 8 10 0 10 -20 -11 -8 -28 117 57 2 -1 -55 2 1 5 4 1 0 -2 -3 2 -15 0 2 0 -2 3 3 -4 2 -3 0 0 0 -3 -2 -2 1 0 -2 72 -1 -3 -1 -3 -1 2 1 1 0 145 0 0 1 1 -12 76 -65 -61 -4 -30 -48 -60 -2 0 7 3 2 4 -1 0 1 -5 -1 -116 58 -1 2 -1 6 8 0 2 -49 -1 0 -1 76 -2 1 6 -4 1 -2 -1 -69 
-76 -2 1 -29 6 -86 2 8 1 27 14 1 2 -12 -2 -194 41 64 -28 -44 -2 23 5 18 4 6 -1 12 9 14 2 3 4 1 5 9 104 46 -4 -3 -1 0 -86 3 -4 0 6 -97 -63 -2 -1 -1 0 -4 -2 -1 1 -4 2 0 -1 100 -1 45 -1 -84 28 1 3 0 -110 -3 -2 40 62 42 5 0 -4 -1 1 -3 0 1 46 -2 -3 -7 137 4 20 1 -4 0 0 -27 111 6 7 0 0 0 -1 -4 0 2 11 5 6 5 2 0 7 -2 -1 1 -4 0 0 -3 0 0 -1 -153 -2 
