7 5.75 7 34.25 3.25 15.75 5 10.5 2.75 4.5 1.75 26.75 3.75 12 71.5 15.25 10 8.25 16.75 19.5 9.75 11.5 11.75 8.25 4.75 5.75 4 4.75 5.5 25.5 10.75 12.25 36.75 12.75 9.5 11 21.25 21 50.75 7.25 31.5 14.75 1.75 9.75 3.25 2.25 45.25 6 9 7.5 7 9 4.5 11.25 5.5 32.25 16 2 14.25 17 39 17.75 14.25 7 6.25 9.25 23.75 3 6.5 5.5 10.5 39.75 44.25 4.5 13 11 8.5 6.5 7.5 4.5 1.75 1.25 5 1.75 2 3.25 8 29.25 17.75 49.75 68 2.5 40.5 8.25 1.75 5 0.75 0.5 1.75 1.5 6.25 3 1 1.5 2.75 2.75 0.75 37.25 5.25 5.25 16.5 24.25 3.75 4 3.25 21 1 43.25 7.25 19 6 43.75 3.5 5 28.25 
11.5 8.5 27 19.25 18.25 10.25 12.25 33.5 28.75 4.25 7 28.75 3 12 3.25 4.75 4 30 2.25 11.25 9 39.5 7.5 5.75 2.75 3.5 3.25 4 10.25 20.75 2.5 13.5 19.5 10 9.5 17.5 19 12.25 6 31.5 21 8.5 22.75 2.75 5.25 8.75 2.75 5 4 20.5 6.25 1 5 14 38.75 6.5 35.75 1 10 0 0 25.25 11.5 2.75 9.75 8.75 63.5 10 22.75 41.5 9.5 6.25 21.5 10 6.5 13 11.5 56 18 32.25 2.75 2.5 43.5 28 11 6 10.5 21.75 20.75 3.75 8 54.5 2.5 68 1.25 1.75 25.5 0.75 2.25 2.75 5 1.75 7.75 8.25 4.5 1.75 1 42.25 8.5 7.5 58 24.75 17 4 1.5 17.25 3 3 2.25 23.25 3.5 13.25 13.75 3 2.5 
12.75 7.25 9.5 30 33.75 9.75 5.5 9.25 11.25 18.25 9 31.75 7.75 11 6 7.5 6 7 2.25 2.75 8.5 5.75 11.25 22 11 13.5 26.5 17.25 15.75 18.5 32.75 35.75 12.25 15.5 18.5 7.25 8 23.75 7 4 7.5 7.75 2 3 3.5 4.25 8.25 15.25 20.75 14.75 23 10.25 9.5 13.25 6.5 16 3 53.75 43.25 13 0 17.25 16.75 15.5 10 6.75 16.75 17 13.5 7 2.75 14 3 4.5 4.25 19 4.5 14.5 10.25 8.25 3 20.25 30.75 3.75 2.25 45.25 3.5 15.5 23.5 9.75 40.5 2.25 35.25 1 0.75 17 5.5 1.25 1.5 1.75 3.25 32.75 10.5 5.25 13.75 4.25 10.75 8.75 13.5 5.75 7.25 4.25 6.25 27 4.75 37 6.5 10.5 31 48.75 8.75 2.25 28.5 51.5 0.5 
9.75 11.5 8.25 13.75 13.5 30.5 8.5 15.25 22.75 10.75 12.5 26.25 21.75 31 15.75 3.5 13 1.25 15.75 7.75 40 41 7.75 8.75 5.5 4.75 1.75 14.5 2.75 2.25 3 47.25 15.75 1 1.5 3.75 22.25 7.25 23.25 46 6.25 5.75 8 1 29.75 37.75 7.5 11.25 13.5 17.25 8 5.5 6.25 24.75 4.25 7.75 51 20.25 7 0 24.25 5.25 0 6.25 5 9.75 8.5 10.5 13.5 7.25 4.5 5.75 8.5 11.5 12.25 9 8.25 3.75 2.25 1 1.5 5 9.75 7.75 16.25 8 7 11 22.5 6.5 11.25 2.25 1.5 49.25 0.75 44.25 1 1.25 1.25 1.25 3 5.25 3.25 4.5 44 8.5 1.75 6.5 17.25 2.75 22.75 1 5.5 6.75 11 8.5 6.5 4.25 26.25 15.25 30 1.5 1.75 1.75 16.25 
7.5 14.25 15.5 40.75 10.5 24 9 1.25 2.5 3.25 14 3 9.75 13.5 1 1.25 8 25.75 36.5 16.75 7 24.5 4.25 7.5 6 3.25 10 10.25 12.25 46.75 11.5 40.75 13 12.75 7 28.75 7 8.75 9.75 5.75 6 18.25 2.75 3.5 4.25 23.5 2.75 11 17 44.75 20 18.75 37.25 5.5 6.25 9.75 1.5 11.5 12.25 9.5 23.5 11.25 0 16.5 14.75 8.5 13.75 14.75 51.75 9.5 7.5 1.75 4.25 0 27.25 3.75 1.5 52.25 12 8 16.25 4.25 8.75 9.75 19.25 5 16.5 6.5 27.25 19 6.75 2.75 1.5 1.5 1 20 3.25 29.5 2.5 2.75 2 5.25 6.75 14.25 14.25 8.5 9.75 3.25 7 6.75 5.75 11.5 12.25 21.5 15.5 8.75 28.5 3 2.75 2.25 3.75 2.25 4.5 10.5 13.5 
17.5 12.25 18.5 9.75 18.5 35.75 15 25.5 61.25 10.75 40.25 10.25 7 10.25 21.25 16.5 11.75 16.75 15.5 16.5 8.5 5 6.25 14.5 12.25 17.75 42.75 26 2.75 5.25 11.25 30.25 26.5 33 8.25 6 13 9.5 12.25 15 36.25 8 5.75 2.5 3 18.25 3.75 19 5.25 8 10.75 3.75 6.75 5.75 19.75 3.25 2.25 1.5 13.75 38.25 19.25 21.75 71.5 25.75 27.5 21.25 21.25 15.75 6 3.75 20.5 5.75 11.25 16.25 31 22.5 13.75 5.75 9 7.25 17.75 18.5 17.25 3.75 40 4 20.5 12 17.75 9.5 37 1 2.5 12.5 40.75 1.5 4.25 2 5.75 46.5 6.25 4 3.75 36.25 8.5 8.5 1.75 3.5 3.5 5 21 20.25 16.5 14.25 4.75 9 3.75 25.75 46.5 9 4.25 13.5 40.25 45.5 12 
6.25 2.75 35.5 10 47.25 5 28.25 4 3.5 12.75 24 25.25 24.5 18.5 23.75 22 12 7.5 3.75 12 19 14.5 24.5 5.25 14.5 11.5 8.5 25.5 48 22.25 34.5 20.25 22 23.5 17.75 18.75 12.25 5.25 5.25 8.25 13.25 18.75 25.25 2.5 2.5 14.25 57.25 15.25 3.75 7.5 8.25 6 19.25 27.25 10 5.5 4.25 2 77.75 12.25 13.75 10.25 20.25 22.25 11.5 2.75 8.75 11.75 7.5 9 19 49.75 4 4.25 10 24.75 14.5 8 11.5 29 61 13 14.25 3.25 15 10.75 5.5 7.5 16 30.25 5.5 2.75 1 3 7.5 5 3 3.25 4 5.25 0.75 2.5 5.5 33 38.75 3.25 3.25 4 3.25 38 2.5 10.75 8 2.75 6.25 4.25 6.5 6.25 14.75 9.25 23 8 10.5 12.75 16.5 
1.75 23.75 2.25 8 16 1.5 14.75 2.5 40 2.75 1.75 3.25 5.25 6.5 15 7.75 8.5 4.5 2.5 6.5 4.75 10.5 9.25 8 12.25 23.75 20 5.75 9.5 9.75 5 5.75 9.5 11.25 27.5 5 11.25 28 42.25 26 5.75 3.75 2.75 4 1.5 3.25 9.5 8.75 33.75 4.25 7.25 7.75 8.5 8.5 7.75 2.25 4.5 1.75 9.5 6.75 35.75 11.25 6 23 4 12.25 5.25 3 4 7.75 16 7.25 25.75 51.75 8.75 22.75 7 22.25 15.75 3.25 4.25 30.25 15.25 13.25 8.25 2.75 6.25 6.5 26.5 24 13.25 12.5 7.25 6.5 1.75 2 1 0.75 5.25 7 6 8 38.5 2 4.5 28.25 7.5 4.75 10.25 8 4 7 8.75 5.75 5.5 6.25 28.5 2.5 4.75 6.5 28.5 27.5 11.75 6 14.25 
2 3 24.25 3.25 1.25 2.5 26 1 2.5 2.25 1.5 4.25 5 3.75 6.75 25.25 7.5 4 14.75 20 34.25 12.5 10.25 9.75 19.25 8 4.75 3 0.5 3.5 4 47.75 5.25 3.5 21 1.25 3.75 5 2.25 1.75 3 1.25 3.25 45.25 45.25 10.5 19.25 39 3.75 2.75 35.25 8.5 9.25 2 4.25 11.5 10.25 77.5 9.5 13.5 25.75 5 19.75 3 5.5 5 4.75 7.25 16 74.25 4.5 4.5 12 35.25 16.25 5.5 6.25 6.75 46.75 13.5 2.5 3.5 6.25 10.5 17.25 12.25 4 9.25 5.75 8.5 5.25 17.75 10.5 2.75 1.25 5.75 2.5 17.5 4 22.25 7 2.25 6.25 16.5 4 5.75 22.75 11 7.5 4.25 4.5 50.5 31.25 9.25 8.75 4.5 21.5 24.5 12.25 23.25 48 23.5 7.25 26.75 2.75 
56 1.25 45.75 2 1.25 49.75 21.75 1.5 4 10.75 37.5 7.25 5 55.75 3.5 5 34.75 40.25 14.5 20 1.25 2.5 16.75 14.75 21.25 9 18.25 20 16.25 11 23.75 9.75 20.5 18.25 12.75 15.25 14.25 15.75 4.25 11 14.5 12 2.25 5.25 2.25 6 5.5 37.5 7.5 6.75 4.5 7 4.5 4.75 21.75 9.25 14.25 7.5 1.75 2.75 13.75 16.5 8 8.5 7.5 43.5 2.25 21.75 10.5 3 9 4.75 22 4 3.25 4.25 4.5 8.5 31.75 12 7.75 5.75 68.75 13.5 14.5 20.25 9.25 15 71.75 38.5 14.5 6.25 3.75 7.75 4.25 5 6.75 7 2.75 3.5 12.25 6.25 2.75 11.5 29 12.75 9 5.25 4.5 37 58.25 4.75 5 8.25 67 9.5 35.25 7.75 11.25 17.25 23 10 3.5 8.75 5.75 
3.25 3.5 1.25 3.5 5.5 1.75 1.75 2.25 3.25 2 1.75 3.25 1.5 6 2 6.75 3.5 7.5 19.75 4.25 3.25 8.25 8 12.5 36.5 2 10 10.25 40 14.25 13.5 18 18 27.5 24 20.5 23.5 15 5 48 17.5 13.5 3 2.75 2.5 1.5 41.5 5.5 2.5 2.5 4.75 3.25 21.75 4.5 2 23 8.75 6.75 4 23.75 31.5 9 29 7.75 9 19.75 8 2.25 33.25 2.5 3 1.75 7.25 7.25 6 7.5 6.5 31.5 36.5 4 3 7.5 10.5 29.5 26.75 27.25 23.5 15.5 2.75 11.75 2.75 3 9.25 10 9.25 7.75 2.25 42.5 2.5 3 6.5 10 17 44.25 6 19.75 2.75 39.5 3 2.5 5.5 43.75 28 10.25 48.5 11.25 10.75 2.5 7.25 17.25 16.75 12.25 4 7 11.25 
15.5 34 48.25 1.5 17.25 2.75 2.75 2.75 2.25 2.75 2.75 5 1.5 20.75 1.25 6 18 59 2.25 12 8.25 6.25 31.5 8.75 9.25 15.75 17 5.5 4 4.5 8.25 3.5 11.25 2.5 3 3.75 4.5 40.75 3.75 4 6 28.25 2 1.75 2 22.75 4 0.5 3.5 3.5 2 3.25 4.5 2.75 15.75 4.5 36.5 4.5 6.5 17.75 23.25 13.5 11.25 11.25 3.25 2.75 7.75 3.75 9 8.75 5.5 14.25 14.75 4 2.75 27.5 7.25 17.5 30.25 55.75 30.5 23.5 13.75 7.25 5.5 38.75 7.5 9.25 1.5 22.25 5.5 2.75 6 34.5 4.5 3.5 1 2.75 4.5 6 6 35.5 21.5 7.25 2.5 2 5.25 61.25 7.5 25.5 5 3.5 17 10.25 56 31.75 7.75 9.5 12.5 16 15.75 31.25 4.25 5.5 47 
25.25 1.5 3.25 3.25 3 3.75 1.5 48.5 4 47.25 89.5 1.75 15.25 7 2.25 5.75 25.75 7 13.5 28 10 12.75 4.25 8 17.75 10.5 22.5 10.5 15.75 23.5 6.75 8.5 5.25 8.5 8 21 4.5 14 9.25 11.5 10.25 8.75 7.5 5 3 4.75 6.5 10.5 7.5 5.75 6.25 5 6.25 8.75 14.75 2.5 9 6.5 5.25 50 32.75 12.5 25 6.25 15.25 3.5 4 1.75 1 3.25 2.25 9.25 50.75 30 27.75 25.5 22.25 15.5 8.5 6.75 3 7 4.5 20 3.25 6.5 46 4.75 4.5 4.5 2.75 0.75 4 30.25 4.5 34 16.25 10.75 14 8.25 29.75 40.25 16.5 8.5 1.5 42 2.75 12.75 55.75 8.5 9 16.5 9.5 8.25 6.75 5.25 7 10.75 15.25 16.5 11.5 9.75 16 2.75 8 
2.5 2.75 7 2.5 38.75 3 5.75 2.25 3.5 3.25 3.5 31.75 3.5 6.5 3.5 2.5 3.5 4.75 14.25 12 5.75 17 7.25 10.75 5.75 7 5.75 51.25 5.75 18 14 6.25 6.5 5.5 2.5 3.5 2.75 32.5 2.75 7.5 7.5 5.75 4.25 2.5 6.75 27.75 19.5 23.75 62.5 42 24.75 21 16 8 6.75 16 9.75 3.5 31.25 3.25 13.75 9.25 0 9.25 2.75 3 6.75 17.25 25.5 28 32.5 47 14 2.5 4.75 3.75 4 17.25 59 4.75 5.5 6.5 3.75 5.5 4.25 3.5 1.75 2 14 35.25 2 2.5 31.5 5 8.75 7 12 4.5 4 10.75 8.5 2.5 32 13.5 3.25 5.25 27.25 8.5 23.25 2 5.25 27.25 41.75 7.25 31 11.75 37.75 33.25 22.25 32.25 15.5 12.25 10.75 12.5 5 
3.5 5.5 1.75 4.25 56.25 39.5 4.25 16 90.25 2.25 2.25 5.5 5.25 45.5 3.75 18 22 4 6.75 14.75 18.5 12 38.75 15.75 11.5 41 12.5 17.5 11.25 12.25 33 12.75 38 13.25 11.75 9.5 8 8 32.25 6 20 4.75 32 51 24.25 10.25 42.75 25.25 4.75 4.75 7.75 13.5 6 7 5.5 10 2.75 41 7.5 1.75 8.25 17.75 25.75 44 34.75 17 25 14.25 7.25 8.75 4.5 3 8 4.75 7 4.25 2 13.5 4.75 6 4.5 19.25 0.75 3 4.5 3 15.5 3.75 7.75 11.75 9.75 41 5.25 5.25 8.25 1.5 7 19 12 47 42.25 2.75 5.25 15.75 7.25 8.25 17.75 10.25 34.25 3.25 27 25 2.5 12 8.75 8.25 8.25 5.75 5.5 10.75 15.5 17 12.25 13 19.25 
3.75 2.5 3 45.5 5.25 1.5 3 37 51.5 14.25 7.5 7.25 5.5 1.25 29.5 5.25 2.5 6.75 3 5 6.5 20.5 5 4.75 18.25 24.5 5 5.5 8.5 1.25 4 14.25 7.25 10 6.25 6.75 7.25 7.25 8.25 21.25 14.25 11.25 31.5 12 7.25 47.75 6 4.75 4.25 2.5 2.75 3.5 2.75 8.75 6.25 48.5 44.75 35.5 13.25 19.75 18 28 21.75 19.25 8.25 9.25 8 40.5 5 3.75 34.25 30 33.75 5.25 8.5 17.75 20.5 49.5 8.75 5.75 26.25 3.75 3.5 3.5 10.25 7.75 7.25 7 6.25 8 5.5 5.25 15.5 14.25 12.25 14 9.75 11.5 14.25 2.75 5.75 38.5 13 21.25 22.25 11.5 13.5 11 32 8 24.75 14.25 4.5 9.25 11.25 23 8.5 29.5 51 50 34.25 15.25 5.25 6.75 5.75 
12.75 5.25 6 3.75 10.75 6.25 1.5 54.5 34.5 4.5 8.25 19.25 41.5 72.5 2.25 5 6.5 6.75 23.5 49.25 7.25 5 4.75 6.75 3.75 9.5 11.5 12 7.5 25.75 10.25 5 9.25 5.25 4.5 5 8.75 2.5 23.75 6.5 4.5 9 3 41 13 2.75 10.25 11.5 11.25 10.5 6.25 8 18.5 7.25 18 7.5 8.5 9.5 84 16.25 8.75 3 21 3.5 11.25 3.5 10 42.5 5.25 6.25 37.75 2.5 4 5 6.25 3.25 4 9 47.25 7.25 6.75 4.75 9.5 6.75 3.25 5.5 18.75 6.25 0.75 2.75 35.5 5 5.25 31 30.75 26.5 11 2.75 15 9.75 4.5 7.25 50.5 7.75 14 32.75 19.25 8.5 9.75 38.25 15.75 16 7 7.5 9.75 24 5.25 34 5.5 7.5 10.75 8.5 9.5 3.5 7.5 
1.5 2.25 2.75 53.75 5 6.5 4.25 21.25 5 6 5.25 6.5 21.5 52.25 9.25 7.75 8.75 15.25 19 12.75 8 12.5 3.75 10.25 3.5 11 7.5 5.75 5 1.75 3.25 5.25 6 7.75 5 17.25 8.25 10.5 7.75 13 21 4.75 10.25 13.25 11 27 15.25 8 6.5 11 4.5 4.25 16 7 7 12.5 17.5 9 8.5 4 37 1.75 6.25 16.5 4.75 5.75 8.25 2.5 1.25 3 1.25 40.5 6 4.5 1.25 6 5 6.25 11.25 6.5 8.5 7.25 3.75 8.25 14.5 12.25 1.75 10.25 62.25 3.25 17.5 2.5 1.25 1.75 1.75 0.25 1.75 2 9 16.5 20.25 5 8.75 5.25 9 10.25 26 40.5 9 22.5 9.75 4 7 12 5 32 8.25 19 5.25 1.75 4.25 6.25 28.75 7.75 7.5 
2.75 3.5 3.75 9 4.5 2.75 37.5 4.25 2.5 4.5 9.5 9.25 29 14.75 13.25 10.75 14 11.75 9.75 44.25 48.25 22.25 9.5 6 1.5 32 8.5 6.25 6.75 36.5 13 6.75 2.75 6 18.75 7.5 7.75 41.25 4.5 5 7.25 2.5 1.25 2.75 4 4.5 5.25 3.5 2.25 32.25 5 6 6.25 6.25 7.25 7 7.25 9.25 41.25 6 4.75 4.25 24.5 4.5 8 3.75 4.25 28.5 4.75 24 5.25 5.5 9 10.75 14 9.25 22.5 6.5 1.75 4 1.75 9 2.75 3.5 30 2.5 36 2.25 6.25 9.5 7.75 11 3.5 3.25 2.5 2.5 1.75 1.5 2.75 5.75 31.25 7.5 6.25 7.75 49.75 13.75 31 2 2.5 4 7.25 21.25 3.5 0.75 3.25 4.75 36.25 6.5 2.25 1.75 2.5 4.25 22.25 4 20.25 
4 6 21.5 7.25 7.75 6 31.5 6.5 11.5 34.5 12.25 8.75 6 10.5 8.75 15.75 9 14 15.75 8.25 12.5 14.25 26 10.75 13.75 57 32 3.5 2.75 2.75 4.25 2.75 26.75 15 7 5.25 4.5 11.5 5.25 3.75 14 6.5 37.5 17.5 6.75 2.5 28.5 5.25 1.75 18.5 4.5 2 26.75 3.5 14 33.5 17.75 3.5 5.5 4.25 6 46 2.5 4 15.75 2.75 30.5 5 4.75 6.75 35 4.25 12.75 24.75 25 1.75 42 2.75 18.75 5.25 2 2 2.75 1.75 9.25 1.75 3.75 6.25 3.75 3 15 39 2 2.25 30.25 21.75 1.5 1 42.75 8.5 2.25 2.5 8 21.25 3.25 7.25 8 38 42.75 25 6.75 23.5 13.25 22.5 1.5 4.25 2.75 13 8.5 12.75 8.75 38.5 8 12 9.5 
27.5 8.5 4.5 26 6.75 12.5 18.5 46.75 17.75 11.75 3.75 11 33 16 21.75 24.5 20.25 19 7.75 7.75 10.5 10.25 18.75 3.25 4 48.5 3.75 6 30 5.5 44.75 3.25 6.5 38.75 2 39.5 9 18.25 9 13.75 14.5 14.5 13.25 13.5 16.25 8.75 9.25 20.5 11 12.25 21.25 19.25 12.75 6.5 11.75 11.5 25.75 8.75 17 50 5.75 26.25 9 55.5 11.5 8.25 8.75 7.25 7.25 10.25 0.25 3.5 2.75 12 2.5 2.5 2.5 42 1.25 2.25 45.25 9 10 37.5 12 8.25 6.25 4 22.5 2.5 13 7.75 3 3 3.5 1.25 3 2 3 36.5 33.5 15.25 3.25 7.25 4.75 8.25 19.75 20 20 24.5 8.25 8 2.75 5.5 1.5 22.5 16.25 9.5 7 5.75 18.5 44.75 12.75 14 57.5 
23.25 18 15.5 44.75 36 40 12.75 15.25 9.5 13.75 20.25 8.25 47 2.5 3.75 5.5 0.75 2.25 25.5 3.25 2.5 30 4 2.75 2.25 2.25 1.5 2.25 4.25 12.25 18.5 38.5 25.5 22.5 22.75 31.5 26.5 22.5 20.75 25 23.25 41.75 53.75 24.5 19 20.5 21.75 34 10.75 40.25 5 4.75 2.75 4.75 7.75 7.25 10.75 14.75 10.5 22.5 4.5 4.25 12.75 2.75 36.25 8.25 31.75 36.25 3 23.25 52.5 30.75 29.5 2.25 26 3.5 30.5 52.25 0.5 5.25 2.75 15 9 11.25 5 7 23.75 30.25 26 12.75 4.75 0.75 1.5 19.5 64.5 3 2.75 35.5 5.5 4.5 23 34.5 8.25 8.75 5.25 12.25 15 8 4.5 4.75 2.75 3 19.75 3.75 1.5 1.5 41.25 7 10 37.5 19.25 12.25 11 7.75 17.25 
7.25 34 3.25 3.75 19.5 4.75 3.75 7 5.75 102.25 3 4 7.75 6.25 10 14.5 5.75 42.5 6 3.5 50.5 43.75 17.5 9.5 24.5 30.25 6.75 9.25 12.5 50 15 12.75 16.5 16.25 6 17.25 20 36.75 55 22.5 16 21.5 30.75 30 17.75 8.75 6.25 8.75 20 5.5 7 7 8 6.5 11.5 6.75 9.75 10 18 3 4.75 4.25 5.75 5.25 5.25 2 2.25 14 24 3.25 1 5.75 1.75 19.25 8.25 23.75 27.75 2.75 0.25 1.25 3.5 31.75 10 12 17.75 8 6.5 14 3.25 5.5 26.25 1.5 11 2.75 7 5 11.5 26.25 9.25 27.25 13 27.25 5.5 11.5 7.25 5.75 10.75 8.5 6.25 2.75 32 7.75 5 18.5 2.5 11 2.75 5.25 4.75 4.75 4.5 3.25 8.5 2.25 19 
7 28.75 7.75 24.5 2 14.5 4.75 2 21.5 41.5 5 20.5 2.5 6.5 9.25 11.25 21.75 33.25 38.25 58.75 22.75 9.5 14.25 37 22 27.25 30.5 53.5 19.75 6.25 12.25 29.75 19.25 12.5 27 28.75 26.75 8.75 29.5 16 18.75 6.25 5.75 36.75 22 42 19.25 28.25 8.75 1.25 3 1.5 2.25 8.25 1.5 1.25 2.5 28 31 4.25 3.75 2.5 3 4.25 6.25 2.5 2.5 2.25 3.75 3.75 4.25 40.5 3.25 3 2.25 4 19.75 5.25 59 8.75 2.5 13.5 4 4.5 2.5 3.25 37.25 8.5 9 3 2.75 2.75 20.75 10.75 4.75 3.5 12.25 14.5 9.5 16 7.5 11.5 18.25 6.5 10.5 26.75 12.5 42.25 54.25 9.75 8.75 22.75 5.75 29.75 6.5 3.25 1.75 3.75 23.5 25.75 7.25 24.5 6.75 9.25 18 
6.25 17.75 12.5 9 12 27.5 7.75 68 33.5 15.75 13.25 4.5 5 5.75 4.25 10.75 8.25 5 26.75 11.25 10.75 17.75 20.25 14.5 10.5 22.5 12.25 8.75 30.75 18.75 13 14.75 13.75 27 21.5 15.25 22 7.25 6.75 3 20.25 1.5 0.5 27.5 4 5 2.75 22.75 3 4.75 6 18.5 38 6.5 30.25 2 21 2.25 2 6 25.25 2 2.25 2.75 28.25 3.5 2.75 4.25 8 8.5 3.5 1.75 5 4.75 12 41 2 15.25 18.5 45 2 2.25 3 2.5 2.25 8 9.75 4.75 15.5 5.75 2.25 0.25 1.25 4 23.75 12.25 44 4.5 4.5 7.5 4.75 22.25 23.75 1.5 15.25 6 22.75 3 3.75 12.5 17.25 2.25 2.75 2.25 3.5 1.75 2 6.75 41.75 10.75 27.75 52.5 14 10 42 
4.75 37.5 1 9.75 38.75 7 49.5 4 9.75 3.75 9 21.75 37.5 28.5 0.5 25.25 36 21 14.25 59.75 23.5 18.25 20 14 39.25 57 16.75 2.75 7.25 10.25 33.25 11.75 22.25 28 23.75 31 6.25 4.25 37 4.5 2.75 37.75 9.25 10 8.75 4.25 7 15.25 11.25 26.75 6 17.25 16.5 6 4.5 4.75 4 4 9.75 27 1.75 1.5 4.75 18.25 4 1.5 5.5 3.25 10 5.25 3 0.75 10.75 0 1.5 2.25 2.5 2.5 9.75 4.5 2.5 2.75 3 33.5 4.25 4.25 7.5 19.25 2.75 36.5 1.5 1.5 1.75 18.25 4.25 4.5 23.25 25.75 23.75 5 6.5 7.5 31.25 9 3.25 2.5 11.75 2.75 9.25 1 1.5 23.5 1.5 2.25 28 1.25 28.25 9 7.25 5.5 6.25 8.75 4 19.5 7.75 
1 24.5 34.5 10.5 12.25 17.5 4.75 33.25 1.25 2.5 12.25 10.75 13.75 17 25.75 21.25 9 3.75 12.25 50.5 50.5 26.25 33.75 19 6.25 13.25 39.75 19.75 17.75 9 12.5 6.25 31.75 9.5 4.25 5 3.5 9.25 37.25 36 10.75 15.75 15 15.25 19.5 26.5 10.5 40.5 16.75 8.5 40 29 7 5.5 5.5 3 42.75 1.75 1.25 1.5 1.5 1.5 3 1.25 2.5 2.5 1.75 2 2.75 2.75 23.75 41.5 57 2.75 2.25 3.25 7 6.75 2.75 4 3.25 2.5 6 2 1.75 4.25 15.25 7.75 11.5 9 1 2.5 2 20.75 1.75 2 1.25 1.5 4.25 4.5 4.5 4.5 3.5 2.75 6.25 5.75 2.75 3 9.5 2 2.75 1.75 0.75 7.25 9 4.25 3.75 12 7 8 30 13 9.75 12.5 29.25 
18.5 19 6.25 12.75 54.75 11.75 2.75 5.75 6 6.75 7.75 9.5 16.5 19.5 6.5 24.75 4.75 20.25 15.5 11.5 15.5 13.25 14.75 18.75 3.75 15.75 16.5 3.25 7 24 11 3.25 4.5 7 9 9.75 13.25 14 6.75 10.75 13.5 16.5 12 12 31 15 14 11 11.25 10.75 9.75 10.25 7 7.25 6.25 7.5 2.5 6 9.5 37 3.25 3.25 15 45.5 0.5 2.25 1.25 3.5 3.75 2.5 41.75 17 25 4.75 2.75 2.25 4.5 11 21.5 3.5 4 3.75 25.25 3 14.25 2.75 13.5 36.25 20.75 21.5 6.25 33.5 4.25 1.25 1.5 16.75 2.5 3 7 9.75 5.5 18 15.25 14.75 24 7.5 27 6.75 8.75 32.5 31.25 21.25 11 18.5 40.25 1.75 3.5 7.5 16.25 26.25 7 3.75 3 27.5 5.75 
16 18.25 12.75 1.75 21 11.5 7.75 4.75 7 17.75 14 5 4 10.5 11 4.5 46.75 5 4.75 18 6.5 6.75 4.25 4.5 12 7 4.75 5.5 2.75 6.75 8.75 8.5 8.25 10.5 13.75 18.5 28.25 31.75 30.5 20.75 21.5 22.5 26.75 24.25 25 22.25 25.75 28 25 27 28.75 26.25 26.5 44.25 31.75 38.5 59.25 14.25 8 2.75 36.25 3.5 1.75 2.75 1.5 0.75 2 25 2.5 3 6.25 1.5 2.25 8.75 41.75 4.25 29.25 3.25 2.5 3.5 34.75 1.75 2.75 2.25 1 32.75 11.25 10 7.75 14.75 4.5 15 2.25 7.5 8.75 15.75 17.5 7.75 15.5 18 3.75 3.25 8 3.25 8.75 16.5 10.75 45.75 11.75 5.75 10.5 19.5 2.25 1.5 2 4.75 4.75 20 5 9 4.75 1 2.75 7 4.25 
14 12.5 37 4.25 21.5 8 13.25 26.25 8.5 2.25 1.75 2 2.5 47 18.5 6 8.75 16.75 9 57.75 5.5 6.25 31.5 10 33 7.5 2.25 5.75 7 9.25 10 16.75 22.5 22 22 23.25 41.75 4.25 2 3.25 8 7.25 2 0 4.5 21 0 31.25 0.5 2.25 8.25 3.25 14.5 6 28 16.75 59 27.5 18.75 6 1.25 1.5 2 2.25 1.75 2 4.75 4.5 3 2.5 0.75 51.75 1.25 5 1.25 44.5 1.75 1.75 5.5 22 26.5 7.75 2.25 32.75 7.5 4 7.75 10.75 53.5 12.5 4.75 30.75 4 13.25 74.75 33 4.5 3.25 27.5 6 1.75 18.5 8.25 6.25 7.75 5 4.5 4 5 12.5 8.25 1.75 1.75 1.25 29.75 4.5 6 7.25 20 3.25 4.5 2.75 5.25 14 4 
21.75 10.5 22.5 15 3.5 7.5 3 4.75 1.5 1 2 2.5 4 5 18.75 12.5 9.75 9.25 11.75 12.25 13.75 47.5 8 4.5 2.25 2.25 29.5 8.5 14.5 22 57.5 16.25 16.5 18.25 3.25 0 0 0 8 26.25 13.25 21 0 39 0 2.25 3.75 5 57.75 3.5 7.75 0.75 61.5 15.75 3.5 64.75 0 2.5 8 8.25 1.75 2.25 2 0.75 3.5 2 1.25 1.75 29.25 2 14.25 4.75 0.5 6.25 18.75 4.5 9.25 1.25 15.75 8.75 1 9.5 34.5 27.75 6.75 26.5 37.5 8.5 22.75 16 1.75 1.5 3 3 44.5 24.25 4.75 6.5 6.5 17.25 50.5 27.25 13.75 8.25 18.5 13.75 35.5 4 11.25 3.5 10.5 1.75 2 1.25 3.25 7.75 46 2.5 3 4.75 4.75 6.75 2.25 4.25 11.75 
29 22.25 5.25 33.25 2 5.25 3.25 1.5 24.5 15 1.25 2 4 5 4.5 11.25 40 37.25 13.25 14.25 9 8 2.25 19.5 6.5 18 17.5 30.5 50.75 45.25 52.5 0 0 0 42 0 0 0 5.5 48.25 34.5 1 46.5 2.75 33.5 19.25 1 40.5 49.25 0 0 2.5 1.25 40.75 0 26.75 39 55 3.5 8.25 2.5 2.25 7 1.75 1 1.5 4 20.75 4.25 9.25 12.5 7 2.5 7 18.5 3.75 20.5 2.75 5 9 2 7 13 2.5 27 2 3.25 4.25 8 4.5 7.75 3.5 55 19.25 16 22 2.75 5 33.5 9.5 5.25 1.25 51 1 4.75 3.25 7.5 14 18.5 5 4.25 3.25 1.75 1 46 7.25 4.75 1.5 1.25 3.5 42.25 16.25 22.5 7 13.75 
22.25 5.75 31 4.25 2 6.5 23.5 2.25 2.25 2 0.5 2.25 4 12.75 6.75 11.75 7.75 28.5 7 29.25 3.5 4.75 8.5 12.25 27 30 22.25 49.5 55.25 0 0 0 54.25 0 36.25 37 0 0 0 0 1.25 1.5 1.5 1.75 3 31.5 29.5 2.25 3.5 0.75 0 0 0 0.25 0 47.25 0 5.5 10 6.75 12.75 1.75 3.25 1.25 2.25 3.75 3 4.5 4.5 1.25 12.75 5 0.75 3.5 3.5 19.25 12.25 4.5 6.25 5 4.5 55.25 1 1.5 1.25 1.25 17 2 18 34.25 15 13.5 22.25 48.5 26 24.25 20.75 10.5 25.25 1.5 4 1.75 1.25 1.25 2.25 2 5.75 6.75 27.25 5.5 5.5 3 1.75 17.5 10.75 4.5 4.5 9.25 12 12.5 10.25 4.5 13 22.75 17.5 
38.25 5.75 2 6 5.75 11.25 2 0.5 1.25 3.25 3.75 7 16 8.75 9.25 31.25 7.75 31.75 3.5 6.75 10.25 13 26 22.5 8.25 16.75 8 24 20 5.25 0 0 0 0 0 0 14.75 0 0 28 57 0 56 1.5 1 24.75 20.5 10 1.5 54.25 0 0 8.5 7 3.25 5.25 9 38 14.5 4.25 8.75 3.75 3.75 2.5 3 3.5 3 5.25 6.5 6.75 28.25 8.25 6.75 1.5 5.25 3.25 2.75 2 3 14 19.75 29.25 36 15.5 24.25 12.75 6 7.75 23.25 47 7.5 3.5 5.25 2.5 2 6.5 21.75 11.25 6.25 1.5 2 21.75 12 5.75 5.25 5.25 6 11.75 20 5.75 7.5 3 2.25 1.25 14.5 23.75 10.5 2.25 1.5 4 2.25 3 4 28 15.25 
7 13 6.75 19.5 16.75 8 17.25 2.25 23.75 5 31 12.5 23.75 3.75 4.5 4 33.5 7.75 9.25 20.5 49.25 10.25 6.5 5 1.75 0 11 32.25 13.5 85.25 0 0 0 0 0 0 0 0 0 23 0 0 39 0 1.25 1.25 1.75 3 26 15.75 15.5 12.75 9 9.75 4.75 10.75 20.25 19.75 4.5 1 2.25 3 21.25 5 5.75 6.5 10.75 7.25 6 2.25 26.25 2 2.25 51.75 13 11.5 2 5.5 7 70 3.5 38.25 25.75 11.75 32.25 11 1.5 1.25 3 8.25 35.75 33.5 5.25 3.75 2.25 17.25 15.75 20.25 10.25 2.5 3.75 1.5 3.75 2.25 3 6.25 11.25 14.5 19.25 16.75 13 1 5.75 1.5 2 4 12.25 14 18 16.75 21.5 3.25 15.5 28 19.75 
6.5 6.5 15.5 6.25 31.75 20.75 2 5.25 2.25 3.25 3.75 3 2.25 3 10.25 33.75 11.75 16.5 11.75 8.25 11 14.25 27 7.75 15.5 16.75 15.75 8.5 4.5 0 0 7.5 0 0 45.75 27.75 0 0 13.5 0 0 41.75 0.5 0.5 0.25 14.25 6 6.75 6.75 3.25 3.75 9.5 11 15.5 48.25 20 23.5 8 3.5 2.75 13.25 3.5 3 4.5 1.75 3 2.5 11 2.75 1.75 2.5 5.25 63.25 14 21 33.5 22.75 8 6.75 49.75 11.5 11.75 2.5 24.5 7.75 27.25 37.5 1.75 30 5.25 23 21 7.25 17.75 3.75 41.25 12.5 26 22.25 30 2.5 5.25 12.5 12.5 6.25 41.75 8.25 37 28.75 4 27.25 1.25 19 2.75 5.5 15.25 6.25 6 13.5 10.25 43.5 26 6.5 15.5 18.5 
7 5.25 29.25 4.75 5.25 6 2.5 5 3.75 2.5 4 12.5 36.5 30.25 10.25 93.25 22 12.25 9.5 6.25 4.25 10.75 39 7.75 61 8 59.75 0 0 55.25 0 0 0 0 0 0 0 0 10.5 0 0 0 2.5 63.25 37.25 2.5 6.75 6.25 6.5 32.75 18.5 40 17.25 15 10 35.75 3.5 5.5 19.25 10.75 2.5 1.5 2.25 1.5 1.25 9.25 4.75 8.5 7.75 6.75 11.25 5.5 5.75 9.75 36.25 7.25 7.25 2.5 1.5 7.25 3.25 16 18.5 17.5 30.25 10.75 8.5 3 5.5 22.5 11.75 18.5 11.75 18.25 2 42.75 62 11.75 22.25 2.25 1.75 5.75 7.75 15.25 5.75 13.25 10 13.75 18.75 35.25 3.5 2.5 1.75 55.75 2.5 10.75 5 3.75 5 2 3.25 4.25 23.5 8.5 22.75 
27.75 12 21 3.75 3.5 3 2.5 17.5 5 7.25 9.75 18.5 8 43.75 10.75 12 9.5 5.75 5.5 6.25 60.5 10.5 0 0 0 36 61 0 0 0 0 0 0 0 0 0 27.75 0 0.5 0.75 30.5 7 4.75 2.25 8.5 27 10.5 60.5 20 10.75 3.75 7.5 4 5.25 10 14.5 4.5 3 13.5 16.5 8.5 9.25 2.25 12.5 8.5 4 5 34.5 47 9.25 16.75 6 2.75 19.25 1.25 12 10.75 30 11.75 10.25 9.75 19.75 3.75 26.5 16.75 34.75 33.75 2.75 6.5 10.25 38.5 28.5 10.25 0.75 7.75 11 12.5 40.5 32 1.75 1.25 5.5 45.5 29 33.75 8.5 30 2.75 14.25 22 2.75 2.75 1.25 7 3 3 7 9.75 17.5 2.5 2 3.75 3.5 9.5 6.5 
8 5.5 29.5 4.75 28.5 3.25 5 8 6 12.25 8 10 11.5 17 15.25 2.5 2 49.75 4 2.75 1 2.75 17.5 26.5 12 0 35.25 1 0 0 0 9.5 0 37 1.5 0 0 0 3.5 8.75 10.5 15 6 46.5 20.75 19.75 14 11.5 4.25 5 4.25 3.5 5 2.25 6.75 12.5 10.75 7 24 16.75 12.5 17.25 2.5 24.25 9.5 14.75 13.5 10.75 30 9.75 22.5 7.5 15.25 11.25 15.75 50 33.5 14.5 26.5 13.5 26 11.75 19.5 9.75 16.75 26.5 16.75 27.5 5 21.5 20.75 24 6.75 23.25 9.5 19.25 17.75 7 0.75 13.25 2.75 20.25 84 14 36.5 34 1.5 38.75 10.75 8.75 3.25 1.75 2.25 1.25 3 2 10.75 46 14 3.75 2.25 7.25 4.75 30 28.75 
11.75 2.5 31.5 34.25 11 9.75 8 11.25 16.75 14.75 18.5 8.5 13.5 63.25 27 5 3.75 2.5 4 3.25 3.5 2.5 0 0 0 0 3.25 36.25 26.5 22.75 4.5 0 0 0 0 1 3.25 3.5 4 7.25 4 13.75 54.75 27.75 12.75 3 2.5 3.25 4 3 4.5 4.75 3.5 10.75 7.25 6.75 3.75 6.25 7.25 9.75 11.25 9.75 0.75 8 7.25 34 13.25 3.25 5.5 2.25 7 13 3 11.75 24.25 35.5 12 35 4 6.5 19.75 11.5 30 34.25 9 11.75 30.75 1.25 31.75 37.75 34 17.75 5.25 0.75 4 21.5 22 20.75 4 1.25 3.25 19.25 50.25 10.75 23 4 8 8 20 5.25 11.5 3.75 1.5 27.5 9.5 9.25 13.5 2.75 2.5 9.5 0.75 22 11.5 32.75 11.75 
9.75 11.75 14.75 33.25 13.5 13.75 24.25 17 11 21.25 3 4.75 10.75 2 3.5 3.25 1.75 2.75 2 47.5 2.5 80.75 0.75 0 3.75 35.25 61.5 1.5 7 0 40 3 19.5 27.5 13.5 8.25 6.75 9.75 16.25 22 41 15.75 22.25 8.25 4.25 3.25 22.75 5.25 6.5 36.5 11.5 12.75 28.25 9.5 11.5 8 22.5 40.25 6.25 10 31 2.75 1.25 8.5 7 8.25 1.25 18 0.5 1.5 47 2.25 1.25 16.5 6.25 18.75 24 9.75 6 14.25 30.75 12.5 11.25 7.5 14.75 4.75 2.5 23.25 21.5 29 14.75 48 12.25 27.75 24.75 49.25 15.5 5.5 10.75 22.75 2.75 17 46.5 14.25 22.25 3.5 3.5 7.25 7 29.75 18.25 2.5 10.5 5.25 3.5 6.5 11 6.25 62.25 6.5 35 20.25 51.75 41 23.5 
7.5 36.5 9.75 7.75 8.75 51.25 5.75 1.75 50.5 36.25 2.5 2.5 38 1.25 0.75 1.5 40.25 0 1.5 23.5 16 52 0 19.5 0 0 0 4 4.75 6 1.5 8.75 9 78.5 7.25 29.75 13.75 26.5 22.5 14 9 6.75 2.25 25.25 30.5 5 3.75 2.5 10.5 15.5 4.5 9.25 16 19 18.25 34.75 12.75 14.25 41 18 3.5 2 4 11.25 5.75 13 6 8.5 70.25 2 6.5 19.25 17.5 23.25 9 57.5 21.5 20.25 17.75 4.25 14.25 22.75 21.25 6.5 33.25 37.5 13.75 29 20.75 34.5 12.75 11.25 1.25 12 6.25 41.75 54.5 21 1.5 1.75 45.25 27.25 8.75 15.25 13.5 1 6 28.75 16.25 7 13.5 2.75 7.5 12.75 4 8.25 7.75 7.5 8 4 5.75 6.75 7.75 4.75 11.75 
47 7.25 27 13 5 1.5 50 0.25 2 1.75 5.5 4.75 44.25 1.75 63.75 0.25 0.25 0.5 0.75 0 0 1.5 0.5 0 31.5 0.75 0 10.25 31.75 9.5 13 10.5 6.5 11.25 25.25 24.75 11.25 54.5 2 3 4.5 8 7.5 3.25 1 3.25 8 8 7.25 46 10.25 8.5 15.5 10.5 9.25 15.5 11.25 4.75 36.25 3.5 2.75 0.75 10 6.25 36.25 12.25 26.75 5.5 5.75 9.5 14 2.75 4.75 4.75 5.75 3.75 3.5 18.25 16.5 30.75 21.25 34.5 22 22 9 8 2.75 5.25 26.25 11.75 46 40.5 36.75 2 11.75 15.25 19.5 7.5 8.75 1 38.25 64.25 5.75 31.25 1.25 0.75 29.75 26.5 25 16 15 22 19.25 8.5 5.5 4.75 5.5 6.75 16.75 20.75 31.25 13.75 9 18.25 4.75 
12.75 38.5 9.5 3 6.5 60.75 1 0 1.25 3 5 32.5 16.75 2 11.75 0 0 0 0 0.5 59 1.5 0 0 66.25 0 0 0 7.25 32.75 11 15 10.5 37.75 13.75 27.5 13 3.5 2.75 5 8.5 32.5 4 5.5 10 7.25 26 22.25 17.5 10.5 7 11.5 5 3 17 19.5 8.75 5.75 2.75 5 26.75 1.25 11.5 7 3.25 6.5 5 30.25 14.5 52.5 19.25 22 63.25 17.5 8.25 2 29.25 1.75 22.25 1.75 4.75 29.5 12.75 17.5 27.75 2.75 2 16.25 37.25 13.75 44.25 4.25 1.25 2.25 16 31.25 11.25 52.5 2 1 10.25 11.5 6.75 8.5 2.25 19.5 3.25 48.75 16.5 33.25 11.25 1.25 1.5 11.75 66.5 3.25 18.75 44.25 7 9 5 2.25 2.5 6.25 15 
15 13.75 56.75 0 51.5 0.75 0 23.5 0 0 2.5 1.75 76.25 1.75 0 82.25 19.25 5 7.25 9.5 5.5 4.75 3.75 2.75 1.25 0.25 9.5 47.5 7.75 12.5 16.25 5.75 2.25 5 3.5 3.25 3.25 5 4.25 4.25 12.75 8 8 16.75 14.5 18.25 8.75 10 26.75 23 24.25 21.25 30.25 12 13.75 32.25 12.75 4.75 47.5 1.25 2.25 16.25 0.75 3.25 28 4.25 8.25 6.75 3.5 6.5 4.25 8.75 9.5 6.25 18.75 8 6.5 6.25 17.25 5.25 35.25 12.75 44 14 7.25 31.75 17.75 18.25 8.25 28.25 5.25 3.5 1.75 4.25 20.5 12.75 9.5 6 1.25 1.25 7.25 48.25 11 6.5 14.5 1.5 3 27 31.25 44.5 21.75 0.75 1.5 7.25 34 1.5 11 8.5 6.5 18.5 3.5 27.5 0.5 3.5 39 
49.5 0 0 0 0 0 0 0 0 0 0 0 0 0 4.75 8.75 23.5 34.5 27.75 63.25 26.25 31.25 6.75 5.75 2.5 44.25 11 13 30 44.5 5.75 9.75 5.75 2.75 1.75 50.5 7.5 5.25 31.25 9.5 11 12.25 13.5 5.5 13 16.75 35 12 25.5 26.25 30.25 9.5 12.75 14.25 4.5 13 30 9.25 2.75 13.75 1.75 1.25 11 15.25 10 17.5 11.75 19 29.5 17 18.5 17 31.25 3.25 15 10.5 20.5 75.5 2.25 13 10.5 38.25 20.75 35 15 36.25 9.25 4.5 15.25 6.25 7 3.75 23 2.25 21.75 44.25 24.25 1.75 1.75 8.75 9 8.25 7 10.75 2.25 22.5 4 12 34 34 9.75 1.25 6.25 15.25 25.25 7.25 5.5 3.25 10.25 4.5 6 3.25 1.5 1.5 1.75 
0 0 0 0 0 6.5 0 50.5 0 0 0 5.5 21.75 21 85.25 29.5 15.25 4.75 14 13.5 14 17.75 6.75 4.75 1.5 17.25 18.25 32.25 10 7.5 7 1 5 32.25 9 51.75 11.5 11.75 6.25 12.25 10.25 41.25 23.25 15.75 38.5 19.25 35.5 12.75 7.25 25.5 20.5 19.25 12.5 7 12.25 14.75 14 7 3.25 1.75 15.5 3.5 27 8.25 15 2.5 1.5 5.25 28.5 10.25 28.5 10.25 3.75 4.5 6.75 26 15 9.75 7.5 16.75 40 25.5 4.75 10.25 63 33.25 45 9.75 26.5 9.25 24.75 31 9 3.75 1.75 1.75 2 1.25 2.5 33.5 7 22 19.5 6 1.25 1.75 25.25 13.25 15.25 37 13 1.5 9.5 10.25 15.25 7 64.75 18 20 39 2.25 1.25 13.25 2 4 
0 0 9.75 0 15 0 1.25 0.25 51.5 4.75 16.25 36.5 38.75 47.75 8 24 5.5 34.5 31.5 7 7.75 8 6 7.75 14.25 13.5 4.5 16.5 26.25 2.25 43 11.25 15 9.25 14.75 11.5 5.25 41.25 42.75 36.75 19.25 7.75 11.75 5 7.25 15.75 8.25 11.25 16.5 21.75 11.5 5.25 3.5 2.75 3.75 10.75 6.25 5.75 1.5 0.75 3.5 2.75 34.5 15 1.5 1.25 2.75 5.5 1.75 4 40.75 5 24.25 8.25 5.75 1.75 2.5 13.25 38.75 23.75 44.75 4 3.75 3 29 6.5 15.5 7 21 4.75 7.75 17 10.5 13.25 7.25 23.5 13 1.25 2 32.5 9 8 20.25 8 1.5 1.25 5.25 12.5 9.75 21.75 4 2.5 9.25 11.25 8.25 2.5 19.5 26 27.75 4.25 1 3.25 1.5 19 4 
30 14.75 0 0 0 0 9.5 26 54.75 34 26 10.25 8.75 9 4 3.25 5.75 8.5 6.25 31.75 29.25 38.5 9.5 50.5 56.25 12 10.25 4.25 28 5.25 16.5 20.5 40 19.25 20.75 24 15 8.25 40.75 5.75 3.5 6.5 17 8.25 46.25 17.75 15.25 11.25 9.25 7.5 11.75 18.75 12.25 3.5 35.5 2.5 5 7.25 1.75 1.75 1.25 1.25 77 33 4 1.25 6.75 5.5 2 1.5 13.75 22.25 5.25 8 7.5 18.5 8.5 2.75 19 21.25 26 45.5 12 14.75 17 6.25 3.25 6.5 8.5 1.75 9.75 8.75 2 8.75 3.5 12 5.75 2.75 36.5 12 35.75 15.5 7 2.25 32.5 23.75 2.5 13 42 56.5 3.5 2.75 30.75 21 4.25 16.5 17.5 50.25 15.25 9.5 1.25 1.75 1.75 16.75 9.75 
6.75 1.5 1 74.75 19.75 43.75 37.75 18.5 16.75 46.25 7.25 4.75 3 6.5 12.25 12.75 7 9.75 19.75 3.5 3 11 17.75 19.5 10.75 5.25 37.5 1.75 1.75 4.75 25.5 22 12.75 13.5 16 18.25 8 9.5 6 3.5 11.75 9.25 13.75 24.75 28.75 6 6.25 34 35.5 3.5 27.75 2.75 25.75 10.25 23.75 8.25 4.75 27.5 3.5 0.5 5.5 3.75 12 3.75 49 0.5 4 3.25 18.25 4.25 3 6.25 29.25 19.75 16.5 15.5 20.75 13 4.5 10 6.25 12.75 8.5 5 7.25 2 1.75 15.5 43.5 8.75 18 34 21.5 29.75 8.5 4 1 2.5 3.5 6 7.75 6.5 10 7.25 2 2.75 10 14.5 7.75 16.25 1.5 27.5 6.5 46.5 6.75 4.75 4.75 24 12 11.75 3.5 0.5 1 1.5 5 
3.25 6.5 4.25 6 11 14.5 2 9.5 13 6.75 9.5 10.25 6 4.25 3.25 11.25 13.75 5.75 6.75 8 20 8.5 9.75 8 3.25 35.25 1.75 2 9.75 26 15.5 5.25 0 6 62.5 27 18.75 10.75 13 16.75 42 12.75 13 5.25 4.5 7.75 1.75 2.75 4.5 22.75 9.75 6 5.75 4 3.75 9.25 27.25 40 3.75 2.5 55 41.5 3.75 3.75 27.25 0.75 13.75 4 6 2.5 42.25 6 3.25 3.25 12.5 33.75 11 14.75 0 18 18 12.25 16.5 24.5 7.5 13 31.5 7.25 0.75 9.25 6.25 2.25 5.25 7 3.75 5.5 2.5 1.75 19 25 7.25 9.25 13.25 3.5 26.25 2 13.75 19.5 29 50.5 1.25 1.75 13.75 54 2.75 6.75 4.25 4.75 32.75 19.5 11 1.5 1.5 23.75 5.25 
11.75 5.25 46 18.5 14.75 12.5 30.75 6.5 5.75 13.5 8 5.75 5.25 9 12 11 9.25 7.25 5.5 2 19.5 12.75 9.5 4.25 41.25 4.75 2.25 9.25 40.75 8.75 3.75 55.25 1 3.75 3 10.75 21.75 14 3.25 7.75 22 6.5 6 10.5 38 7.5 5.25 6 5.5 2.25 16.75 50.75 12.75 12 6.75 4 5 5.25 3.75 2.5 7 14.25 5.75 4.25 1 8 9.75 17.25 18.25 9 9 7 1.5 11.75 0.5 1 12.5 16 51.75 8.75 9.5 6.5 31 5.25 1.25 3.75 3.25 13.25 1 6.25 5.5 5.25 2.5 21 4 2.75 4.25 1 1.5 4 21 10.25 16 1.25 1 29.5 28.75 10.75 22.5 3.25 2 3.75 11.5 4.25 13.25 25.25 25.25 29.5 38.75 9.25 11.5 1.5 1.25 10.25 6.5 
45 7.5 7.25 36 13.25 26.25 8.5 4 39.5 8.5 4 18.75 6 33.5 5 2.75 26.75 7.25 5.25 11.5 25.75 8.25 2.25 4.25 9.5 2.75 6.75 14.75 39.25 9.5 5.75 2.25 2 66.25 9.25 49.5 9.5 17.25 1 9 28.25 7.25 16.75 6 6 5.5 7.75 7 17.5 3.25 3.5 9.5 11.5 5 49.5 3.75 3 2.25 1.75 2.25 4.75 11 5.25 7.75 26.75 42 24.75 1.5 3.5 13 6.25 1.5 56.5 12.25 51.5 13.75 28.25 25.75 21.25 9.75 8 7.25 17.5 4.25 3.5 1.75 2.25 4.5 2.75 20.75 10 2 3 4.25 10.5 0.75 4.25 2.5 2.25 2 8 12.25 9.25 2.75 0.5 4.25 4.75 8.25 13.5 1 14.75 21.75 31.75 4.5 21.75 11.5 6.5 12 3.5 4.5 4.25 1 1.25 5.25 18.25 
19 20 7.25 5.5 14.25 9.75 4.5 5.5 24.25 13.75 8 3.5 40.75 6.25 8.25 6.25 6.75 22.25 1.25 28.25 5 12.5 4.75 7.5 1.75 7.5 8.25 5.25 1.5 3.25 10 37.75 2 9 26 16 13.75 17.75 2.5 9 49.25 32 22.25 28 18 8.25 17.25 15.5 22.75 29.25 30.25 10 41.25 53.25 4.5 2.5 3.75 1.75 0.75 2 28 7.25 7.75 69.25 41.5 27 3.5 3 1.25 34.25 41.25 3.75 1.25 5 16.5 11.25 11.5 30.5 27.5 15.75 11.75 13 5.5 8.25 0.75 1.75 1.75 1.5 57.75 13.75 45.5 6 9.5 3.25 2 2 17 24 2.5 1.75 11.25 8.5 11.5 2.25 3.5 12 32.75 8.5 18.75 23 0.5 10.75 41 6.75 4 5.5 13.75 11.75 2.5 5.25 1.25 1.5 3.25 4.5 16.75 
11.5 10.75 16.25 13 4.25 19 20.25 5.25 10 8 3.25 23.25 66 5.5 11.25 6.25 4.5 2.75 21 11 15.5 2 50.5 15 10 10.5 7 39.75 7.5 2.25 2.75 8.75 54.5 19.5 15.25 3.75 12 14 14 15.25 21.75 56.75 20.25 19.25 22.75 28.25 18.25 14 11.5 25.75 15.75 10.25 4.5 2.5 6.25 4 3.5 2 17.25 1.75 8 18.5 6.25 53 2 6.75 20 8.5 5.75 45.25 25.75 29 0.75 5.75 4.5 3.75 4.75 7.25 5.75 5.75 10.25 31.75 5.25 1.75 1.25 2 8 0.5 4 5.75 51.75 33 7.5 12.75 3.75 3.25 2.5 1.5 1.75 3.25 3.75 9.25 35.25 2.25 2.5 18.5 21.25 5.5 12 2 2 12.75 12.5 4.5 34.5 42.5 21 3 2 37.5 1.5 1.5 0.5 39 39 
4.5 18.5 9 14 19 5.75 27.5 12.25 4.25 29.75 6.75 11.5 4 6.5 14.5 2 25 10.5 3.25 34.75 8.75 32.75 3.5 8.5 19 17.75 42.25 39.5 10.5 12 7.25 3.75 3.25 12.25 12 5.25 3 10 15.5 11.5 7.5 7 21.75 25 48 15 8.75 10.25 1.75 46.75 13.5 22.75 16 28.5 5 5 2.25 1.25 1.75 0.75 5.75 27 2 3 0.75 7.25 17.25 20.75 24.5 4.75 6.75 1.25 1.5 16.75 11.5 9 16 31.75 22 35.5 14.5 9 38.25 12.75 8 1.75 2 1.25 14.25 11.25 27.5 21.5 22.75 15.75 2.25 11.5 17 1.5 4 7.25 15 28.25 30.25 1.5 2.75 11.25 28.5 13 39.75 24.5 1.75 9 16.5 5.25 6.75 7.5 9.25 19 34.75 34.25 21.5 1 1.25 42.5 10 
3.5 3 4.5 47 15.25 10.75 18.75 25.75 6.25 6 10 8.25 6.5 16.75 5.5 3.5 6.75 5.25 2.75 17.75 13 25.25 3.75 25.75 65.25 19.75 19.75 6.75 5 1 24.5 9 58 21 3 38.5 5.25 5 10.75 27.75 20.5 18.25 4.75 7 12 13 9 8.5 1.75 6.25 3.5 18.5 10 10.5 4 5 2.5 30.75 20.5 3.25 11.25 32.75 11.75 34 1.25 16.25 7.25 3.5 34.25 2.75 7 0.75 2.5 1.5 1 0.75 18 3.75 7.25 3.75 8.25 23.5 48.25 1.25 44.75 1.25 3.25 6.25 3.5 7.75 1.5 0.5 25 2.25 5.25 6 1.5 2.25 21.25 4.5 16.75 13.75 38.5 1.5 5.5 7.25 19.5 45.75 28.75 1.5 4.75 9 20.25 3.5 11.75 7.75 53.5 10.75 38.5 2 1.75 1.25 11.25 18 37 
6.25 5 20.75 6.25 53 4.75 20.75 50 10.75 7 7.25 7 7.25 24.25 2.75 7.25 8.5 3.5 1.75 35.5 3.25 4 23 9.5 56 4 9.75 5.5 114.75 27.5 1.75 8.5 4 6.5 10.5 2.75 3 13.25 27.25 11.25 21.5 5.5 3.5 5.25 5.75 6.5 5.5 3.25 1.25 4.5 33.75 4.75 5 26.25 5.75 2.5 4 13.25 0.5 4.25 10.25 25 4.75 8.25 1.25 13 5.75 8.5 2.25 7.25 47 0.75 15.5 6.25 1 1.25 7 4.75 10 78.5 8.75 48 5.25 3.75 1.25 1 4.25 1.75 20.5 38.75 22.5 2.5 28.25 10 2 5.25 26.25 1.5 1.75 2 34 4 2 1.75 1.75 3.5 19.5 2.75 1.25 24.5 8.25 79.75 13.5 1.25 8.75 5.75 4 3.75 1.25 37.75 5.75 14 3.75 16 6.25 
9.25 5 47.75 4.75 8.75 9.75 7 4 46.75 3.5 3 2.75 6.5 44 2.25 20.75 1.5 6 58.75 23.5 31.25 21 26.5 94 52.5 4 12.5 25.5 7 0 0 1.25 1.25 29.5 5.75 6.75 6.75 24.75 9 3.5 4.5 4.5 3.5 5 3.5 5 3.75 43 1.25 15.75 18 8.75 15.5 3 2.75 5.75 10.25 1.75 1.25 10.75 41.5 3.75 35 2 1 16.25 11.75 4.5 10 9 7 6.5 6.5 3 1 1.75 17.25 43.75 18.5 11.75 11 42.25 6 2.25 1.5 3 5.5 2 10.5 13.5 18.5 27 17 2.75 5.5 5 11.5 1 3 17 6 7.25 2.75 2.25 16.25 2 30 23.25 2.25 30.75 0.75 8.75 15.75 59.25 2.5 2.75 2.5 2.75 0.75 1 27.75 2.25 45.75 16.25 7.75 
21.5 7.5 6.75 2 4 9.75 13 43.5 9.5 13 10.25 3.25 16.75 5.5 3.75 2.5 1.75 5.5 10.75 3.25 11.75 13.5 4.75 44 34 6.25 3.5 0 0 0 0 0 2 64.75 58.75 8.25 9.5 51.75 3.75 1.25 3 4.25 2.5 3 0.75 2.75 8.25 15.25 10.25 14.5 70.5 22.5 36.5 33.25 6.5 29 7 2 1.5 15.25 15.25 0.5 34 3.75 8 21.25 35.5 29.5 35.75 30 4 2 5 9 2 1 37.75 2.5 7.75 18.25 24.75 31 54 3 19.25 1.5 2.25 2 3.75 54.25 5 3.75 24.5 5.5 7.5 5 2.75 9.25 47.25 7 7.75 1.75 27.75 16 17.75 7.5 4 24.75 1 1 5 5.25 3.75 2.5 10.75 13.5 13.5 3.25 0.5 1 2 1.25 11.75 36.25 3.75 
4.75 26.5 10.75 18.75 4.25 3.5 5.25 24.5 2.5 31.25 3.25 2.25 2 31 3.75 2.25 5 20.25 1.5 20.75 19 8.75 0 28 38.25 1.75 10.25 0 0 0 0 0 0 0 1.75 6.75 5 6 64.25 8 2.75 10.75 5 2 22.25 28.25 2 4.25 7.5 13.5 31.75 1 6.25 2.25 15.25 6.25 28.5 2.5 2 2.25 8.75 11.25 41.75 3.75 3.5 6.5 20.75 7.75 1.75 2.75 2.25 1.25 10 3 8.5 1.75 30.25 1.25 5 1.25 17 2.25 2.5 2.75 1.25 2.75 0.75 3.5 14.5 1.5 1.5 1.25 7.5 4 10.5 13.5 3.75 5.25 5.25 3.25 10 3 1.5 2.25 7.5 21.5 8.5 3 1.5 1.25 27.75 34.5 3.25 4.25 12.25 15 7.75 1.75 2 11.5 1 1.75 2 40 7.25 
5 7 31.5 7 3.5 4.25 10.75 3 26.5 3.25 17.75 2.75 3.25 2.5 17.5 4.75 4.75 3.5 5.25 31.5 10.75 0 2.25 0 0 0 1 0 0 0 0 0 51.5 0 2.5 3 1.75 5.25 3.25 21 31.25 22 6.25 9.5 22 36 2.75 2 3.25 4 10 13 10.25 9.75 5.25 2 18.5 19.75 1 2.25 2 3.75 35 15.5 14 11 1.25 3.5 0.5 1 1.75 2 18.75 45.75 26.75 5.5 10 7 3.25 36.5 1.5 2 2.25 1 2 4 19.75 7 23 3 3.25 3.5 17.5 5.75 5 2.5 12.25 0.75 2.75 4.25 4.5 2.75 1.25 3.25 14.25 38.5 20.25 9 27.75 2.25 3.25 1.25 4.25 59 15.5 7.5 10.75 2 2.25 14 0.75 1.25 5.75 7.25 8.5 
1.75 1.5 3 20.5 5.25 7.5 8 2.5 18.5 2.5 2 27.5 1.75 3.75 1.75 3 39.25 20.75 13.5 40.25 2.5 0 0 0 59.5 0 23.75 1.25 52 0 0 0 38.5 28 3.75 5.5 1.75 52.75 3.5 8.5 5.25 11 8 7.75 9.25 4.25 2.25 1.5 2.5 3.5 5 19.5 3.75 3.25 1.25 1.25 24 6.5 18.25 6.5 30.25 2.25 8 14 5 1.25 0.25 16.75 10.75 5.5 2.5 2.5 40.75 3.25 6 21 32.5 22.75 24.75 41.25 26.25 19.25 13.75 12.75 4 1.75 1.5 13.25 7.25 7.75 4.25 11 5.25 3 2 1.5 1.75 3 2.75 2.5 6.5 7 2 3 17 7.25 15.75 5.75 0.75 1.5 6.5 3.5 5.75 8 5.75 56 13 3.5 4.25 1.5 1.25 1.5 18.25 9.25 17 
33.5 1.25 13 4.25 21.75 8.25 7.5 40.25 2 2.25 3.75 4 5.5 4.75 6.25 4 5.5 8.25 10 4.75 1 39.75 0 0 0 61.75 0 4.5 5.5 2.25 0 0 0 41 0.75 5 9.5 3.25 5.25 4 8.25 30.75 30.25 29.75 17.75 10.5 10 34.5 18.5 3.5 3 3.25 4 2.5 1.25 1 2 3.25 2.75 29 3 4.75 3.75 2.5 4.25 6.25 28.25 5.75 46 26.75 20.5 21.5 26.75 16.25 8.75 23.75 1.5 12.25 4.75 1.75 6.75 30.75 40.75 11.25 35 7.25 47.5 12 42.5 31.25 26.25 27 26.25 22.5 14.75 5.75 15.25 14.25 4.75 34.25 9.25 7.75 6.75 37.25 2.75 2 4.25 0.75 1.25 2.5 8 9.5 63.75 8.75 20.75 23 15.75 4.5 33 2 8 14.5 4 8 21 
23.75 2.5 1.25 21 2 6 9.75 12.25 0.75 1.5 36 23 4.75 6.75 3.75 1.5 7.5 4.75 31.25 37 37.5 8.5 1.5 0 0 61 0 0 3.5 3.75 0.5 0 0.5 5.25 1 0 1 2.25 2.5 1 2 4.5 4.25 16.5 21.5 23.25 22.25 39.5 10.75 3.5 12.5 6 7 7.25 4 3.5 20.25 11 6 6.25 1.5 4.75 1.25 3.75 4.5 1.75 3.75 7.25 4 5.5 26 3.75 5.25 8.5 14.25 20.75 19.5 22 20.25 15.75 18.75 13 28.25 3.5 17.25 5.5 24.25 8.75 17.75 22.5 12.25 3.75 1.5 3.75 5.75 19 1.75 16.5 23.25 10.5 13.75 16.75 11.5 13.5 7 7.5 5.75 3.25 45.5 26 46.25 14.75 35.75 50.75 45.25 16.5 21.75 1.5 2.5 7.5 14.5 2.75 1.5 2.5 3 
5.75 2.5 1.5 8.25 0 6.5 4 28 9.75 2 2 3.25 1.5 5.25 3.75 22.5 3 1.5 2.25 4.5 7.75 3 0.5 0 6 35.25 0 0 0.75 4 20.25 7.25 4.5 0 0 0 1.25 2.75 58.75 2.25 3.25 21 3.25 4.25 54.25 4.75 5.5 3.75 54.5 40.75 22.75 71 30.5 13.5 30.5 5.75 12.5 16 6 3.5 1.5 3.25 26.25 2 4.5 4.5 3 3.25 4.5 7 27.5 11.25 24.5 2.5 4.25 3.25 6 26.25 3.75 7.5 2 4 2.25 26.75 18.75 12 14.75 2.75 4 3.25 9.25 7 3 21.25 3.25 2 3.75 13 3.5 6 13.5 20 6.75 12.25 25.25 22.25 5.75 30.75 13.5 10.5 29.5 2.5 1.75 1.25 1 4.75 30.25 2 28.75 4 8.75 2.5 3 6.25 1 
6 6.5 3.5 2.75 3.5 2.75 32 3.5 9 3 7.5 2.75 2.25 2 1.5 3.5 18.25 1.25 5.5 6.75 17 17 10.75 15.5 2.5 0 35.25 26.25 0 0.75 28 2 56 19 0.5 1.5 3.75 3.5 2.75 1.75 1.75 3.25 50.25 3 1.5 2.5 3.25 2.25 2.25 4 3 47.25 5 16 51.75 30.75 24.25 28 11.75 8 5 1.25 4 4 3.5 3.5 10.25 3.5 6.75 5.75 34 4 32.25 35.75 17.25 6 4.25 11 4.25 5.5 7.75 16.5 4 3.25 3.75 2.25 18.25 1.25 12 18.75 4 13.25 8.75 14 2.5 11.25 21.5 6 20.5 3 28.25 5.75 9 5.5 7.25 11.75 2.5 19.5 39.75 26.75 11.25 3.25 4.5 4.75 3.75 31.5 0.75 4.25 10.75 10.25 8 3.25 25.25 1.25 5.25 
13.25 9 6.25 10 3 26.25 13 1 21.25 4.25 1.25 3.5 3.5 0.5 2.25 5.5 3.75 25.75 20.5 14.5 15.25 20.5 58.75 0 0 0 0 0 0 3.5 3.75 2.5 6.75 6.25 2.25 1.25 0.75 14.5 0.25 2.25 0.5 1.25 35.75 62.25 2.5 1.75 46.75 33.25 20 1.25 4.5 4.5 1.75 0 0 1 45.5 12.25 15.5 20 7.75 4.75 5.75 1.5 4 3.5 2.25 15.5 49.75 4.25 2.5 2.25 3 2.75 8.5 13.25 6.25 15.25 6.25 10 6.75 3.5 4.25 4.5 5.25 6 1.25 8.5 2.5 2.75 30.5 3.5 4.5 4.75 3 2 6.25 29 4.75 2 1.5 1.75 4.25 6.75 4.75 0.5 1.25 4.75 40.5 3.75 33.75 2 3.25 14 29 35.75 25.25 3 10.25 9 3.25 5.25 18.25 6 1.75 
7.25 4.25 24 5.25 5.25 4.25 3 12.25 2.5 2 12.25 11.25 1.75 2.75 26.25 9 38 5.25 5.75 2.5 37.25 6.25 2.5 3.25 0 0 0 0.75 1.25 3 11.75 2.5 9 49.75 2.5 2 48.75 2.25 1.5 1.75 1.75 29 18.75 2.25 2.75 3.25 4.5 3.75 35.5 2.75 0.25 0 0 32.25 0 18.25 0 51.25 43 5.75 2.5 2 4.25 3.5 1 2 29.25 1.5 1.75 2.25 48.5 22.5 8 2 23 5.75 1.25 2.75 21 11.5 12 4.5 5.75 9.25 8.5 5.75 8.5 1.75 3.5 2.5 30.75 5.25 25.25 20.75 26.5 2 4 6.25 11.75 44.25 2 4.5 1 1.5 1.25 4 3 8 2.25 3 23.75 2.75 3 46 6.25 16.5 12 9.25 18.25 63.5 14.25 31.75 2.5 3.75 3.25 
13.25 12.75 13 7.5 3.25 4.5 6.5 12 23 2.75 21.25 19 13.75 3.5 32.5 8.25 2.5 2.25 23.75 11.25 25.5 9 4.75 53.25 0 0 14.75 49.75 0.5 23.25 2.25 2.25 9.75 47.5 1.5 3.75 0.25 48.25 1.5 26.75 34.75 1.25 2.25 22.25 3 51 0.5 0 0 25.25 0 0 0 0 0 0 0 2.75 5.75 10 9.25 3.5 2.25 2 3.75 4.25 26.25 1 27.25 2 5 3 2 3.25 9.25 8.75 4 2.25 3.5 44.5 9.5 8.75 3 8.5 9.75 3.75 28.75 3.5 43.25 4.75 3 5.25 6.75 2.5 7 20.25 3 4.25 5 2.5 18.5 14.75 2.25 1.5 14.25 14.25 32.75 9.75 1.5 1.25 2.75 5.5 3.25 47.75 8.75 11.5 10.5 10.5 7.5 5 1.5 35.5 13.5 13.25 14.75 
10.5 26 7 41.5 3.75 3 12 8.5 33.5 22.25 1.5 26.25 27 15.25 2.5 1.25 2.5 3.5 2.25 1.75 6.25 34 8.75 3.5 0 0 0 0 0 6.25 4 9 11 8.5 3 42 1 15 4.5 1 3 52.5 42.5 3.5 5 1 2 47.5 2.25 1 32 0 6.5 0 0 0 44 4.5 51.25 4.75 23.25 30.25 4.5 2 3.25 2.5 3.75 1.25 2 1.25 3.5 4.25 3 32.25 1 19 3.25 4 3.75 4.75 6.5 12.75 1.25 2.25 19.25 2 1.25 2 3 53.5 2 3.75 7.25 18.5 1.5 5.25 3 14.5 6.75 1.75 1.25 1.25 3 1.5 23.25 3.5 3.5 3 20.5 2 6.5 1.25 6.75 5.75 21.75 20 6.25 11.75 9 3.75 3.5 6.5 7.75 15 17.25 
38.5 33.75 4 3.75 1.25 3.25 3.5 18 16.75 13.25 4.75 20.5 4.25 27.5 14.25 2 1.75 1.5 22.25 1.25 1.5 13.25 6.75 9.25 1.75 0 0 0 53.5 0.75 4.5 10 14.25 2.25 1.75 1 2.5 2 1 0.75 15.5 1.5 0.75 3 2.75 6.5 34.75 23.75 13 1.25 0 96 0 0 0 33.75 0 1.75 4.25 14.75 14.75 30.75 9.25 6.5 2.75 5.25 16.5 30.25 16.25 8.25 4.25 3.75 4.5 20.75 2 2.75 22.5 3.75 1.5 2.25 2.25 1.25 3.75 21.25 3 2 5.5 1.5 2.75 1 1.25 21.5 30.25 7.75 4.5 6.75 6.75 3.25 2.5 2.5 9.75 4.25 3.5 0.75 6.75 4 28.75 40.25 1.25 1.25 3 6 45 1.75 8.75 9.75 4 69 1.5 2.5 1.5 7.75 13 9.5 27.5 
10.5 2.75 2.25 0.25 2.75 3.5 0.25 27.25 14 8 8.75 2.25 4 3 2 35 1.5 2 2.5 19.5 1.75 6.75 7.75 35.75 13.5 0 0 0 0 1.25 2.75 4.25 75.5 37 54.75 2.75 11.75 1.75 0 2.5 1 1 2 30.75 4.75 11 12 27.25 16.75 57.25 2.25 0 0 16 3.5 2 4.25 16.25 5.75 16.5 32.5 31.5 24.5 30.75 58.25 18 23 26 9 16 7.5 13.75 32 6.75 31.75 5.5 5.75 21.5 19 22.25 3 39.25 3.25 2.75 2.25 2 3.25 2 1.75 2.25 2.75 14.75 9 4 2.75 32.75 2.5 3.5 3.75 18 3.75 3.75 1 6.5 5.25 1.5 11 7.5 42 3.25 5.25 2.25 3.5 4.5 6.25 18.25 3 1.75 3.5 1.5 3 57.5 21.75 25.5 7.75 
30.25 3.25 1.75 2 2.25 2.75 28.75 22.75 67.25 32.25 14.5 4.75 1.25 1.5 2.25 1 3.25 1 1.25 2.5 4.25 7 5.5 37.5 8.5 11.5 1.5 37.25 0 0 0.5 0.75 1.75 2.75 8 10.5 2 0 13.5 3 51 41.5 0 0 1 0 47.25 1.5 7 3.25 61 126.25 0 61 1.25 38.75 30.25 12 4.75 2 54.75 1.75 3.75 3 6.75 18.5 28 28.5 24 33.25 37.75 23.5 23.5 17.25 10 5 9.75 17.75 5.25 31 13.5 10.75 6.25 9 3 3 2 6.75 1.25 7 1.75 3.5 37.5 1.75 10.75 2.5 3.25 2.75 1 2 3.75 2.75 5.5 5 3 2.75 2.75 11.75 2.75 4 1.75 5.25 15.5 4.5 10.25 44.75 3.75 5 1.75 4.75 7.5 2.25 2.25 6.5 5 
19.25 2 13 2.75 21.75 47.5 28.25 20.25 14.5 8.75 27.5 8.25 5.5 1 2 2.5 4.5 9.75 3.75 17.75 1 13.5 2.5 4.5 11 8.25 8.75 0 0 0 0 0 35 36.5 33.5 2.75 0 49.75 0 2 34 1.75 1.5 0.75 0 1.25 2.25 35.75 20.25 1.5 3 11 6.25 35.5 47.5 3.25 36.75 28 3.5 2.75 7.75 1.5 1.25 24.5 0.25 2 16.5 65.25 5.5 71.25 7 21.75 76.5 30.5 30.75 34.25 67.5 21.5 14 16 18.75 5 15.5 5 10.25 3 3.75 25 2.25 3.25 18.5 1.5 1.25 1 52.25 4.25 3.25 2 3 5.5 27.5 1.5 1.5 5.75 22 15.75 9.75 17 4.25 8.75 34.75 39.75 14.5 6.5 7.25 12 2.75 8.25 17.75 11.75 2.5 1 2.25 6.5 4.5 
3.75 13.25 3.25 22.75 32 0 59 27.5 6.5 33.25 64.75 11.25 8 42.25 2 1.5 2.25 17.25 5 1.25 18.5 2 4 2.25 7.25 6.75 30.5 40 67 2.5 0 40.25 50.5 3.75 42.25 29.25 0 0 40.25 0 0 4.5 1 1 1.75 22.5 2.25 2 28 1.75 1.5 6.25 4.75 2 0.5 1.75 4 3.5 17.75 0.75 3 1.5 32.25 35.75 0.5 65 10 59.25 18.5 3.5 9.25 5 5.25 5.75 4.25 3.75 8.75 73.5 34.5 63.5 48 62 58 21.5 7.5 11 4.25 17.75 20 8 12.25 15.75 14 1.25 9 2.25 3.5 1.75 1.75 2 2.75 32.5 1.75 1 4 4.75 3 1.75 9.75 23.25 11 24.25 9.25 11.75 8.5 10.75 12.25 10 11.75 8 7.75 4.25 5.75 6.75 32.25 
1.75 1 2.75 45 3 8.75 16.75 3.5 35.75 0 0 0 27.75 6 6.5 2.5 1.75 1 6.75 9 1.75 1.75 2 3 3.5 5 7.75 11 13 38.5 2.5 0 0 5.5 2 2 5.75 4.5 4.5 2.75 4 1.75 1.5 27.25 1 3 1.5 2.75 24.5 0.75 23.25 2.75 33.25 2.75 14.75 3.5 26.5 38.25 1.75 26.75 1.75 1.5 3 2 57.75 1.5 3.5 30.75 1.5 6 13 7.25 3.25 1.5 16 3.25 1 32.75 0 32.5 50.25 14 23 31.75 32.75 7.25 10.5 5 27.5 19.25 11.5 34.25 11.25 4.75 9 5.25 2.5 2.25 6.5 1 3.5 3 4.5 1.5 2.25 2.5 1.75 2 3.5 13.25 35.25 19 6.5 13.5 4.25 1.5 5.25 5.5 9.5 11.25 7 9 7.75 6.5 8.25 
4.5 4.25 13.75 77.25 6.25 27.5 3.5 35.5 26.5 0 86.5 0 7 62.25 10.25 5.75 2.5 2 48.5 5.5 6 2.75 3.25 2 3.5 2.5 4.5 17.75 56.75 8.25 2.75 0 29.25 55 70.75 2 3 1.5 3.5 2 25.5 3 3.25 38.75 0 0 1.25 3.5 34.5 4 3.75 3 4 1 5.5 10.5 4.5 3.75 2 5 2 2.5 45 0.5 0.75 2.75 2.75 1 4.25 2.75 21 80.5 82.25 9.75 1.75 0.25 12 0.75 3.5 28 45 13 6 8.25 20.5 16.25 36 19.5 7.25 4.25 33.25 12.75 7.75 4.75 6.5 19.75 4.75 13.75 8.75 4.5 39 21.5 2.5 1.25 7.75 40.75 3 2.75 5.75 33.75 3.5 8.75 2.5 17.25 9 3.5 4 3 4 1.75 3.5 0.75 37 43.5 8 
2.5 25 40.25 19.75 23 8.75 11.5 11.25 40.75 0 0 12.5 82.5 9.75 19 17.75 6.25 30.25 24.25 9.25 9.25 8 1.25 1.5 2.75 4 1.5 13.75 5.75 10 9.75 1.25 3 35.25 4 0.75 3.25 3.5 3.5 3 79.5 34.75 3.5 5.75 4.75 3.5 93.5 15.75 1.5 1 2.5 2.25 2.75 8.75 2.5 4.75 37 1.75 2.75 2.25 1.5 1.25 43 59.75 0 4 1.5 2.25 1.75 10.75 3.5 3.5 2 1 4 0.75 77 33.75 9.25 1.75 44.75 19.25 11.5 41.75 6.5 24.25 15.5 11.5 7.75 6.5 4.25 7 12.75 2.25 39 20.25 2.25 7.5 2 6.25 15.75 16.5 31.5 17.5 15.75 12.5 24 5 31.75 8 9.75 4.25 4 2.5 29.25 13 1.5 5.5 3.5 1.75 4 61 3.5 11.75 1.25 
9.5 90.25 0 41 19.25 3 12.5 6 0 35.75 54.25 25.75 8.75 5.75 33 66.75 6 14.25 17.5 1.75 1.5 7 5.75 1 29 1.5 15.5 20.25 4.25 3.75 30.5 46.25 5.5 16.75 16 2.25 4 12.25 3.75 3.5 8.25 4 1.75 3.75 49.5 5.5 2 2.25 2.25 3 3.25 2 35.75 50.5 3.5 2.25 5.25 1.75 41 2.5 1.75 55.25 2.25 47.5 2.75 5.25 0 26.25 22.5 23.25 2 59 3 9.25 25.25 3.25 3.25 1.25 54.25 2.25 18.5 51.25 4.25 2 30.5 2 16.25 23.5 17.5 7.25 11.75 4 8.5 12.5 5.25 5.75 16 18.5 38 8.25 14.25 13.25 8.75 6.75 10.5 1.25 3.75 34.5 16.75 14.25 7.75 8.5 2.5 3 3.25 2.25 3.5 0.5 2.5 2 24.75 3.5 6.25 23 55.5 
35.75 34.25 46.5 19.25 8 11 20.5 13 8.25 0 13.25 18.75 14.25 24 0 7.25 25 8.75 4.75 1.25 10.5 1.5 7.5 3.75 25 1.75 2.25 3.75 2 22.25 3.75 9.75 63.75 9.5 9 2.75 1.75 2.5 18.5 3.25 5.5 1.25 3 2.75 2.25 4 58.75 31.75 4.25 5.25 5.5 3.25 1.5 2.75 5.5 40 1.25 2.5 2.25 54.5 4.25 0.75 3 1.75 3 4 1.25 2.25 1.5 2.25 3 2.25 46.75 1.5 2 42.5 2.75 4.25 55 2 0.5 1.25 4.75 45.25 4.5 2.75 13.5 15.25 14.5 13.25 16.5 29.25 7.25 28 15.25 15 22 6.5 3.25 3.25 3.75 16.25 15.25 14.5 22.25 17.25 24.75 15.75 8.5 1.5 1.25 5.25 7.5 3.75 2 0.5 2.25 43.5 2 37.5 0.75 16.25 4 50 6.5 
24.5 57.75 21.5 8.75 7.5 64.25 6.5 36 22.5 65.75 12.75 18 20.5 4 0 0 54 24.75 7.25 31 2.5 2.75 1 4.25 3.25 1.25 2 7.25 2 35 7 3.5 2.75 40 9.25 14.5 13 10.75 8.75 5.5 14.25 4.25 23 3 2.5 50.75 31 13.5 45.75 7.25 13.5 1.5 2.75 3.5 1.75 1 1.25 98.25 1.25 0.75 3.75 0.75 39 2.25 3.5 2 2.75 0.75 3.25 1.25 17.25 0.75 0.75 1.5 1.5 2.25 1.25 2.25 2.75 1.75 1.75 0.75 54.75 1.75 27 3.5 10.5 19.5 32.75 17.75 4.75 32.5 5.5 8.75 15.25 8.75 38.5 5.75 6.25 11.75 11 37 8.5 8.5 11 2.25 10.25 4 3.75 12.75 3 6.5 5.5 1.75 2.25 5.25 3.25 2.5 60 19.25 2.25 3.75 25.25 11.75 3.75 
13 15.75 14 7 22 0.5 2.25 8.75 38.75 12.75 21 16.75 0 0.75 5 49.25 28.25 26.25 8.75 11.5 1.5 1.75 3.25 2 22.5 1 1.5 2.5 2.5 4 2.25 6.75 6.25 38.75 2.5 3 8 4 8.75 3.5 8.75 13 59.5 26 15.75 6.25 7.75 59 21.5 4 2 3 3 4.75 2.75 2.75 1.5 22.75 2.25 64.5 2.25 3.25 2.25 31.25 0.5 58.25 3.75 3.25 34.75 1.75 4.25 1.25 4.25 62.75 4.75 2 1.5 1.5 20.5 1.25 3 1.75 3.75 3.5 1.5 104 3.75 58 16.25 24.75 6.75 5.5 17.75 9 8.25 32.5 9.75 5 12.25 13.5 3.25 3 9.5 5.5 18.5 22.25 19 13.5 20.75 3.5 26.75 3 4 43.75 1.5 3 1.75 5.25 4 3.25 2 25.5 10.5 12.75 3.5 
2.5 5.25 2.25 1.5 1.25 2 1.5 2.75 13 19 27.25 5.25 1.5 0 2 72.5 19.75 7.25 27 44.75 10.5 2.75 2.25 5.75 1.5 11.25 1.5 1.25 16.5 9.25 1.25 0.75 17.25 3.75 7.75 6 5.75 14 12.25 10 5.75 8.25 3.5 2.25 7.25 18 38.75 12 21.75 10 26.25 3.5 2.25 1.75 5.5 7.25 4.75 1.75 3 4 0.75 1.5 2.5 56.5 1.5 3 1.5 1.25 2 2.25 3.25 2 11.5 2 2.75 3.5 3 5.75 2.75 3.5 3.25 6 5 1.5 2.25 3 0 0 5.25 61.5 70 24.75 11.5 9.25 10 15.75 7.25 5.75 4 40.5 7.75 7.25 4.75 15.5 16 12 42.5 7.75 3 3.75 7.25 12.25 47.25 8 4 3.75 1.75 1.25 35.5 1.25 19.5 5.5 3.75 5.5 29.75 
2.25 2.25 2 1 3 1.75 1 1.75 2.25 6.25 36.75 41.5 4.5 49.25 11.25 14.75 5.5 24.5 6.5 32.25 31.75 3 2.25 1.25 22.25 9.25 12.5 17.25 21.75 1.5 1.5 3.5 31.25 36.25 18.75 5.75 11.5 3.75 10.75 23.5 6 41.5 2 1.75 4 24.5 0.5 4.25 4 4.5 10.75 11.25 12 12.25 37.5 10.75 7.5 4.5 16.25 10.75 1 1.5 1.75 59 42.75 0 13 44 2.5 3 1.5 4.25 3.25 22 52 88.5 0.5 0.75 23.25 2.5 3.5 37.25 7.75 55.25 27 7 1 1.5 1.75 5.25 3.5 22 32.75 34.5 38.5 33.5 33.5 15.5 14.5 15 9.5 16.75 19.75 9.25 9 16.5 14.25 12 27.5 15.5 16 14.5 63.25 22.75 9.25 11.5 9 36 6.75 12.25 30.25 41.25 0.75 2.5 10.75 
35.5 2 0.25 1.75 2.5 0.5 2.75 1.5 15.75 1.5 22.75 25.75 48 18.75 15.25 4.25 23.5 11.5 8 61 30 6 4.75 1.5 3.5 1.25 10.75 1.75 10.25 2.75 2.25 2.5 2.25 23.75 13.75 42.25 17 9 8 4 2.5 11.25 19.25 37 14.25 5.25 26.5 7.75 20.75 14 2 2.75 3.25 6 5.75 0.5 3.5 5.25 14.5 7.75 7 5 6.5 2.75 1.5 0.5 0.5 1.75 2.5 27.25 0.25 0 22.25 8.25 1.25 1.75 3.25 2.5 3 1.25 1 3 1.75 2.25 22 27.25 1.5 3 4.25 4.75 2.25 0 0 0 0 9 31.75 35.25 39.5 40 40.25 30.75 27.25 15.75 6.5 25.75 40.5 15.75 1.75 8 17 8.25 6.75 8.75 9.25 22.75 25 16.25 9.5 6.75 11.25 3.75 3 2.5 5.5 
17.25 1.25 2 2 1.5 1.75 12.5 34.25 4.75 2.5 1 19 30 12.5 4.5 64.25 8 2 49.75 5.25 2.5 31.75 30 4.25 1.25 1.25 2.25 3.5 6.25 1 2.5 2 1.75 1.5 2 2.5 5.75 10.75 6.25 5.5 8.5 6.5 4.5 13.25 10.5 15.75 25 44.5 8.5 27.5 21.25 30.5 9.75 35.75 2 3.5 47.75 5 5 4 6.5 6.5 5.5 4.25 40.5 8.5 3.5 1 60.75 0 1.25 1.25 2.25 2.25 4.5 5.25 6.75 20.5 21.25 0.5 12 3.5 1.25 2.25 1.25 1.5 29.25 67.75 46.25 4.75 0.5 0.25 0.5 40 55.75 57 17.75 0 1.25 3.25 6 9.25 23.5 36.5 40.75 27.75 26 18.75 23 28 28.5 21 19.5 13.75 9.75 10.25 23.75 6.5 10.5 11 8.5 11 7 9.25 13.75 
2.25 1.5 0.75 2.75 62.75 3 1.25 9.5 3.25 2.25 28 2.5 2.25 8.5 35.5 21.75 8.75 4.5 4.25 40.25 13.75 45.5 23 5.25 4.75 6.25 12.5 1.5 6.5 4.75 2.25 1.25 0.75 24 2.75 1 52.75 1.5 32.75 5.75 8.75 13 23.25 47.75 48.75 41.75 33 47.25 47.25 20 27.75 1.75 9.75 24.5 3.25 2.5 3 3.25 5.75 0.5 26 0 0 5 5.5 6.25 5 0 0 0 1.25 3 2.75 5 26 33.5 35.5 53 4 1.5 1 35 14.5 64.5 1 48 15.5 2 1.25 62.25 0.5 24 0 56.25 2 0 2.5 36.75 0 7 1.5 6.25 13.75 3.75 7 39.75 6.5 8.5 16.75 3 0 0 0 9.75 16 5.5 29.75 6 11.75 9 3.5 1.5 4 10.75 6.75 
2.25 1.5 1.5 2.75 11.5 1 28 1 3 3.5 10 1.75 1 49 19.5 6.75 22 1 5.75 21 6.5 29 24 33.75 8 3.25 1.5 25.5 20.75 8.75 2.5 1.75 0.75 1.75 6.75 3.75 7.25 6.25 5.75 11.25 6.5 12.25 4.75 12.25 8.75 31 21.5 43.25 8.75 31.25 20 45.25 9.75 3.5 3.75 11.5 1.25 3 55.5 2.75 42.25 0 10.25 14.25 19 15.25 4.5 6 0 0 0 17.75 18 80.25 9.25 5.5 12 13.25 14.75 10 4.75 1 2 0.5 0.5 6.75 20.75 2.25 62.75 51.5 0 0 34 0 0 0 0 5 0 1.25 11.25 24 9.75 9.5 16.5 14 14 15.75 8.5 1.25 56.5 31.75 0 0 2 6.5 4.25 6.5 16.5 5.25 1.5 11.75 8.75 9 3.75 
1 1.5 1.75 2.25 1.75 2.75 2.75 7.75 19.5 29.75 8 11.5 32.25 3.25 37.5 19 10.25 14.25 18 7.25 14.5 4.5 0 21.5 16.5 8.5 5.75 2.5 0.75 1.5 2.25 24.5 6.25 1.5 6.75 4.75 2.25 1.25 2.25 5.5 5 8 14 3.25 2.5 3.5 26 8.5 30.5 12 2.75 40.75 5 68.75 17.5 3.25 13.5 2.5 40.25 59.25 51.5 0 5.25 7.25 6 9.25 4 0 0 9.25 0 15.75 10.25 54.75 3.5 2.25 4.25 2.25 3.25 8 7 11 8 58 9.75 4.5 1.25 3.75 3 1.5 0 0 31.5 60.5 0 0 0 0 0 13.5 27 7 3 13 6.75 20.5 19.5 6.25 7.5 1.75 47.25 0 0 0 22.5 3.75 29.25 3.75 5.5 28.25 32 13 6.25 12.75 9.25 
1.75 1.25 0.5 2.25 2 13.5 3.25 1.25 1 1.5 1.75 18.75 44 1.25 4 24.5 26.75 11.5 6.5 20.5 18.5 6.25 67.75 27 12.5 14.5 6.25 3 1.5 2.25 5 32.25 2.25 2.75 1.75 3.25 3 2 26.5 1.75 4.25 17 31.5 25.5 4.5 2.75 39 11.75 12.25 9.75 13 9.75 11.75 15.25 26.5 5.5 2.25 2.5 9.5 58.5 57.5 53.5 58 9 5.5 7.5 91.5 0 0 0 0 60.75 0.75 2.25 28 4.5 8.25 8.25 3.25 2 2 3 3 2 33.75 1.25 2.75 12.5 5.75 5.25 4.5 32.75 0 25.5 0 52.25 71 49.5 0 0 2 23 9 4 4.25 11.5 31.25 35.25 2.5 3 16.5 0 0 0 59 12.25 3 1 13.5 8 14.75 7.25 13.25 21.75 8.5 
1 2.25 1.75 1.25 1.25 33.5 0.75 2 1.75 2.75 26.25 1 1.75 3 8.75 4.75 10.25 6.75 7.75 8.5 9.75 2.75 7 15.75 14.5 18.5 4.5 3.25 2.25 1 1.75 3.5 3.25 22.75 22.75 15.75 15.25 31.5 2.25 2.5 15.75 12.75 5.25 10.5 12.75 2.5 23 15.25 19 22.5 29 3.25 16 27.25 40.75 31.25 62.25 6.25 6.5 9.5 8.75 29.25 50.5 5 34.5 3.25 6 4.75 5 6 7.25 6.75 8.25 3.25 1.25 48.75 6.25 8.75 5.75 2.75 46.75 5.75 18.75 38.25 6.75 10.75 17.75 17 11.25 13.75 10 5.25 50.75 109 20 14.5 18.25 9.25 43 0.75 0 27 21.25 9.5 65.25 22.5 34.25 2.25 6 5.5 1.25 0 0 0 59.5 40.5 3.75 9.5 22 5 19 5.75 19.5 3 20.75 
1.75 2.25 2 3.5 14 1 3.25 7 2 27 16.5 3 2.75 2.5 1.5 3.75 3 39.25 4.25 40.75 6.75 16.75 41.25 38.5 3 5.25 31.75 3 2.25 2.25 2 4 8.5 1.5 2.25 32.25 2 1.5 5.5 16.5 9.75 6.75 12.5 38.5 17.25 9.25 20.25 5.5 6.75 6.5 6.5 8.25 5.5 7 22.5 6 10.25 39.75 4.75 9 10.75 54.25 16 16.25 12 13.5 8.5 7.25 10.5 8 5.75 6.25 4.5 4 4.75 5 4 0.5 4 29.75 3 8.25 16.5 14.5 8.75 5.5 4 5.5 2.75 5 4.75 11.25 3.75 6 15.5 3.5 23 27.75 17 45.25 40 29.5 25 8.25 4 5 7.75 37.5 11 4.5 1 42 0 0.25 1.25 7.25 23.5 7.5 10.5 6 4.75 12.25 8.75 18 2.25 
19.75 0.25 2.75 2.5 1.75 2.75 10.5 30.75 1.25 2.25 3.5 1.25 1.5 1.25 1.5 23.75 1 4.25 11.25 3.5 26.75 16.75 4.75 3 10 8.75 23.5 19 7.75 2.25 1.25 1.25 6 7 2 1.5 1.75 1 3.5 6.75 25 10.5 6.75 3.5 13 39.25 21 24.25 11.25 2.75 3.25 2.5 29.25 17.75 7 4.25 4.25 30.5 8.5 9.5 12.25 15.25 13 11.5 25.5 19.25 19 16 15.25 14.5 13.5 16.5 12.75 10.5 21.25 2.75 4 4.5 11 2.75 24 2 3.25 6.25 8.5 4.75 2.75 34.75 13.25 5 11.75 55.5 3.75 1 3.75 22.25 7.75 0.75 4.25 9.25 21.75 24.75 10.5 11 19.25 43.5 16.5 17 16 9.5 2.5 0 0 11 4.5 17.25 14.5 27.5 18.25 84.75 13.5 21.75 8.75 7.25 47.75 
33.5 3.75 2.5 0.5 25 1.75 2.75 2 2 3 3.75 3.5 2.5 2 3.25 2 2 11.75 6 8.25 33.25 3.25 25.25 5.75 32.75 6.5 3.75 8 11.75 5.75 1 2 28.25 6.25 30.25 3.25 1 0.5 7.75 26 9.75 15.75 35 6 24.5 6.25 25.75 7.25 51 9.75 2 1.75 22.5 1 1.5 22.75 4.5 2.25 3.25 8.25 1.25 32 5.5 7.25 9 9.5 14 13 33.5 27.75 28.75 8.5 6.75 10 18.5 42.75 11.25 13.25 13.75 11.5 6 5.25 63 2.25 7.5 11 24.75 39 13.25 7.25 7.5 7.25 2.75 3.5 5 15 9.5 5.25 4.5 4.75 5.75 8.5 6.25 4 5 12 8.5 8 8 25 4.5 32.5 1.5 6.25 16.25 40.5 9 5 24.5 29.75 17.5 5 21.75 25 40.25 
0.5 19.5 14.25 0.5 0.25 1.5 17.25 2.5 2.75 27.25 2.5 2.25 0.75 2 2.25 1.25 1 33.5 29 4 4 0.75 26.75 9.25 4 2.5 63 7.5 16.25 5 3.75 2.5 23.5 22.25 24.75 2.25 27.75 25.25 12.75 9.75 13.75 11.5 4.75 8.25 5.5 4.75 51 10.5 27.25 15.5 21.75 4.75 13 20.25 6.75 2 5.75 5.5 2.5 4 8.75 9 4.75 8.25 2.75 6.5 5 5 4.75 8.5 5.25 11.5 9.25 11 13 13.25 46.25 12.75 21.25 6.5 8.5 21.25 7.5 18.5 3.5 3.5 4 27.75 44.25 7 1.75 3 3.5 4.5 3.25 7 15 6.5 4.25 3.75 4 5.5 9 6.75 6 28 4 12.25 0.75 6.75 0 37.5 4.5 2.25 18.5 4.25 5 5.75 5 3.25 15.5 8.25 25.75 10.5 26.25 
0.75 1.75 1.5 9.75 1.5 3 1.75 1.25 4 2.5 3.75 0.5 2 30.75 1.75 2.5 1.75 3.5 22 0.75 1.75 2.25 24.25 5 44 20.5 45 3.5 36.75 5.5 16.25 4.25 2.75 2 13.75 8.75 2.5 9.25 4.5 3.5 35 6.75 7.5 18.5 12 12.5 16.75 6.25 10 28 35 30 34 15.25 14.5 11.25 4 1.5 2.75 4.75 52.25 3 3 2.75 46.25 2.5 5.25 41.75 34.25 4.25 23 24.5 2 1.75 13.5 1.75 43.5 24 8.25 9.5 9.75 28.5 19.75 18.25 24 17.75 56.25 17.25 13.5 11.25 75.25 11 15.75 8.75 6.5 12.25 23.75 9.25 3.75 1 25.5 6 4.5 16 35.5 11 6.5 20.5 2.5 43.5 0 63.5 11.5 5 21.25 4.5 15 10 4.5 57.75 2.5 6.5 13.75 13.25 8.25 
21 14.25 2.5 1.75 21.75 16 0.75 1.75 1.5 13.75 1 41.5 2.75 3.25 3.25 1.5 31.5 4.5 0.75 1.5 1.5 1.25 30.75 2.75 20.25 8.5 19.75 9 32 17.5 22.25 6.5 30.5 23.5 13.25 1 3 16.5 20.5 3.25 4 2.5 13 9.5 16 9.5 5.5 8.25 3.75 6.5 10.25 15.75 43.5 31.25 19.5 4.75 30.75 7 5.25 2.5 12 2.25 1 5.75 2 31.75 23.25 2 3.5 47.25 27.25 18.75 3.25 5.25 5 2.75 2.75 2.25 37.5 6.75 15.25 17.5 13.75 19 4.75 35 41.25 22.75 25.5 34.75 21.25 16 12 12.25 6.25 8.75 7.25 4 4.25 2.75 3.5 6.5 4.5 8 2.5 31.25 4 48.75 2.5 0 46.75 0.75 4 4.25 3.75 11 17 25 19.25 24.75 5.75 15.75 37.25 8.5 6.25 
1.5 2.75 1.5 1.5 1.25 8.25 1 2.75 1.5 24.25 2.5 19.75 3 26.5 29 7.75 2.25 0.25 41.75 22.75 1.5 2.75 7.25 1.75 2.5 9 24.5 23.5 4.75 43.5 19.75 16 11.5 5.5 0.75 23.25 12.25 23.25 4.5 12.25 3 2.25 8 45.75 27.5 6.5 8.25 4.25 31 4 39 2.5 4 3.25 8 5 5.75 41.5 1.75 2.25 4.5 4.25 1.5 2.25 1 2.5 2 3.25 4.25 14.5 4 4.75 29.5 2 36 2.25 30.75 1.25 9 11.25 3.5 2.5 39 11 10.25 15.75 62.5 1.5 4.5 8.25 6.25 6.25 16 11.5 7.5 13 16.5 20.5 14.5 16 11.75 8.5 3 1.75 2.75 4 4 2 2 3.5 1.25 2.75 35.25 20 3.25 7.5 5 13.25 10.75 21 3.5 9.25 14 21.75 3.75 
28.5 33.25 1.25 27.5 1.5 28.25 28.75 0.5 20.5 30.75 2.5 15.5 1.25 3 44.75 1.5 2 0.75 1.75 2.75 2.25 1.75 2.75 1.75 1.25 2.75 15 13 11.25 33 6.5 23.5 14.25 5.5 2.25 9.5 35.25 9.5 7.25 7.25 10.25 16 35.5 15 13.25 34 15.5 51.5 3.75 2.75 2 0.5 1.5 3.75 3.5 7.75 3.25 2.25 3.75 4.25 3.5 6.25 5 2.5 1.5 22.25 0.25 4.75 46.75 3.25 5.5 4.25 1.5 2.5 2.75 1.5 6.5 27.5 5 1 27 5 9.75 16.75 22.75 49.25 2.5 8.5 8.5 34 15.75 5.75 51.5 8.5 6.5 41 56 6.25 22.5 15.5 23.5 4.25 10.25 5.25 2.25 6 28.5 3.75 37.5 1.5 2.5 0.25 12.75 2 2.25 34.75 4 9.75 2.5 30 24.5 3 1.5 1.25 3.5 
6.25 24.5 1.25 21 11.75 3.75 1.5 2 31 3 3.25 34.75 9.5 0.25 2.5 13.25 2 1 2.25 1.75 2 3 6.5 0.75 3.75 35.25 32 13.5 6.75 6.75 10.75 8.25 25 46 4.75 34.5 1 3 12.25 23.25 5.75 25.75 15 12.25 8.25 7.5 35.5 24.25 55.5 2.75 21.5 22.5 3.75 19.25 15.5 4 10.5 19.75 5.25 6.75 3.75 19.25 3.5 2.5 4.5 23.75 3 4.75 7.75 4.75 5.5 5.75 34 2 1.75 2.5 1.75 2 4.25 13 16.5 4 3.25 2.75 7 8.75 7.75 5.75 12.5 3 3.75 6 9.5 14.25 19 5.5 5.25 12.25 8.25 13 3.5 2.75 3.75 6.25 5.75 7.75 52.75 60 24.5 8.5 1.25 0.25 4.25 1.75 16.75 13.5 15 6.75 2.5 12 37.75 2.75 1.5 3.75 1.5 
1.75 1 1.25 34.25 28.25 11 8.75 5.25 1 11.75 8.5 0.75 2.25 18.5 32.75 2.75 1.5 1.5 27 2.25 2 2.25 2.25 2 5.25 11.5 3.25 14.5 24.5 7.75 6.25 12.5 8.5 47.5 10.25 1.5 3.25 4 2.25 7.5 10 14.25 11.5 10 7 7.75 6.5 1.75 1.75 2.25 3.25 3 20.5 5 17.25 14.75 11.25 2 9 9.25 34.25 1.5 4 3.25 41 4.75 5 3.5 3.25 9 6.25 36.5 2.25 3 2 6.25 1.25 39.75 1 2 1.25 1.5 24.5 2.75 6.75 6.5 15.75 6.25 3 16 13.25 4 4.25 1.75 48 4 7.5 4.75 28.25 7.5 1.5 5.25 11.5 25.75 4 6.25 5.5 2.75 0.5 12.25 42.5 2.5 27.5 2.75 2.75 10.25 5 14.25 21.5 5.75 44.25 2 2.25 30.25 3.5 
12.25 2 2.5 5.5 6.25 9.25 6 3.25 2.5 6.25 4.5 3.25 1.75 2 2 1.25 1.5 2.25 2.25 22.75 21 2.25 29.25 26.75 27.25 30.25 26 7.5 5.5 4.5 0.75 5.5 4.5 20 6 1.5 14.75 25.5 3.75 10.75 14.75 11.5 3.25 16.75 2.25 7.75 5.25 1.5 2 2.5 31.25 21.75 60.75 4.75 2.75 3.75 2 34.75 53.25 2.5 4 12 23 1.5 5 5.75 5 14 5 18 1.75 2 23.5 2 2 1.5 14 40 38 2 38 44 2.25 1.75 2.75 3 15.75 1.5 4 7.25 38.25 9.25 6.25 4 14.75 8 6.75 5 11.75 8.75 3 7 19.25 6.5 2 4.75 1 1 1.75 0 22 2.5 4.5 3.25 1 1.25 2.25 1.75 0.75 2.75 2 2 2 23.5 3 
1.25 24 3.75 11 9.25 17.75 18 7 8.5 2.75 42.75 23.25 1.5 6 1.25 2.25 23 15 7 3 2.75 5.5 2.25 14.75 0.5 0 28.25 6.5 3.25 1.75 1 28 4 27.5 2 1.5 2.25 1.5 4 4.75 25.25 7.75 25 9.75 1 1.5 0.75 1.75 37 1.5 1.5 3 5.25 2.25 1.25 6 3.75 2.75 3.5 11.5 2.5 5.25 17 8.75 9.5 7.5 2 2 3.75 5.5 2.5 1.5 3.25 1.25 1.5 1.75 24.5 2.5 3.75 30.25 2.25 3 0.75 4.5 11.5 6 10.75 38.5 26 8.75 5.75 5.75 3.75 4.25 3.5 3.5 7.75 6.25 11.25 11.25 3.75 6.5 4.75 22.5 3 6.25 47.75 0.5 1.25 0.5 2 2.75 3.5 1.75 2 2.5 19.25 3 36 2.75 18.25 3.25 0.5 1.75 3.25 
1.25 2.75 6.25 18.5 39.5 12.75 18.75 9.75 3 3.25 2.5 3.5 1.75 1.25 1.75 15.5 2 2 1 1.75 27.25 2.25 13.25 21 29.75 15.5 6 10.25 2.75 2 35.25 1.5 2.25 35.25 2.25 2.5 3.25 1.75 1.75 2.75 3 4.75 32.25 2.75 1.5 2 15.5 10.25 1.5 1.75 27 32.5 2.5 6.75 3.25 20.75 6.25 4.25 2.75 2 4.5 1.5 13 2 3.25 2.5 4.5 3 1.5 2 1.75 16.25 1.75 1.25 50.25 1.25 1.25 10.25 2.25 2.25 2.75 15.25 4 6.5 9.75 5.5 6 3.25 2.75 2 10.25 3.5 2.75 3.25 17.25 2.25 1 24 6 2.75 2 5 4.75 4.75 3.5 5.25 0.25 0 1.25 7 45.5 1.25 3.5 2.75 2.5 2 1 2 12.25 7.75 1.75 4.5 55.75 1.75 1.25 
2.75 3.5 13.25 21 7.75 20.75 3 5.5 2.5 3 3.75 2.25 2.25 2.75 0.5 2.75 5 1.75 1 1.75 2.25 1.75 12.5 2 3.5 37.75 30.5 3.5 3.5 24.5 0.5 1.75 7.5 4.75 3.25 0.75 1.5 2.5 3.25 3 2.75 3.25 5.5 20.25 2.25 3.75 3.25 1.25 1.75 0.75 1.5 2.75 2.25 50.5 1.5 7.75 12 5.5 1.75 0.75 17.5 35.75 2.75 43.75 3 1.75 1.25 4.25 3.5 3.5 12 24.25 2.25 2 1.25 22.5 1.75 4.5 1.25 2.75 2.75 5.75 5.75 49.75 10 3.25 3.25 2.25 5.75 10.75 1.25 4 4.25 1.75 3 5 9.25 29.75 1.25 8 4.75 3.75 0.75 5.75 0.75 4.75 0.25 0 47 0 0 3 4.25 2 4.25 7.75 13.25 20.25 22.75 16.5 13.75 21.75 11.75 12 1.75 
2 18 9 17.25 12 11.5 8.75 3.25 6.75 7.75 4 1.25 1.5 5.75 2 2 40.25 1.25 1.75 16.25 1.25 2.25 2.25 25.75 2.25 0.75 2.25 1.5 16 1.5 1.25 1.25 34 43.5 16.75 2.5 3.5 3.25 25 2 3.5 7.25 7.75 2.5 3.75 1.75 7.75 14.25 4 2.5 1 2 3 2.25 1.75 3 5.25 3.75 5.25 3 3 3.75 1.25 3 4.25 1.75 5.5 4 3 2.5 3.5 16.5 19.25 17.25 14 2.5 3.5 1.5 6 12.5 7 48.5 18 24.25 10.5 15.5 7.75 10.5 13 5.75 7.25 16.25 2.25 2 3 4.75 5 5.5 7 3 13 6.5 10 6.75 4 52.25 4.25 15.5 1 114.25 0 2.25 19.5 2.5 1.75 43 8.75 5.5 28.5 9 54.5 49.25 19.75 16.5 20.5 
13.5 5.75 4.75 24.75 67 13 5.75 34.75 19.75 2.75 7.5 9 4 1 2.5 1.75 43.75 2.75 3 35.75 1.75 1 1 2 3 17.75 1.75 3.25 12.75 0.75 7.25 12 7.25 2.75 3.25 6.5 1 2 5 3.25 3.25 3.75 28.25 2.5 1 38.5 2.25 2.25 2.25 3 3.75 1.75 2.75 5 5.25 1.75 3 6.75 3.75 2.5 16 4 2.75 3.75 3 5.25 5 52 3.5 18.75 8.75 14.25 13.25 1.25 6 10 11.5 18 3.75 18 15 15.25 16.75 1.25 12.5 17.25 6.75 9.25 19 4.25 14.5 40 48.5 32.75 11 57 35.75 17.25 15.5 6.5 5.5 2.75 2.25 2.25 25 5 7 5 46.5 0 0.5 5.75 4.25 2.75 2.75 6.5 17.5 18.25 5.5 3.25 3.75 6 8 18.25 9.25 
0.25 1 1.5 6.75 6.25 3.25 8 4.5 4.25 5.75 8 11.5 5.75 26.25 2 1.75 2 3 2.5 3.75 2.25 2.75 2.25 3.25 1.25 1.75 1.75 1.5 2.5 5.5 7.5 7.75 27.5 15 7.25 32.25 2 1.25 29.5 2.75 2.25 3.5 5 3.75 48.5 40.75 2 27.25 1.75 26.75 2 1.25 2.25 30 1.75 5.5 1.5 2.5 1.25 2.75 7.75 23.5 29.75 4.75 47.5 4.25 6.75 4 7 5.75 52.75 1.5 3 5.25 31.25 21.75 15.75 2.25 24.25 4 18.5 1.75 3.5 2 12.25 15.5 15 4.25 3.25 16.75 21.5 12.5 6.25 34 7 27 26.5 78 23.25 47.25 8.25 5.5 28.5 19.75 4 80.25 28.25 24 20 15.75 8.25 38.25 7 7.75 3.75 4.5 6.5 15.5 97.75 54.75 23.25 21.5 40.5 12.5 13.75 
26.25 2 4.75 2.75 3.25 4.5 2 11.75 15.25 13 12.5 14.5 4.75 2.5 2.75 21.75 3.75 3 19 7.5 4.25 1.25 20.25 1.5 1.5 1.5 43.75 8.5 2.75 2 1.25 1.75 4.25 46.75 3.75 5.75 6.75 1.5 15 2.75 1.5 2.5 7.5 3.75 6.5 23.75 1.25 0.5 1.5 4.25 2.25 2.75 2.5 1.5 0.5 2 1.25 1.25 25.5 1.75 5.75 3.75 7.75 16.5 4.25 34.25 24.75 0.5 2 5.75 2.75 2 4.75 7.5 3.25 21 6 4.25 4.75 12.5 17.5 6.5 6.25 20.25 15 17 6.25 2.75 3.75 9.75 19.75 8.5 5 2.5 3 30 16.75 12.5 7 14.5 5.25 5.5 5.75 2.5 18 1.75 5 7.75 28 20 20.5 19.75 9.25 2.5 33.5 14 24.5 46.25 27.75 4.75 7 15 6.25 40.75 5.75 
5.75 39.25 2.25 26.25 12 16.25 14.75 11.75 4.25 2.25 10.25 4 4.75 10.75 10.25 14.5 2.25 3.5 5.25 2.25 4.25 3 0.5 2 1.5 2.5 1.5 5.5 20.25 2.75 2.25 1.75 28.25 10 3 1 2.25 21.25 0.75 3.25 2.25 34 3.25 2.25 1.5 1 34.75 0.75 1.25 6.25 13.25 2 2.5 0.75 5 2.5 1.75 1.5 0.75 2 51 7.5 25.5 17 11.25 34.5 1.5 2.5 1.25 3.25 11.5 22 3.25 3.75 2.5 12.5 20.75 1.75 1.75 3 1.5 3.5 3.75 0 6.5 33.5 3.25 5.5 12.75 17.25 20 18.75 4.75 1.5 1.5 17 15.5 5.75 35.75 43.25 10.5 23.75 29 4.75 2.25 1.5 17.25 2.75 2.75 5 16.25 18.5 2.5 34 7.25 10 16 10.75 45.75 10.25 15.25 2.5 5.25 2.25 13.5 
3.25 3.25 2.25 6.75 39.5 32.75 31.25 19.75 12 3 2.5 39.5 16.25 26.75 22 23.5 14 10.75 7 40.75 40.75 1.5 4 3.25 1.5 1.5 1.5 2.25 2 1.5 1.25 1.25 3.5 1.75 4.5 1.75 2.5 2.25 1.5 1.25 3 2.75 2.75 2 1.25 3.25 1.5 1.5 7 2.25 21.5 1.75 0.75 1.5 26.25 1.75 0.5 1.5 32 2 3 2.5 3.25 5.5 2.75 1.25 4 1 5 1.75 2.75 7 1.25 2.25 19.75 3.25 13.5 21.75 1.5 37.5 9.25 9.75 3.5 24.75 8.75 5.75 12 5.75 4 5.5 6 34.75 1.5 6.75 11.75 16.5 23.75 11.25 1.75 4.5 14 12 15.25 18.5 4.5 3.5 3.75 2.75 6.75 11.75 14.5 10.5 13.5 4.25 4.5 7.75 7.5 9.25 6.75 9.25 9.5 8.75 30.75 6 4.75 
2.5 1.75 1.75 21 3 3.75 5 4.75 3.75 2.5 5.5 7.5 6.5 7.75 17 30.5 15.5 48 11 13.5 4.5 36 12.75 27.25 13.25 8.25 5 3.75 2 8.5 3.5 4.5 8.5 12 2 0.75 1 27.75 2 2 19.75 5 20.75 1.75 2.75 1.5 31.25 2 2 1.5 2.75 2 0.75 2.5 1.5 1.75 23 1.75 3.5 0.75 18 3 2.5 25.25 2.5 5.75 0.75 19.25 3 2.5 2.25 3.25 5.5 16.25 3 20.5 6.25 2 4 54.5 4 4.5 2.25 2.25 5.5 13.25 3.25 2.75 1.75 5.25 3 5 4 8.25 3.25 4.75 35 1.75 6 11 6.5 6 4.5 5.75 8.25 5.5 1.75 10 7.75 3.5 8 9 8 12.75 15 21.5 12.5 15 20 23.5 27.75 13 15 18.75 18.75 
2.75 2 2.25 1.25 2.75 2.5 2 0.75 4.25 3 2.75 3.25 4 16.75 4.75 6.75 8 7.75 23.5 7.5 7.25 12.25 8.5 13.25 13 3.75 5 4.5 24.75 12 7.25 30.5 31.5 16.5 2.5 2.5 4.25 2.75 18 8 2.75 5.25 41.5 10.25 1.25 14.5 2.5 46.25 1.25 18.5 30 2.25 1.25 16.25 3 2.75 14.75 0.75 2 17.75 29.25 46 22.5 13 3 4.25 4.25 15 2.75 0.75 2.75 2.5 10 24.5 18.5 25.5 4.5 23.5 1.75 2.5 6.25 3 6.75 13.5 2.25 3.25 35 2.75 13.75 2 7.5 7 5.5 44.25 3.25 2.75 13 23 30.5 8.5 7 5.75 9.75 2 35.75 1.25 5.75 8 28 30.75 2.25 17.25 3.5 1 1.75 7 5.5 6.75 3.75 6.25 9 7.25 7.75 2.75 2.75 
28.5 0.5 2.75 1.75 1.5 9.5 3 3.5 3.75 17.5 19.75 2.5 14 15 2 2 7 23.5 2.75 2 3.25 3.25 2.5 5.75 7 29 7.5 6.5 5.25 7.5 9.5 9.25 10.75 6.5 19.5 4.75 1.5 0.5 2.5 22.25 24 4.75 25 2 1 0.75 48.75 1 1.75 1 3 9.25 3.75 35.75 25.75 4.25 29.25 38.25 38.5 4.75 0.75 39.25 3.25 3.25 2 4.75 9.25 30.75 1.5 2 0.75 1.25 6.75 3.75 48 11.25 5 19.75 3.75 1.5 8.25 8 2.5 13.25 2.75 2.25 2.75 2 3.25 2.75 22.5 2 23.75 2 3.5 4 12 4.25 8.75 19.25 15 47 3.5 39 2 6 55 3.5 0.75 4 2.25 2.75 3.25 1.5 4.25 11.75 10.25 9.75 9.25 20 25.75 43.5 48.75 33 24 
1.25 2.5 1.25 2.5 2.75 2.5 2 2.5 4.25 11.25 3.5 16.25 15 2.25 16.25 2.5 2.75 3.5 1.25 21 0.5 2.5 3 15.5 2.5 3.25 6 10.75 10 6.25 14.25 5.25 6.25 20.25 7.75 3.25 10.5 3 5 13.75 10.5 8.75 4.25 0.5 8.25 1.75 2 1.75 0.5 0.75 22.75 1 2 1.5 1.5 9.75 8 3.25 3.25 1.5 9.5 1.75 17 1.75 3 8.75 4 2.5 4 3.25 3.25 2 29 31.75 14 14.25 4.25 10 21.5 6.25 4.5 52 8 4.75 3.75 33.5 28.5 3.75 22 45.25 24.75 34.75 3.5 29.5 4 20.25 3.25 2 4.75 15.75 12.75 14.75 3 8.5 23 4 1 1.75 0.75 2.25 2.5 0.75 2.5 10.5 15 8 23 24.75 22.25 56.25 3 9.75 29.25 23.5 22.5 
1.5 2 1.75 20 1.75 31.25 2 1.5 1.5 9.75 2.75 2.75 2.75 4.25 25.75 14.5 5.75 11.25 19.75 48 15.25 5 7 7.5 6.75 13 9 7.5 1.25 14.5 1.75 3.75 17.75 33.5 2.25 20.5 6.75 33.25 5 18 7 6 7.25 2.5 3.25 1.5 2.25 2.25 0.75 1.25 2.5 1.25 0.25 1.75 1 4.75 9 3 2.75 1 1.25 1.5 0.75 50.5 10 1.5 1 2.25 2.5 31.25 58.75 7 40.25 11.25 29.25 5.25 13 12.25 30.5 56.25 13.25 16 14 9.5 7.75 6.5 2.75 1.5 2 1.75 6 5.25 1 2.75 1 1.25 5.75 35.75 6.25 27.25 13.25 6.5 1.75 1.75 1.75 19.25 2.5 2.5 0.5 10.25 4 44.5 0.75 2.25 1.25 1.25 18.25 3.75 0.75 1.25 12.25 13.75 13.5 9.75 7.25 
2.25 3.25 2 2.75 1.25 1.25 25.25 0.75 27.75 5.25 1.25 1.25 1.5 29.75 31.25 2.75 2.25 17.75 2.5 32.5 4.75 6.75 10.25 9.75 9.25 5.75 10.75 13.75 36.5 11.5 4.75 3.5 2.5 34.5 11.75 3.75 5.5 6.5 9.5 5.5 2 3 1.75 18.75 7 5.25 15 2.25 0.75 2.75 2.25 2 1.5 4.5 2.25 2 19.25 2.5 31.25 1 1.5 2.25 1.25 3.25 12.75 1.25 2.25 0.75 5.5 77 9 27.75 61.5 4.75 8.5 42.5 11 6.75 4.25 7.75 13.5 56 56.75 19.5 22.5 54.5 11.25 14 19 7.75 6.5 6 2.5 3 5.5 5.75 7.75 6.5 4 7.25 10.25 5.75 1 2.5 2.5 3.75 1.75 58.5 0.75 3 4.25 4.5 21.5 6 2.75 2.5 2 1.75 1 1.5 12.25 13 11 12.75 12 
23.75 3 1.5 2.5 1.5 1 3.5 1.75 2.25 25 1.5 1 4 2.5 2.25 2.25 35 2 2 2.25 1.5 3 37.5 2.75 4.25 19 4.5 3 20.5 12 10 9.75 6.25 15.75 17 34.25 29.75 41.25 3.5 1 27.25 1.5 49.75 7.5 3 3.75 0.75 3 2.25 1.5 2.25 3 2.5 1.75 6.25 4.25 3.75 23.75 2.25 3 1.25 4.5 27.75 1.25 21 84.5 0.5 2.25 2.5 1 2 15.5 10.25 3.5 1 2.25 7.5 3.25 9.25 13 4.25 9.5 10.5 11.75 12 2.5 7 6.25 11.75 9.25 8 7.5 66.5 19.75 33.75 16 8.5 10.25 15.5 10 9.5 4.25 36 3.75 2.25 4.75 39 1.75 2.75 2.5 2.75 1.75 25.75 8 0.75 2.5 0.75 1.5 4 1.25 1 29.25 6.5 38.5 3.75 
8 2.75 4.25 21.25 2 2.5 13.75 3.25 2.75 51.25 1.5 2.25 24.5 1.25 16.75 4 3.75 3.5 5.5 34.5 2.25 3.25 16.5 3.5 1.25 3 1.75 2.25 6.75 37.5 2.25 2.5 2.75 2.5 3 5 2.75 3.5 2.75 9.5 1 1 31 15.5 22.25 3.25 3.75 6.5 0.5 2 38.5 4.25 2.75 2.5 2.25 3 2.25 1.5 0.75 1.5 30.75 2.25 1.75 29 1.75 22.5 15.25 3.5 2.75 1.25 4 9.25 6 3.25 2 1.25 31.25 2 6 2.5 5.5 2.5 4 7.25 20.5 4.75 9.25 3.5 42.75 8.5 5.5 7 5 64.5 4.25 2.5 34.75 22 9 19.75 17.25 9.25 5.5 2.75 5.5 13.5 30.25 31 2 11.75 14 0.5 1.5 1.5 2.5 1.5 1.25 39 0.5 2 1.75 22.25 12.25 25.5 1.75 
29 2 12.25 12.5 11.25 2.75 22.25 2.75 13 2.75 1.5 1.25 1.75 2.75 1.5 34.5 20.5 4.75 2.25 4.25 2.75 3 4.75 5 4.75 9.5 2.5 3.75 34.5 32 4.5 3 2.75 3.25 9 3.5 3.25 1.75 1.75 2.5 2.5 29.25 2.75 1 3 25.75 27.5 28 2.5 22.75 2 2.5 5 3 2 2.25 1.75 3 0.5 13.25 1 3.25 2.25 1 0.75 1.5 8 3.75 3.75 5.25 11.5 5.5 18.5 8.5 2.25 0.75 11 35.5 11.5 17.5 1.5 2.5 1.75 25.5 2 3.75 5 3.25 4 5.5 47.75 6.5 7.25 13.75 11 60.5 8.25 33.25 11 17.75 17.75 14.75 54 2.25 5.25 2.25 43.25 1 1.75 1.5 1.25 51.75 29.25 1.5 2.75 1.75 17.25 4.75 21.5 48.5 2.5 2 41.25 3.25 3.25 
17 1.5 28 1.75 9.75 27 11.5 12 6.25 10.5 1.75 1.75 2.5 3.5 2 8.75 9 5.5 3.75 4.5 4.5 3 0.75 25.25 11.5 10.75 28.5 19 17.75 4 8.75 6.25 19.75 5 37.5 20.25 3 25 10.25 25.5 3.75 30.5 3.75 1.5 13.5 2.5 4.25 6.75 1.5 29 0.75 51.75 1 2.5 2.25 29.5 1 2.5 2.5 1.75 6.25 3.75 2.5 17.75 1.5 4.75 3 4 3.5 1.5 11 12.25 20.5 39 22.25 11 17 7.75 22.25 7 2 1.25 10.5 20 5 21.75 44 62.75 23.75 5.75 34.75 7.75 6.75 1.75 1 14.75 7.25 7 50.5 11.25 12.75 26.5 21.25 1.75 2.5 3.25 1.25 10.5 2.75 6.75 1.25 1 1.75 37 3 2 1 2.5 1.5 2.25 3.75 4.75 6.75 2.25 15.5 
10.25 2.25 0.5 2.25 43.5 23.25 15.25 14.75 17.75 23.5 17 37.75 20.25 29.5 29.75 20.75 15 13.5 19 14.5 12.25 32 13 2.75 4.75 2 5.25 11.75 37 20.25 24 18.5 17 14.75 5.25 5.25 23.75 10.5 2.75 4.5 30.5 3.25 3 3.75 3.25 3 8.25 3.5 2.5 4.25 3.75 30.75 23.5 4.5 35.25 3.5 2.5 2.25 20 2.5 13 3.25 3 1.25 2.5 0.5 4 1 2.5 1.5 0.25 1.5 14.25 41.75 4.5 3.5 20 36 10.5 29.5 6.5 3.5 2.5 2.75 3.5 13.75 6.75 7 72.75 23 46.25 28.75 4 3.25 2 1.5 4.75 10 7.75 20.25 3.5 4.5 13 2.5 7.75 4.5 1.25 0.5 3.5 17.5 1.25 0.75 3 6.75 10 1.25 12.5 1.25 0.5 1.75 2.5 3.5 3.5 3.25 23.5 
2.75 13.75 0.25 2.5 10.75 1 1.5 5.25 10.5 12.5 5.5 52 23.5 31.75 38.75 32.75 33 32 38.75 18.5 14.25 22.75 12.5 7.25 35.25 3.5 7.75 9 8 3.5 11.25 16 15.75 40.75 11.5 11.5 46.5 15.5 4.5 1.5 17 2 2.25 3 1.5 19.75 4.25 1.75 27 4.25 5.25 3 18.5 22.25 3.75 1.75 3.75 24.5 2 1 3 2.5 1.5 1.75 2.25 2.5 2 1.75 34.75 42.25 2.5 1.75 1 1.5 14.75 2 3 2.75 16.25 54.75 4.75 0.5 1.5 4.25 8.75 33.25 43 32.25 22.25 13 25.5 22 0.75 3.75 4 2.25 2.5 2.5 1.75 0.75 2.75 4 0.25 31 19 2.75 1.25 2.5 6.25 3.5 3 1.25 14.5 2.25 0.75 5.5 20.5 56 1.25 2.75 1.25 3 13.25 1.25 18.5 
20.75 1 0.75 22.25 10.5 34.5 3.5 22.5 5 15.5 6 4.5 2.5 5.5 6 58 19.5 30.5 22 20.25 18.5 83.25 46.75 23 14.25 4.25 8.25 12.75 8 5.5 6.5 2 5 5.5 6 7 29.75 13.75 4 3 5 10.5 24 2.5 3.25 1.25 3.5 30.5 31 3 3 5 3 1.75 1 3 25.75 3.5 3 3.25 3 27 1.75 12.5 1 38.5 38 2.5 60.25 0.25 28.75 3 2.25 12 17.25 12 2 2 1.5 2.25 3 2.75 1.75 2.5 16 3.5 4.25 7.5 41 14.5 8 11 2.5 1.75 2.5 8.75 30.75 3 4.75 1.5 1.5 0.5 2.25 3 1.75 7 7.75 1.5 12.75 10.5 4.25 9.75 4.25 1 0.5 1.25 12 1 0.75 1.75 16.75 3 1.75 76.5 5.75 
