-6 -5 -8 -1 -5 2 10 9 1 4 -23 4 -8 -9 19 -16 4 -30 -23 -4 -14 -11 -7 -25 -25 -2 38 11 5 18 24 26 28 27 27 6 33 3 -54 47 -60 36 7 -13 -42 -6 35 0 9 7 10 -23 5 -30 -21 -10 -14 14 102 51 -37 87 35 -14 15 -29 2 3 -19 8 -14 9 -31 29 -4 34 15 34 5 6 10 4 1 1 -7 -8 -5 86 -32 31 6 9 -25 47 0 4 1 -2 -1 -1 3 1 -3 -15 18 24 30 26 -7 -12 52 -40 -4 49 4 25 -16 -16 -4 62 -5 21 12 -11 -9 
16 -24 -12 10 -28 18 -40 -18 25 3 -14 21 -14 -64 7 15 -8 1 9 14 -23 -46 -12 -8 -9 14 9 17 -26 -20 -15 -30 -37 -26 -32 -42 -46 -33 -1 11 34 15 26 4 -39 9 57 8 7 0 1 -9 -8 19 46 -25 0 8 107 0 0 34 -28 -5 -32 19 -18 16 8 18 15 33 25 10 6 11 -9 38 11 32 -34 -1 5 -7 20 6 -2 -29 -30 -14 3 10 -5 -32 -2 29 -17 6 3 -1 -1 -5 -29 -29 22 4 6 32 -39 -16 36 -12 20 20 -12 -6 -7 -3 -8 7 -29 -44 17 -4 -2 
14 -6 -21 37 35 5 -40 2 -23 -36 -16 -41 -8 -11 2 -46 -5 16 -19 13 -14 -14 7 -29 -18 -25 -21 -52 -33 -54 -65 3 -11 -25 -45 -23 -16 -42 -18 12 -24 53 0 2 -23 -13 30 -26 -78 -34 -39 -23 19 45 -8 -61 1 62 55 28 -50 44 23 6 21 36 52 25 15 15 24 -11 11 0 10 -6 -19 -2 7 6 -10 0 30 7 -2 -12 -44 -2 -56 -19 39 22 -1 -2 -1 6 -9 6 4 -2 -5 20 -7 -17 15 -4 -55 -31 -21 -38 19 18 4 28 11 34 4 21 -59 8 -68 -7 27 0 0 
-23 -36 -13 -22 -17 19 22 32 24 17 41 20 18 -6 -33 -1 5 5 23 -8 -25 -15 -6 31 -11 -8 1 13 -3 -21 2 -36 -12 -1 2 -1 13 19 -27 17 -1 37 17 0 -32 -1 6 30 31 18 5 21 43 29 -8 -56 -6 122 104 16 -10 55 0 -3 -2 22 4 -43 23 14 20 4 30 22 6 -21 -13 -13 1 -4 0 12 -8 -39 -13 -34 -22 -39 14 13 -24 23 3 46 -1 -43 11 2 5 2 1 4 -15 2 7 -6 -8 -25 -55 6 6 0 4 -19 23 15 21 12 -65 28 29 -8 1 -18 -17 
9 24 38 25 25 -6 -8 -7 2 -13 -41 10 -7 3 -6 8 27 20 -23 -3 13 -7 6 4 -6 20 11 -17 -4 13 -3 -2 -16 2 -25 8 -40 -44 -38 2 17 63 7 4 -43 17 -1 8 54 15 35 60 5 5 -8 1 -9 7 122 5 -76 30 0 -83 -22 -32 6 22 70 1 2 9 24 -5 -23 -1 -9 -24 -10 -43 -10 -41 13 -25 34 -1 4 0 70 -26 -33 8 -1 -2 -2 -17 19 -49 3 4 0 -19 -40 1 10 -22 -18 -4 11 24 5 26 68 38 37 -31 -74 -8 -10 -2 -4 -16 -9 20 23 
57 16 -5 13 23 -2 26 3 29 -24 -69 -30 -26 15 29 7 5 14 17 -25 25 28 29 32 27 3 29 2 -10 13 25 29 16 6 4 15 23 20 20 41 24 32 14 -35 -30 18 -19 -10 -1 -16 -20 -1 -15 -29 1 -31 -16 10 36 -161 -43 -21 28 30 73 -1 7 -51 6 -9 -19 -13 -12 -55 -15 -31 -6 -19 27 -15 6 -8 35 0 14 -24 -30 -3 -14 -65 25 6 4 22 -4 49 18 1 -14 -45 -17 42 0 -4 -6 8 -1 -20 -3 16 46 0 13 -58 -6 -13 -28 -1 23 11 -21 42 45 5 -5 
11 4 -1 10 5 5 41 17 24 21 60 38 25 -2 21 -54 20 17 -7 -24 22 -7 30 10 -36 -7 -16 2 28 59 28 32 46 41 6 42 2 -20 -11 38 33 18 36 -4 -18 14 -18 44 5 33 5 -10 -30 -7 13 -16 -20 9 36 44 36 53 8 -73 50 -48 13 -32 1 -26 10 -6 24 -36 4 28 -34 15 54 -15 -28 15 3 10 -27 -13 -31 1 -57 -49 -10 9 21 5 14 22 13 4 3 -37 1 -5 -24 3 -9 10 -22 -5 18 49 11 -13 -1 -13 -24 -4 13 15 44 54 50 0 -15 53 -21 
0 -26 -3 13 13 2 -27 -4 -41 3 -9 2 9 2 12 15 16 47 -9 -1 -27 -11 -17 -5 28 41 35 21 14 17 11 8 23 22 21 8 4 76 72 38 20 6 -5 -21 -11 6 14 11 31 14 4 16 9 3 22 -2 -3 -33 2 68 53 -7 14 -16 31 -38 9 4 25 7 8 14 70 18 -45 10 -12 42 0 -6 -22 4 -32 21 -35 35 -29 49 42 30 15 27 3 4 3 2 2 -1 5 43 -17 -14 -30 2 4 14 1 14 29 21 11 -18 -38 -14 12 16 63 4 1 -24 16 33 34 -7 -1 
-3 -42 1 5 -4 5 -22 41 -6 0 1 10 17 13 -2 -42 -10 30 74 -20 -7 39 14 19 -25 9 8 11 4 -12 -21 9 6 1 8 0 2 -7 1 -2 -7 -9 -10 10 1 11 29 8 5 6 -52 -16 -13 -14 -29 -37 -11 -88 -52 20 -38 -14 31 31 2 14 26 -9 -15 19 -7 -13 -10 -18 1 8 -26 -6 -36 19 -4 36 4 58 11 42 -6 51 -23 11 -21 1 1 6 0 9 9 -11 15 -13 2 -4 -16 -6 23 -1 -15 29 -2 16 -13 45 -20 27 -2 -9 21 -6 50 -3 81 -53 26 -3 -1 
-40 5 -29 0 -5 -47 0 -4 8 -9 0 8 -1 -2 -12 -11 25 2 34 -95 -3 1 -8 26 22 45 -61 -27 -29 -19 -3 -22 -47 -27 -14 -27 -27 -21 -11 -27 -18 0 -5 19 7 13 8 -5 -1 12 15 11 33 37 8 -28 40 -66 4 26 5 15 -12 3 3 45 0 -14 37 -33 -22 -14 -29 -39 -2 15 17 26 48 43 2 -15 1 -58 5 -22 -21 -49 -124 -98 -46 -8 -19 11 4 -16 -10 -22 5 6 -11 -30 12 22 29 25 -7 -22 3 96 -6 8 -21 25 -50 -28 56 6 5 -21 -66 10 3 -29 -7 
-1 1 1 -1 0 1 0 5 7 2 1 29 1 13 -3 -1 -8 -13 38 -2 -17 1 0 -45 15 -2 -16 -26 -1 -1 -29 -54 -12 -28 -45 -38 -40 15 -10 -19 -33 44 4 -6 10 0 -2 -1 0 5 7 3 -4 -2 -4 -7 2 -41 9 194 35 23 15 -5 -3 -11 -32 -20 -12 5 -3 5 20 16 20 17 4 -3 -12 3 -28 -18 48 0 -73 -88 -31 -15 -13 -33 -4 -14 -7 26 -19 -21 8 -37 -3 22 9 -11 62 43 10 -24 -1 1 6 -2 -14 117 -9 27 -7 -37 -29 -2 0 -36 -47 -27 -5 4 -32 
5 -30 11 3 16 28 3 4 2 -2 -1 4 0 -25 0 8 0 30 -5 16 -37 -6 39 -5 48 -3 2 -54 34 49 8 -59 6 17 -14 -2 -44 68 -7 -27 -4 34 -4 7 7 -23 -24 -3 7 2 -9 -6 -7 -21 -16 -2 -33 -9 3 117 -39 -30 -119 15 -5 17 12 2 3 10 11 6 9 -12 -8 -7 -22 -37 -57 -72 -88 -44 -17 -10 -10 -23 -7 9 3 -18 4 37 0 31 1 4 43 -16 9 31 -1 37 26 -36 -9 -6 1 17 1 0 -8 22 -31 -7 -8 25 7 -1 7 13 38 -42 1 -35 -65 
-28 1 -6 6 5 3 4 -33 7 5 11 -3 -4 -7 -1 0 6 -4 -2 -17 5 -26 2 -8 -43 -15 -32 -34 33 11 -4 -26 0 21 -8 12 -19 33 -12 9 23 41 -15 -2 0 36 -22 -24 -14 -13 -14 -49 -14 -31 -41 27 -15 -5 3 12 40 67 11 29 21 5 7 3 -4 -2 -11 -19 -38 -74 -68 -58 -42 -26 -17 -14 -7 -22 33 4 -1 19 60 20 9 1 0 3 -6 -8 -8 14 23 17 31 19 -17 30 57 -20 -2 38 -14 9 33 -38 51 36 -25 -35 14 -2 4 47 47 9 -9 -16 12 -10 3 
-8 0 8 4 37 -9 6 10 33 0 7 3 -2 5 5 0 0 -14 -17 -3 2 -17 -3 -14 -11 32 -10 22 -17 -38 -27 -45 -18 -18 -10 -9 -21 18 -18 -15 3 7 5 18 -15 -60 -84 -41 -27 -64 -64 -38 -13 -59 -24 -24 -8 -5 -43 6 25 46 -2 3 4 -7 -17 -47 -65 -93 -89 -81 -4 1 -16 -1 2 6 -1 22 2 10 16 -2 19 7 4 1 14 -2 -5 1 -27 12 30 -2 -37 -12 -3 -21 14 -7 -83 -27 -9 -7 -15 -11 3 -36 14 -23 1 37 -17 26 11 -51 -36 -6 -24 -44 21 -3 -3 
-19 0 1 -11 -11 -1 -2 -2 -45 7 4 1 10 -21 7 9 22 4 10 -18 35 24 29 6 9 33 28 -5 28 33 31 23 20 22 23 22 14 15 39 39 9 14 37 -1 -42 -6 10 0 -3 -9 -46 3 9 -56 -11 14 5 69 -14 44 107 -17 -58 -103 -82 -64 -39 -19 -3 21 9 2 -20 -7 8 9 6 -4 -19 -10 5 -21 -3 -1 -4 -1 -18 -3 12 12 6 37 8 5 -6 -7 -24 -27 -7 7 -45 -4 -19 -27 5 -4 -15 6 5 -5 20 3 9 -15 16 -23 -30 -2 -1 -56 -42 53 -26 -20 35 
-5 -3 -4 45 -1 -2 4 -7 -55 -17 -16 -21 -4 0 57 7 4 5 40 0 7 -2 10 8 -1 -15 3 4 0 -3 20 -2 -9 -15 -7 -11 -8 -6 -37 2 8 -11 -73 -63 3 -27 2 2 -8 8 -26 -7 10 -13 21 -20 7 21 2 90 30 -11 -57 -21 -4 -46 -10 -13 10 -2 49 -18 -9 -3 -27 23 -34 15 -33 16 -12 -8 1 15 23 21 16 -1 6 12 12 -3 -10 24 -6 43 2 30 19 1 -11 14 -12 21 23 45 19 3 -24 -15 63 -95 -19 19 52 3 26 -9 40 6 17 -56 7 2 20 
-7 -10 -4 -3 0 1 -10 -52 39 8 15 33 -70 51 0 -10 -9 -16 -12 -6 4 6 4 -9 -12 -30 -42 -32 -1 -10 -22 8 -5 32 -13 14 17 -37 -7 -26 -14 -16 9 -19 0 34 22 32 15 17 -1 17 -3 8 31 -11 24 -37 -48 -14 -36 -14 -4 -1 16 11 21 8 17 6 12 -3 19 -17 18 10 3 10 4 21 21 8 17 4 18 21 18 1 3 4 -26 3 8 -23 -23 23 -46 -3 -16 -5 3 -12 -39 -10 -14 -42 26 -57 2 100 -71 -33 16 1 -20 -51 24 19 -7 7 -5 -12 33 3 25 
-5 2 -1 -1 -12 -11 -52 -26 -8 -9 -11 -26 22 -22 -22 -31 -18 -41 -49 -7 -4 7 -3 -35 -14 -50 -13 -16 -11 8 5 -8 -14 -20 3 -14 -12 -1 -16 -10 -3 6 -6 -14 4 5 17 -19 -11 -12 -7 -2 -12 -1 -15 -67 27 -33 -3 -22 7 1 11 8 13 -45 -20 -9 -4 -11 3 18 3 -13 3 11 14 -9 -29 27 19 8 0 -30 10 20 14 0 12 3 -1 -1 1 -7 -2 -1 1 -8 4 12 37 -20 -12 -4 35 31 -5 -36 -1 11 -27 1 11 3 -5 33 29 43 14 -22 4 1 4 7 11 
-5 -8 -7 -11 -3 -5 -41 -57 -6 -6 -22 -24 36 -15 -30 -34 -28 -19 5 42 -48 -40 -41 -13 -4 -63 -5 -15 -18 16 -18 -9 -14 -14 -18 -15 -17 -10 -8 -2 -1 -3 -1 3 -2 -5 -8 -2 -5 -44 1 -7 -23 -8 -13 -15 -4 -2 7 -15 -7 15 14 -12 5 8 9 -4 4 -11 12 22 15 23 35 -23 -12 -54 0 33 27 5 4 -13 20 -25 -12 -11 -8 13 8 8 -1 -2 1 4 -21 -12 1 51 -88 -38 23 6 -25 56 1 -9 -8 1 5 12 5 9 10 8 11 13 2 2 -2 -5 -17 -10 9 
-12 -13 -51 -5 2 -11 -11 -5 -20 -66 -26 -19 5 -19 3 -4 -6 -9 -6 19 -5 -24 -18 -16 -37 2 -11 -5 3 -4 15 10 -16 18 7 -29 -5 5 -36 17 -5 -2 -6 -3 -20 2 -27 8 -17 0 9 -9 -34 -32 -16 -13 18 -14 4 -9 19 -22 -4 -6 0 20 17 4 7 -38 -23 25 -4 -16 24 -8 -27 -34 3 50 7 2 12 -10 24 -6 10 0 0 2 -21 66 -7 -3 -4 -20 -33 0 37 -2 -3 -3 3 -7 -4 4 32 64 73 77 -24 -37 -13 -24 2 6 -12 -10 17 16 -5 16 -10 19 -18 
-24 -25 2 -14 -10 -43 -22 -9 -41 -26 -11 -27 -48 -33 2 -99 -52 -27 -16 -15 6 -26 19 4 -25 -62 0 -2 -21 -2 46 1 -16 -22 -1 -84 44 12 2 23 19 20 24 16 36 -5 28 47 -5 22 10 5 9 7 5 25 7 2 17 -26 16 3 19 49 20 23 -1 -17 -12 -37 -1 36 13 1 5 -2 4 -46 -1 53 -33 -29 -21 3 12 -10 -12 -15 -14 10 23 19 1 6 4 -4 -7 -5 -6 -5 3 -14 5 -4 -5 -33 63 -48 -71 -36 -27 7 -47 3 11 1 4 68 -22 9 6 44 -8 14 17 
-42 -58 -31 4 -10 -17 -10 -42 -40 -23 -25 -19 -1 -11 -14 -26 -2 13 29 -5 -7 -37 -35 -21 -32 -4 41 0 24 41 64 -2 75 50 53 73 69 45 57 63 60 84 92 47 59 46 50 9 -27 -21 3 -1 5 -5 -3 -12 -5 -24 58 -21 0 -2 -9 -4 30 9 17 -17 -35 -31 -56 27 48 6 -7 -2 17 -58 -2 53 -12 -1 13 9 28 24 0 9 -32 -10 2 1 0 -25 7 -3 -31 30 -1 -31 -2 -2 31 23 23 -49 -3 -4 4 22 -10 -4 -36 15 7 2 37 5 6 41 -29 -10 -29 -30 -20 
22 -12 1 -2 -14 2 -15 -27 -11 46 9 -8 19 20 15 12 0 56 -33 -4 -23 1 20 31 24 33 21 31 43 48 35 22 50 -6 19 34 -12 35 -44 0 2 -53 -72 -8 15 2 10 -42 -13 4 28 -18 11 12 38 10 12 10 13 -6 0 11 13 15 25 -12 -8 -1 -3 -39 -1 29 41 -37 -12 3 -24 -46 -15 25 10 -14 32 4 -27 -20 0 -17 2 45 -15 -4 -17 -6 9 -12 -37 -11 16 51 41 24 33 -12 18 14 38 8 -9 -13 -11 -21 -33 6 -10 14 4 -5 -12 -12 -8 -2 5 2 1 
-13 3 1 -6 0 -1 -19 -14 3 49 12 -22 16 -12 -2 -31 47 74 6 53 38 20 19 21 45 52 110 54 -17 38 -27 0 -15 -4 -23 -24 -54 -13 -25 -2 -31 6 1 19 -21 -33 -17 -37 19 -1 17 -30 -4 1 0 -1 1 -16 -15 5 1 -7 -17 -10 -2 8 6 1 -13 -35 -2 42 3 -16 17 33 -22 -35 21 50 10 34 -31 -2 -24 7 5 0 36 4 -2 7 0 -8 36 19 11 5 -27 -29 6 38 -15 -28 1 -27 -27 11 14 -42 -10 -23 2 31 2 -6 3 3 -28 -19 -23 8 -3 -22 -19 
-1 26 9 9 18 4 -15 -2 50 69 1 41 10 -3 5 -2 45 -24 -5 -2 54 26 100 62 -10 -30 13 -66 12 21 -42 -10 82 85 41 -22 -31 -28 -12 0 0 0 3 0 -9 -15 1 5 8 12 34 -19 21 -9 -2 0 -24 28 1 4 1 -3 0 5 27 22 -10 -4 1 -5 -12 6 25 2 28 19 -1 -14 28 66 6 37 -1 -6 -32 -13 -14 -12 -17 11 5 -1 0 -23 12 13 -16 5 -3 28 10 -15 -44 -19 48 19 4 16 9 2 41 5 25 0 -1 1 -3 -8 67 42 50 -16 19 -5 0 
-20 15 -2 23 5 24 17 1 20 14 -15 28 -9 8 27 32 3 -5 38 27 -17 17 -71 -4 -91 -8 35 -18 -5 -7 16 -7 -29 -97 -30 -42 2 12 14 8 1 -51 19 0 -47 -16 -8 -1 -1 -38 -11 1 19 -20 5 5 -5 -9 -4 -31 -4 -5 -4 -39 7 -1 -6 -10 0 -12 -15 4 61 8 3 3 -4 -4 11 5 -1 -4 -4 -2 -3 -15 2 -9 17 -33 3 12 -2 13 -9 -2 -19 5 19 23 16 11 -33 -12 15 8 -4 7 15 3 -1 26 3 -29 26 4 9 1 18 2 -1 -3 -2 2 -11 
2 5 46 -24 41 42 2 14 4 2 -34 -5 3 41 76 84 -61 65 -18 24 62 -86 -32 33 -8 -5 0 -69 -38 22 -50 -42 -48 -28 10 12 -2 -3 -35 -49 -38 -6 12 0 -5 7 4 -2 2 12 -48 -64 -19 -11 -7 -37 -14 -2 0 7 5 7 4 -2 -6 -6 0 4 -1 -4 -26 -40 9 6 -43 -9 -29 -13 -10 -24 -2 -5 -5 -2 -2 -23 7 -1 -26 8 -4 -4 -5 -3 -7 -2 -4 -3 -5 -9 -9 -9 -17 -41 -2 22 3 -17 6 4 0 -1 -2 -24 47 9 8 8 -24 12 -15 -13 -8 -10 -17 
56 45 -35 41 53 20 -7 -10 -17 -25 -11 4 52 34 11 -13 -15 57 -7 11 53 1 -20 1 -1 -33 -17 -11 19 -20 4 6 17 -9 -25 -27 -9 4 18 25 19 38 -45 32 14 29 24 24 22 23 21 18 12 12 11 6 2 4 -2 -36 -1 1 -3 14 -4 -4 -2 2 4 1 -89 -3 52 6 -15 -14 -33 12 10 -5 -2 2 1 2 -15 -31 -20 -16 83 50 0 30 8 1 -1 16 3 2 -31 -1 12 43 19 39 53 3 -7 -7 46 -1 29 -19 5 18 12 5 2 -9 -8 -9 -12 4 30 11 -55 
-46 -41 35 6 14 40 -11 2 3 20 29 28 7 -17 -23 -6 -9 7 -4 13 6 -8 -5 12 -74 14 17 35 4 10 -10 -38 -11 7 31 46 69 72 77 54 62 43 64 62 52 69 63 56 36 53 62 46 49 61 52 4 -6 26 8 3 1 -1 -2 -2 -3 -3 -2 -28 -4 -1 -22 -3 14 10 19 3 -21 7 -3 -10 -1 1 0 -3 -1 -52 -7 41 -2 -6 -7 -15 1 -57 46 -17 35 1 36 47 7 1 13 5 -1 11 28 54 22 -1 4 38 -22 1 5 21 -11 -35 -13 -1 13 5 -16 -22 -13 
-1 32 74 -21 1 -5 1 28 -18 -8 5 8 -6 36 43 -9 -20 33 -1 41 10 16 -27 -49 -29 12 11 -9 -15 -18 -11 47 77 58 61 73 55 -15 16 -18 -9 25 2 0 0 0 0 -5 -2 3 -40 -6 -31 -11 72 14 -6 35 11 -3 0 -10 0 -2 27 2 -4 32 5 0 -14 41 5 43 0 23 2 -1 -48 -58 -22 4 -22 -52 3 -7 -7 -12 -36 8 15 8 10 23 6 14 2 -9 -30 -2 4 -7 -8 -14 -2 20 -20 -12 -12 0 22 9 -8 2 22 23 -36 -3 -11 2 16 9 5 -33 -5 
47 8 -49 -2 6 -23 -31 4 -2 3 -23 3 -5 12 4 -1 10 28 -33 -7 -54 -47 -18 -10 -7 -5 19 19 38 74 85 68 40 26 7 0 0 0 0 -45 42 25 -57 -23 0 -4 60 6 -64 12 -11 3 6 33 4 54 -25 -4 -31 -13 -2 0 2 3 10 -1 1 4 28 2 11 -27 1 61 2 -19 -16 -19 -33 -19 1 47 -40 6 28 22 16 12 5 24 3 -1 8 15 28 -119 2 -3 -26 -27 7 -20 27 13 21 -5 22 -16 9 19 -1 -12 -10 7 2 -56 -31 12 -45 12 8 14 8 -8 -17 
-98 -24 27 50 -6 -1 -5 2 -28 -12 0 -6 0 11 -8 -27 -62 -62 -34 -29 -13 -13 -6 1 20 32 60 89 119 -1 -42 0 0 22 0 0 2 0 6 9 42 -54 -1 -8 -3 -2 -3 -48 48 0 0 3 24 0 0 0 0 54 20 -11 -4 28 9 7 7 2 -5 -11 -9 1 8 -29 5 67 3 -24 20 3 -31 -15 0 61 14 7 3 12 -15 -7 11 -100 10 27 38 5 -40 5 33 23 5 3 11 7 31 -1 -10 -9 -24 -10 4 2 -11 -3 -3 3 13 -10 4 -2 2 -20 -25 62 50 -12 -3 
-13 18 2 10 3 -19 -1 -7 2 1 1 1 29 9 -22 -28 -21 -43 -17 23 -4 9 28 51 76 78 77 -33 46 0 0 -55 0 0 -34 0 59 0 0 0 0 2 2 6 10 -24 -30 1 2 0 -21 0 0 0 0 -47 0 -54 -59 -28 12 14 6 8 10 -5 8 9 4 -9 -21 -21 -4 8 8 6 22 -16 -17 -3 -7 54 7 1 2 3 -30 12 46 -31 18 -50 24 -92 34 -89 -45 -6 -5 -4 0 -5 -4 1 3 -3 0 -26 10 26 9 -10 -2 3 -23 -14 -9 5 37 16 53 -1 -20 -2 -1 
-19 40 5 11 -34 -29 -3 0 -9 -4 -8 -12 -13 -17 -27 -50 -18 -22 9 20 23 49 61 63 12 14 -29 -42 -16 5 0 25 0 0 0 0 52 0 0 -28 -57 0 -1 -1 -2 -26 -19 -3 5 1 0 -5 -21 0 -3 -19 -42 -42 -68 -15 29 0 -2 -3 0 0 -10 8 0 28 15 12 -13 30 20 1 -16 2 -16 11 -2 22 -28 -37 -65 2 -13 5 1 -130 31 -2 11 2 -1 -4 68 38 43 4 -8 -15 15 26 11 9 -11 1 -6 -7 -20 -6 -2 0 8 -27 -4 8 29 3 14 7 10 -18 38 
-29 40 -27 0 -29 4 -10 -10 9 -12 -12 8 0 -10 -7 -8 49 29 27 54 47 -20 28 16 1 0 -21 0 31 47 41 0 0 0 0 0 0 0 0 0 -8 0 0 0 -3 3 -1 -10 -27 -26 -26 13 -5 25 -23 -24 -66 -35 -13 -4 4 10 14 10 12 12 7 4 -3 -4 22 -6 -42 6 45 -10 5 -8 -19 35 -43 46 24 12 36 46 2 2 -2 8 7 19 1 -5 -4 -46 -29 -13 27 -7 -11 7 -1 -10 8 -8 1 -3 23 46 12 -5 -8 -2 28 20 -28 22 10 -45 -21 -11 -13 -35 -39 
-25 -7 11 9 37 5 -5 -42 -6 -2 -11 -15 0 4 26 2 37 40 31 7 28 6 11 -22 -12 25 18 10 4 -28 0 -14 0 0 0 0 0 63 0 0 0 28 0 21 -1 0 -20 -21 -14 -9 -5 -22 23 -37 -73 -60 -33 -17 15 6 21 12 3 3 -5 -9 -2 2 17 2 10 -1 11 35 39 -37 -13 -14 18 -86 14 15 3 16 16 -11 16 -5 1 -6 -44 2 1 -2 3 -32 -23 53 42 10 -3 13 -45 -11 -30 -56 2 -51 2 -6 4 -2 -11 -24 6 -16 -32 60 23 1 -22 -50 1 1 -11 
-19 -18 -40 -16 -7 2 1 5 -2 -7 5 14 34 -23 33 11 40 32 14 18 3 24 36 9 -58 -24 -66 0 0 -55 0 0 0 -29 0 0 35 16 10 0 0 0 -8 -6 36 -44 -35 5 -19 -25 -59 -25 -28 -31 -24 -30 11 20 32 22 -4 -2 11 8 -12 2 10 6 -2 -23 -18 20 -24 43 -8 6 8 2 1 0 -10 -12 -22 -27 -26 -19 10 -6 -35 -28 -37 74 -17 -21 -12 5 3 4 -55 0 1 -22 21 28 2 50 22 48 43 -15 -10 -1 -11 -29 5 31 -11 71 -21 -5 -4 15 -45 43 34 
31 21 -1 6 9 10 10 5 15 23 34 9 16 11 31 26 75 53 42 20 3 11 0 0 0 -2 35 0 0 -36 0 0 0 0 0 0 0 0 -3 0 -31 -18 2 1 -18 -47 -35 -71 -73 -7 -46 -22 -12 4 24 -12 -3 -6 37 -53 -50 -3 -2 7 8 -1 -8 -35 6 -11 40 56 9 5 -2 -16 -61 13 -8 -53 0 -10 23 -55 65 59 25 1 -35 26 -8 -71 -11 -2 -35 26 38 27 -63 -6 1 20 156 100 51 -3 -12 9 5 -62 3 -3 -3 3 3 -13 13 25 -5 -17 -6 3 -33 93 -25 
19 12 26 13 9 -12 14 17 26 29 45 18 24 36 32 10 2 -48 6 -52 2 5 29 -26 -36 0 30 51 0 0 -17 -9 0 -44 -59 0 0 0 -11 -13 -33 15 -4 -16 -63 -61 -43 -19 0 -15 -11 1 -5 -3 9 -31 23 -5 5 -17 9 9 -2 -7 -35 12 -30 15 -7 53 1 -3 -15 -65 -65 1 93 32 46 28 36 2 13 -11 -7 -1 -35 0 -43 21 -47 44 8 -7 14 80 14 -9 -3 -16 2 49 19 -29 -57 23 -4 -8 -19 -15 7 2 -6 3 7 -4 15 31 30 -13 -2 -3 -45 36 -49 
4 -1 10 -7 24 24 31 34 55 43 46 -8 -9 -33 10 19 -7 2 -3 1 6 7 0 0 0 0 -1 14 -26 -23 -4 0 61 -38 0 -3 -2 -3 -1 1 -31 -28 -23 -73 -23 2 -1 -2 2 -1 -12 -45 9 27 26 -22 -6 -26 5 40 -23 -2 -4 -28 2 1 50 29 7 -3 -49 -61 14 21 47 57 28 21 4 -44 -18 12 -39 17 8 -19 -43 8 -31 136 -46 21 17 1 -54 -23 -66 20 3 -3 11 36 -17 -14 7 1 -4 4 44 6 11 1 -6 -45 -4 -22 17 -1 -3 -5 -2 -4 13 -11 27 
24 24 33 41 38 24 53 47 28 6 -4 3 7 4 6 15 7 2 39 -36 0 25 0 -42 -3 -13 -1 -10 3 -45 58 -13 -43 -52 -11 -7 -12 -29 -36 -60 -52 -68 -14 23 -7 -1 26 12 -44 19 28 38 -16 -3 -22 -17 -1 20 27 24 -36 0 -2 -3 1 18 -3 44 2 25 -64 0 21 17 -17 61 -21 12 -18 0 5 -36 1 1 -26 10 -6 -22 20 34 19 84 17 -2 -22 56 9 -2 3 18 -2 -19 -22 -51 -45 -10 -11 1 -26 -35 11 -5 -3 -9 31 24 7 -4 29 -28 10 -13 10 5 5 
-30 9 -31 24 27 33 12 3 -1 -80 0 -5 12 3 1 -2 0 -56 -2 8 18 -52 0 -19 0 0 0 -19 10 1 -9 -53 -37 35 14 -39 -35 -59 -58 -23 -24 -23 -2 8 43 10 -7 -13 13 47 3 -41 -15 -23 -3 58 -7 33 46 2 -31 -5 -53 0 -22 51 1 -52 26 9 -2 45 49 16 -10 22 -6 -40 24 -46 -33 88 78 2 31 -30 4 -33 29 1 36 -22 -4 -16 -17 73 18 36 3 -2 -22 -15 8 -9 12 -6 -12 -2 -5 33 35 -10 7 -9 9 6 -22 -1 13 2 -23 -1 44 27 -9 
52 33 -3 22 14 0 -8 -52 2 -5 -8 3 1 0 -64 0 0 1 39 0 -1 1 0 0 31 0 2 -10 -12 -23 -41 -41 24 0 -75 -59 -28 14 5 9 -5 17 16 0 -7 -1 24 22 -14 -62 -29 -10 45 25 -25 -48 -6 -2 30 9 -4 -6 -8 -23 61 26 7 -29 22 -36 17 -35 -1 -5 -10 -7 -8 45 66 -27 -5 110 48 -31 37 -28 11 -13 -23 -90 58 -61 26 -8 -4 10 -15 16 -3 -1 -21 -37 22 -31 11 -5 -26 69 28 -6 -6 -32 14 -9 13 -5 -8 -17 -39 -20 -22 10 19 9 -7 
-14 24 33 -5 -6 60 2 0 0 -1 -9 28 8 9 0 0 0 0 -26 -1 -59 2 0 0 2 0 11 0 -46 -18 -24 -43 -33 -59 4 41 9 -6 1 15 -32 -3 -2 9 38 0 -23 -36 14 14 -22 29 16 6 10 54 22 -21 10 5 -27 -6 16 7 52 -12 -8 -43 -48 24 39 -9 54 16 52 -5 23 -1 -33 -5 -4 -14 17 25 -7 -9 -21 -23 26 9 45 -23 -8 2 24 17 10 -54 -12 -2 -47 -4 -2 3 8 10 -18 -15 -42 32 14 18 1 44 -33 18 -1 -54 -9 5 9 -4 5 -7 -3 
18 33 77 0 51 2 0 0 0 0 0 3 -5 2 0 -40 11 -13 -56 -19 -5 -4 -7 -2 0 27 -47 -6 -41 -49 -37 21 -14 -13 20 -7 5 -7 -19 1 8 12 56 -12 -17 -20 27 13 -13 -8 45 19 -36 -21 7 -43 -22 -43 -46 2 -5 -17 5 -24 28 -11 -20 -15 2 33 37 -9 21 -12 -22 17 -28 2 8 -1 41 -54 -21 -48 -11 25 4 29 28 -22 -22 -6 -3 -17 6 -55 20 -19 -5 -2 -13 68 -5 11 2 -5 -54 68 -17 32 -44 -33 -6 17 -39 17 -41 13 9 13 2 28 0 4 31 
5 0 0 0 0 0 0 0 0 0 0 0 -49 0 -6 -26 -56 -80 -65 -60 -45 -34 -9 8 -7 27 -20 -72 -71 12 -4 -25 -17 -5 -28 -37 -56 0 44 38 11 -39 -28 -39 -11 -58 -34 41 -2 -21 3 25 32 4 -24 17 54 6 -1 -4 -2 -11 19 -5 -14 -53 -32 50 44 23 -5 -28 -12 4 54 12 -39 53 6 2 1 60 33 35 39 3 -27 10 5 -8 -3 -7 15 -8 -2 11 11 -25 -4 -36 -4 0 -16 -16 0 -6 -28 107 1 -18 -90 -4 -9 24 -66 36 -16 9 -5 -12 9 -1 -14 2 -13 
0 0 0 0 0 0 0 -50 0 0 0 -10 -15 -19 -14 -101 -10 -5 -37 -2 -20 17 40 0 -16 -68 -38 -75 40 -16 -18 -2 -1 10 -14 15 -16 32 3 -17 -42 -27 22 18 21 -11 62 5 -29 -39 40 39 46 10 18 31 -27 3 -18 -35 14 -12 -74 -26 -56 -5 33 24 26 17 -15 -39 40 3 11 -20 -27 17 5 -24 14 -9 -10 37 -21 -99 -18 6 -113 0 0 -41 42 -10 0 5 2 -2 6 -3 27 -16 13 -6 -3 -7 -26 -12 -50 -55 -20 19 -39 17 -42 -1 31 64 28 27 5 21 17 -8 -28 
0 4 0 0 0 0 -8 0 -1 -21 -85 -109 -94 -9 10 8 -7 15 -1 1 13 59 25 -6 -20 -23 -9 -9 -3 20 -6 -4 9 -13 26 33 7 -46 52 4 9 -1 -17 -5 -47 4 -5 -9 42 54 26 11 11 5 10 20 -38 10 -3 -5 1 23 68 27 -36 -43 57 26 2 -3 -34 -51 9 -9 -1 -5 0 23 1 49 14 -4 -4 -4 -93 18 12 18 -7 10 -18 -45 -35 -29 7 5 -3 3 -3 -7 34 43 15 16 -4 1 3 8 22 105 -2 5 -35 14 -31 -8 132 64 -32 -16 7 0 -3 -11 -32 
0 0 -43 0 0 0 -24 -69 -102 -80 -62 0 16 26 23 -9 -9 5 20 41 37 15 12 -104 -27 -42 -24 3 16 -10 34 -1 65 32 -26 9 -65 -19 -52 -16 -6 -20 -44 -5 -9 49 47 23 15 -2 -77 -12 1 8 23 -5 -27 -4 -15 -19 4 -40 -38 -32 -27 0 89 22 -7 25 -13 -52 40 -26 9 -17 -7 28 49 11 -9 -8 34 27 37 2 1 10 -12 27 -27 6 -4 36 15 1 0 -8 4 17 47 21 1 1 -45 3 3 2 53 59 -12 20 28 -9 5 6 -28 -104 -32 18 5 3 -4 -25 -15 
2 1 -5 8 -78 -76 -75 -40 -22 47 22 10 -11 -7 2 -30 -14 -3 26 18 6 -18 -46 -51 25 -13 12 -6 12 -2 80 71 26 11 -28 -48 11 -3 26 7 -28 -20 36 57 -16 17 -2 24 -5 0 -75 27 9 28 -24 -20 -41 1 -7 -2 11 -22 26 18 33 36 90 -32 -3 -6 -13 -58 -35 -31 -70 -34 81 -12 12 -2 -1 -11 -10 -12 -7 2 -20 -54 -44 88 42 46 27 23 9 23 2 -6 -2 21 15 17 15 -7 -2 -12 17 16 9 7 -8 31 21 -69 10 -5 12 -6 49 -57 4 4 -4 -11 -9 
21 3 -6 -41 -70 -12 9 32 18 14 -28 -12 12 7 -10 26 48 5 -23 51 21 -44 9 23 1 57 -13 4 26 90 45 12 0 14 -66 77 37 -7 -28 38 13 20 32 24 5 23 -24 -5 -13 -18 -49 4 -3 42 -1 -45 -31 -14 -14 -12 49 28 -7 -7 19 6 87 -6 -15 28 18 -74 -7 -2 -39 22 10 37 2 -74 -67 -12 -29 -37 -27 -18 -16 -11 -9 92 16 -12 6 -22 8 26 -12 -3 -7 15 -8 -44 -7 -1 29 -24 7 -65 24 -96 -4 -16 -34 -65 22 -13 4 -8 25 43 7 4 -5 -8 1 
-18 -5 33 -14 2 16 -8 -12 -22 -39 -5 -4 -6 -30 -4 -18 -7 -15 -4 -2 -71 -9 17 15 -20 -15 -1 48 103 25 0 -48 -2 6 -36 -51 -58 -35 -4 77 7 13 -18 -16 7 -11 -9 21 -4 11 4 32 65 33 -9 -25 -14 -24 -7 14 -3 -38 -21 -29 42 54 11 -37 -35 21 -27 -91 -4 11 -5 17 35 49 -44 6 5 -1 9 -11 1 -7 9 -37 6 98 42 -27 9 -29 21 9 -2 -7 4 -5 14 -21 23 -3 3 38 -17 -10 31 -7 2 -20 22 -18 -1 -10 7 -6 -5 8 -38 -3 -5 -5 15 
-28 -3 -9 11 -79 -1 8 15 -19 -8 19 2 25 -52 8 18 15 6 6 -48 22 29 5 20 -19 1 32 51 1 -12 8 51 14 48 21 -19 1 -48 52 46 -10 -9 -18 2 -20 -6 17 22 -6 0 -20 -30 33 -10 3 -17 -18 -12 47 8 7 12 -10 -24 -26 18 -5 5 -2 51 -33 -30 1 74 -34 -10 26 -24 13 9 -8 -15 -20 -12 7 1 -13 -15 20 63 1 -16 16 -32 17 29 -11 -8 3 -3 12 -24 20 7 31 -11 -24 16 -13 -7 0 -4 13 -17 39 10 0 30 2 8 -4 -14 8 -23 93 
-1 -12 -36 36 12 -14 -15 -39 -23 -6 4 12 -28 15 30 9 -6 35 -2 1 4 3 -12 -14 -1 43 26 8 11 -15 -12 -16 10 -27 -60 -37 -11 -2 2 0 -11 -36 -39 -36 -50 9 3 -65 -41 -22 -10 -39 17 -23 -18 -35 -7 -5 0 -1 -12 7 14 -49 42 26 53 6 5 36 -68 -28 0 80 4 15 19 4 -36 -24 -26 -1 -19 24 2 0 -17 -7 51 56 22 9 32 -41 15 -4 -20 -32 -1 -7 12 -8 10 7 -11 -6 -19 71 57 -4 5 -22 -131 -36 17 11 7 -1 2 5 1 -18 -10 -10 -16 
4 1 -15 -17 -16 -12 -12 -10 30 6 2 -5 35 12 -8 12 15 8 -22 -8 -21 14 -41 12 16 26 12 55 20 3 -3 25 -84 -66 34 6 7 -43 23 29 16 -29 -12 -39 -54 -50 -29 -64 -23 36 12 -55 20 3 16 -34 -10 -3 -2 -1 12 -3 12 -32 0 62 45 -14 38 33 -59 -15 -17 23 -2 73 11 7 10 10 16 -19 -12 3 -2 -9 -28 -2 71 56 41 23 -47 -30 16 -17 -21 -5 -2 2 -11 -5 15 5 -20 -7 -24 14 -1 -1 9 0 15 9 -17 1 -15 0 13 -62 -1 -3 -34 -34 41 
-1 21 -4 -16 -45 -8 -13 -23 23 -24 -4 -29 9 -5 7 20 -18 -24 -10 -17 18 -11 -3 10 65 50 5 0 5 13 55 -1 -36 14 -7 -7 -6 3 10 -29 -15 12 41 51 73 42 -4 -35 -1 73 24 32 2 -26 2 -32 -24 0 -3 -25 3 -108 8 -16 4 89 27 0 56 -33 -72 -7 24 -18 6 3 65 75 39 50 15 19 33 12 6 -6 -40 1 86 -28 -66 -41 -50 -58 40 -27 -35 -4 -4 3 35 28 -19 4 -12 28 15 38 -42 -2 5 -12 -29 23 6 -32 -7 11 12 -30 -18 -3 -7 -58 -1 
3 -1 0 2 -9 -25 -28 7 1 -24 12 21 6 9 16 19 3 -23 -12 27 0 19 8 94 54 -31 -13 15 49 7 -15 3 1 -8 20 30 5 2 -29 32 45 40 -24 14 -32 -24 -43 -20 4 118 -2 -1 34 42 -11 4 -32 9 22 -12 5 -17 -14 25 9 66 19 -31 -17 -51 -68 -3 48 -38 2 -1 84 59 -3 -3 -1 32 -29 -2 16 -8 -47 -30 90 -53 -5 1 14 6 31 6 -17 1 -11 12 -15 -46 6 4 -9 -4 -12 -25 1 -1 1 24 -46 37 4 -24 28 9 2 -2 2 -38 -8 -2 66 
-2 2 2 -14 46 -3 9 -46 -2 12 26 4 24 33 13 5 -23 -15 5 -23 -14 3 110 34 -44 2 18 18 0 -27 0 8 -1 -55 7 -14 -24 -5 16 -1 19 3 -49 12 15 5 -44 -7 10 87 -6 -1 5 -2 -24 8 -32 2 0 4 11 -109 -32 12 17 67 -29 -12 11 -37 -25 0 101 -27 -5 -2 105 20 22 -67 40 -53 -57 -7 11 -24 -35 -6 38 -74 22 -9 -52 13 21 -12 -39 1 0 10 7 10 2 -1 -12 -10 -9 6 -27 -26 -3 -19 -48 -39 4 -15 7 14 1 4 -4 1 -17 9 6 
0 -4 -36 -1 4 -4 -3 -10 9 -2 -2 5 7 -9 1 -24 -7 -5 17 -14 -5 84 44 58 39 -10 14 -5 9 0 0 -1 -13 9 53 -1 -22 78 22 -17 3 -7 -28 -6 6 7 -50 -13 15 12 -28 2 -2 -11 -14 -28 -23 4 0 -24 -46 -2 -39 2 22 2 -28 8 13 -70 -38 -5 102 -14 -1 -4 35 10 30 -40 55 -9 -21 -2 0 -8 30 18 42 20 55 36 14 1 13 -27 -20 -2 -4 12 0 22 0 0 -13 -14 -36 8 0 -23 -28 -33 -28 -4 11 6 9 13 2 2 -2 -15 9 -4 -26 
1 9 12 -4 -5 6 5 -37 30 7 -2 -4 -2 -10 -5 -9 -4 20 -18 0 52 52 23 -44 0 -4 15 0 0 0 0 0 -2 61 -55 3 9 17 -3 -16 -11 -40 -12 -28 -7 -3 -4 23 9 -11 -36 -50 -59 -42 -14 -50 -7 -30 1 -24 -11 8 12 -49 21 -13 -61 -69 -73 -104 -18 8 65 1 -2 3 -1 -3 -1 -30 -34 -85 -58 -6 -19 16 -8 33 31 -16 3 17 -30 32 -7 -20 -10 -11 -34 17 15 7 -30 8 -2 -4 -3 -13 -2 4 -13 -39 34 0 31 21 7 -1 3 0 -4 -3 12 -53 -30 
7 6 -38 -4 -1 1 2 11 -3 -24 -1 0 -1 -30 -12 -2 17 -13 -3 12 80 22 0 -5 0 -67 9 0 58 0 0 0 0 0 -10 4 0 8 1 -4 12 -32 9 -19 -12 0 1 28 2 -7 -34 40 1 25 1 -24 14 3 1 -9 -15 40 28 11 -21 30 36 -20 -5 -5 -56 23 31 -5 -9 1 -3 0 -1 -1 -23 -1 -3 0 -2 -25 -1 57 1 -1 0 19 -43 44 -24 -26 5 1 5 -5 -3 -7 -2 3 11 13 0 7 3 8 -10 -51 4 2 11 -9 -2 -3 2 -1 -2 4 1 -37 -7 
-13 -18 0 -2 0 5 -3 1 -19 2 -5 0 -8 -8 14 23 -10 -2 4 80 42 0 0 0 13 4 1 0 0 -1 0 0 0 0 -9 8 1 2 -8 -35 -51 -14 56 -24 -3 2 3 2 -2 -1 31 31 35 -6 -2 -5 6 2 -1 -7 -15 47 -32 44 55 22 -13 -33 0 2 -3 5 -69 9 14 23 15 5 21 -34 -5 1 -1 0 -5 -40 17 81 26 -2 2 -6 -38 88 -5 -16 1 -6 -19 -7 -7 11 -7 3 5 -42 2 -7 -1 8 0 -36 14 13 5 23 18 -2 9 -2 -5 -1 -8 13 0 
1 -2 -3 -22 -5 -20 -9 1 21 2 0 -62 -2 4 13 7 -50 2 53 50 2 0 0 0 59 0 23 -36 0 0 0 0 0 0 -51 0 6 -69 -4 -4 -58 0 45 -21 5 -7 -5 -2 2 7 5 25 14 37 4 4 23 8 6 4 -35 50 29 2 -9 -3 -15 7 8 4 5 -37 0 -41 -6 -22 -48 -74 -61 -17 17 29 19 16 -1 -40 2 34 8 6 5 -34 -7 28 -14 -22 1 -10 -1 -21 29 8 -6 -3 -4 -9 -11 -16 4 0 3 -31 24 -7 12 61 -2 -7 -1 -8 -3 4 -21 -9 -36 
28 3 0 2 15 -15 -7 40 4 5 5 8 13 12 14 -13 3 51 50 55 0 -40 0 0 0 0 -3 7 -1 0 0 0 0 0 -10 2 0 -3 50 44 4 47 56 -27 -27 7 11 -14 11 11 4 5 9 5 5 5 -32 6 14 14 16 33 -12 7 13 2 -3 6 14 66 24 46 35 18 8 -16 1 2 3 -1 4 6 -9 -16 -19 -30 23 23 -54 -49 -72 -70 -26 9 -19 -18 -5 14 14 11 41 7 9 16 1 -6 -5 0 7 -14 11 -39 -35 -20 24 -11 -12 7 -73 -4 4 3 -2 11 7 
-2 2 1 -21 2 4 25 30 4 -3 -30 26 -9 -17 2 -3 33 26 51 75 -12 -10 0 0 22 0 0 0 -9 -50 0 0 -1 66 0 0 -2 1 -5 4 -14 -8 -41 17 46 60 44 32 -3 -4 6 34 14 9 6 -31 19 -21 -23 -19 -4 2 -2 27 8 -16 -3 -4 -6 -4 31 9 8 12 17 35 48 10 -16 43 56 22 -16 4 -40 -20 21 26 31 46 -24 59 15 15 -20 15 -27 -27 20 -36 -23 -50 -13 1 -25 24 5 5 0 -36 -13 -12 18 -38 1 14 -20 -3 -7 -7 23 -5 -17 -7 -17 
0 1 -4 -1 -21 8 5 19 10 -18 4 -14 -1 32 -8 20 11 11 31 -10 -14 59 6 0 0 35 0 0 0 -20 -24 -13 0 0 0 0 -1 8 0 3 -5 60 3 3 2 9 0 -1 -41 43 62 41 37 3 31 -7 39 24 27 -30 11 -22 -10 54 -2 -10 3 4 8 15 -6 -12 -7 2 7 4 -10 15 7 10 -23 -1 2 2 17 15 36 6 4 -7 6 14 18 15 -14 -6 0 49 3 -4 23 -2 51 17 -1 30 13 -32 -42 -7 -49 18 14 -11 -2 36 -35 -6 -39 36 -25 -7 -2 -3 -8 
6 9 -2 -2 7 0 0 -2 -11 -7 1 2 9 2 -4 19 5 0 8 -23 -7 -15 6 19 6 0 13 0 57 -5 -3 1 -37 -2 0 -2 9 -5 1 -2 1 3 54 6 -4 -10 -8 -2 5 65 4 -27 9 57 33 56 66 30 -8 -43 28 -8 5 19 -2 -4 -2 -4 -8 -22 15 -3 -23 -26 17 9 -12 -25 2 0 34 4 2 4 6 2 2 4 2 16 8 26 20 31 -1 14 26 5 20 -2 31 8 9 27 30 15 -6 -16 40 65 -16 10 21 -10 -13 -14 -12 -15 -11 77 -18 -11 25 0 -7 
3 3 -7 1 24 1 -3 -3 -29 36 3 4 0 3 4 -2 -5 11 -16 -7 37 36 61 0 0 0 -49 0 -1 -12 1 -6 -26 -6 -1 2 -3 -15 7 1 0 7 0 0 7 6 -4 11 -14 -50 2 4 4 0 0 0 33 8 15 -22 69 11 1 4 2 -9 -1 1 11 7 5 -1 4 10 -36 -14 15 -13 6 8 12 9 -17 4 13 -8 0 -2 -1 0 -28 7 15 12 -5 9 8 3 -13 0 2 2 7 12 5 -2 2 -5 27 3 -65 16 11 -5 18 -9 20 -19 33 74 -64 -18 -13 -2 -2 
-25 -45 61 -30 -5 1 1 -19 -5 -5 19 -13 6 7 -17 -5 14 12 11 4 -1 25 9 -9 0 0 0 5 -2 3 -12 -6 -8 25 0 3 -58 2 -6 -17 -7 1 -19 -4 4 7 -4 16 6 7 4 0 0 0 0 0 0 2 4 -37 53 3 -4 1 -1 0 -38 0 1 1 4 8 7 2 -51 55 -4 6 -8 -57 -1 -10 -16 -41 -2 3 5 1 0 3 -1 -2 7 5 -13 15 -12 9 10 -60 2 5 -16 -1 1 -7 2 -8 31 7 -92 23 -5 -14 -24 79 -8 3 -46 3 -27 10 14 11 13 
-10 38 -60 -24 3 18 -5 -4 5 -1 1 -9 20 21 0 19 6 -3 -4 -2 22 6 4 6 0 0 0 0 0 20 -14 -10 -29 78 -34 -2 -1 -47 0 8 -31 -43 29 -36 -1 -46 -36 0 0 8 0 -38 0 14 0 0 0 -1 20 -58 54 13 1 -4 6 -31 22 -6 27 1 -6 7 -1 24 1 4 -4 2 10 -33 39 -7 6 35 10 5 20 -4 -1 14 11 -17 1 16 -8 22 -6 1 -7 3 16 -1 0 -4 -46 -41 -8 -8 2 -13 -12 28 -14 -10 15 62 -53 17 -2 29 9 -21 10 85 -9 
23 3 -19 7 4 1 -21 23 3 0 0 15 -20 18 -4 -4 0 -1 -5 -29 13 3 12 12 0 0 3 0 0 -17 6 -45 16 40 -4 -43 -7 -12 5 0 1 55 -45 -3 -11 -3 -6 -20 -6 1 -32 0 6 0 0 0 -44 -15 -7 -25 2 10 -4 -2 3 5 -2 7 4 3 2 3 -13 -34 0 -2 10 -2 -10 -2 -9 0 1 5 18 0 -2 -3 -2 -32 13 17 11 -30 -3 10 -2 2 -33 -4 7 6 6 16 -80 19 -4 6 -1 -18 -38 12 -17 24 46 -45 -10 21 -40 10 34 -38 2 36 -63 
16 -23 5 12 3 -25 11 4 27 8 7 15 1 0 -10 -3 0 -4 -23 1 4 -9 4 5 0 0 0 0 53 -2 -16 22 16 -14 -5 3 -35 4 -2 -4 13 -4 -3 -10 5 -15 -67 -39 -3 1 0 0 -31 0 0 0 0 -4 -40 -13 -23 -42 -22 3 1 17 20 11 7 1 6 1 18 35 4 9 19 -15 -2 3 -2 3 2 0 -2 -3 0 0 2 -2 6 24 -9 -27 2 12 11 9 -12 -5 8 3 -20 -14 -15 33 38 -6 -1 -16 -24 -6 -17 18 93 -100 -24 3 -15 -9 25 -11 17 5 -9 
-4 1 35 -2 1 -17 1 63 69 -55 14 7 3 0 -1 -12 0 -2 12 -16 -2 0 26 -41 6 0 0 0 -16 21 5 5 47 -35 52 -2 0 7 -36 -3 2 0 4 4 9 11 17 58 66 1 2 0 0 -19 -8 -6 -23 -33 7 24 51 74 71 52 30 -40 -63 -40 -5 -4 2 43 -3 12 15 -14 2 18 8 5 28 -7 4 5 5 1 -1 -2 -4 -22 -6 -12 -14 8 9 -64 10 -8 -17 -22 3 6 9 8 12 49 15 15 -29 -34 -7 10 -34 -14 30 -95 -5 -8 3 -21 10 51 -4 -4 1 
3 1 -2 -27 -15 2 104 -29 -27 -57 0 -17 0 2 -4 1 15 -3 -2 2 -4 -30 -2 -1 4 -5 0 -11 0 0 -2 0 -7 -3 10 1 6 0 0 1 -18 -5 0 0 0 0 -9 -3 2 11 42 0 -12 -61 3 -1 -28 35 1 3 56 4 -20 38 7 17 43 63 71 42 -3 -34 -77 -50 -18 9 46 12 18 41 24 9 9 2 19 3 0 -2 1 0 1 9 -23 4 12 -11 -6 -9 -1 9 12 5 -5 -45 -2 31 10 12 -13 -49 -8 37 -36 -17 14 -18 -20 32 49 -30 -51 67 -12 -12 26 
2 35 3 -4 0 117 -102 70 -54 6 86 -5 -3 0 3 2 -13 15 4 -4 -1 -10 1 -2 2 4 11 0 0 0 0 -13 5 0 -1 1 0 0 -32 1 -32 -6 5 -8 41 -1 -7 40 -13 1 -3 -28 -12 19 25 -21 -40 17 -1 5 8 5 0 -2 2 -16 -9 46 3 9 12 32 42 59 83 44 -80 -73 -37 -20 -15 25 12 -9 -5 13 -5 5 4 0 12 1 -9 32 42 -2 6 3 8 9 -16 -2 -3 9 43 52 10 -12 -7 -34 56 54 -11 26 -3 18 -16 6 113 -22 11 22 -13 4 -15 
1 -6 -3 -20 175 0 -14 -74 -13 133 9 -8 -12 23 -2 -4 1 3 13 -21 1 -1 -3 -2 1 5 22 -7 45 -2 0 -40 49 -3 -2 6 0 -1 -40 0 0 6 5 -21 9 -28 -9 2 -4 -6 6 9 -9 2 -4 12 5 6 4 -2 -4 3 -8 -1 -4 -5 14 -6 18 -10 -13 -11 -2 -3 9 7 16 -4 49 32 56 35 -55 -81 5 11 -14 -38 1 37 -6 59 9 -10 31 -3 -2 0 -3 8 1 -16 -6 0 -2 -6 -6 -25 5 -5 42 7 4 18 23 22 9 1 20 -8 -7 14 7 29 38 
-8 -1 -18 154 3 -63 -70 1 130 7 -8 0 -8 -5 -1 3 -1 -2 -2 6 -1 0 0 0 1 0 1 0 -13 -1 1 0 -34 -9 -8 -5 -55 -9 -6 -2 -8 49 -2 0 1 -5 1 7 -30 -6 0 -5 -73 9 37 13 -21 3 4 23 -3 1 0 5 55 -20 -1 27 5 -30 -20 12 0 1 2 4 1 -3 0 14 17 23 33 18 20 10 -64 11 -11 30 -43 -53 -34 -5 30 -2 1 4 -22 9 -2 -50 -9 -4 -2 -2 -17 -5 -8 -52 24 35 13 -7 -3 2 -8 7 1 20 12 10 -13 29 -8 
-10 -13 104 -36 -29 -110 -8 115 63 40 -2 0 -14 -41 -3 -3 -11 0 1 25 10 0 0 0 -1 5 0 -8 -1 -3 7 0 -15 -2 22 -1 -5 2 -6 -1 25 0 -43 3 0 0 0 0 -6 -2 36 -1 -52 -18 -3 -8 -5 -9 -2 6 2 4 6 2 -3 -1 7 3 -1 0 24 -7 56 7 3 8 2 1 -3 3 1 -7 9 -3 -2 1 -3 48 35 16 -29 41 -8 -35 5 24 -4 -55 -19 5 45 -2 8 11 -7 2 -1 -15 -30 -32 12 18 3 35 -7 4 19 15 -7 -1 4 -8 -61 16 6 
-16 28 112 -37 -141 -26 45 9 -34 0 0 -12 16 2 -3 -42 -37 0 2 -9 1 4 2 3 22 -2 -2 -7 -3 27 8 -3 -8 -34 -2 -21 14 5 -3 5 -9 -3 4 -8 -28 24 -44 -53 -5 -4 -7 0 -11 -3 0 -8 -34 0 7 1 8 5 -41 46 0 0 4 -3 4 12 2 9 -6 1 1 2 0 -12 -14 -2 44 1 -4 -36 9 0 1 8 31 23 -7 -19 -37 4 41 31 -8 -23 22 -27 -59 -31 -8 -46 -49 -8 23 -32 -39 4 41 37 9 -7 -30 12 5 6 -6 -3 -3 -35 -4 47 -18 
31 65 0 -168 -18 4 58 18 0 36 6 -37 -20 -13 89 12 -1 -9 2 -4 2 -1 -27 -3 -1 2 13 -20 6 3 3 54 -20 -46 24 -1 -6 -16 -5 3 -44 -7 -2 32 68 -46 -7 -5 1 -10 -4 3 12 -3 -15 2 2 -2 -38 -1 4 -2 5 -4 -4 -27 0 -1 -32 24 5 -111 5 -16 -15 0 26 2 -8 7 1 -14 -13 0 18 -8 -8 5 7 -10 -23 -15 -43 11 -3 2 -9 23 30 16 -21 21 23 -53 7 11 14 -38 -65 29 19 28 -4 -12 -10 -4 11 5 2 -7 -3 -15 -14 -18 41 
119 1 -161 -19 15 31 55 -6 0 0 -70 9 -25 89 0 0 32 6 -23 -2 -11 -1 2 -25 -2 2 25 -2 -1 -18 9 -10 29 -22 -6 -1 0 2 -2 -4 -7 -2 -6 0 6 0 -38 3 3 -9 4 -1 -4 8 0 8 29 7 8 -55 -5 2 0 -7 -3 5 86 -4 -21 43 62 1 -42 -1 -4 -7 -6 -4 3 2 -5 -67 -24 -5 -5 0 5 0 -8 -22 12 -44 28 21 -29 -25 -28 -1 -2 -9 2 12 31 9 69 47 -2 -9 -12 6 15 3 -12 -8 -4 27 5 -2 -1 -18 -14 -24 13 -11 -27 
17 -138 -50 8 7 -31 -5 30 -6 -55 -31 30 92 3 0 0 -2 -2 12 1 2 -1 -3 28 -1 -1 -1 10 2 -34 -2 -2 -10 -50 -14 -23 -22 -25 -19 -5 12 -7 35 -4 9 3 30 54 51 -4 -22 4 4 49 -9 13 4 51 1 -60 8 2 -30 -1 2 7 0 -37 -3 -2 -5 1 -2 -2 -1 6 6 0 0 -2 0 -2 -11 3 28 29 33 -4 -20 -19 25 -34 10 38 26 37 3 -18 -3 -25 -4 -51 -13 13 -12 -8 -30 -38 2 16 24 6 -5 -2 0 3 -11 1 -1 9 -13 -34 13 -14 9 
16 3 36 6 -13 -2 6 -1 9 -48 42 59 -54 0 7 0 -30 -75 -10 4 0 -14 -2 0 -1 -13 1 -1 -3 4 0 -1 -5 40 19 -1 14 10 21 -13 -35 -65 27 -27 6 -2 -38 51 -5 -17 2 -44 -4 0 -1 5 61 1 -2 7 1 0 -3 3 4 3 2 -2 -4 2 -1 -8 -7 4 8 -6 -1 -1 0 3 1 -11 -16 39 -2 22 3 0 -9 14 18 4 33 6 -35 -16 -14 15 5 31 17 -24 37 -1 -24 -58 -6 -35 7 17 3 15 16 9 4 -20 -2 -30 -8 -11 -9 -66 26 -32 -3 
6 -6 12 -4 1 -1 18 0 15 15 45 4 -30 0 -5 -40 -62 -21 54 43 22 -2 -4 -4 -1 18 -4 1 -13 6 -4 -2 -6 14 15 -14 13 74 -5 -25 -28 3 -2 -22 -8 -54 -14 -8 -55 44 -8 -2 -2 -2 3 -32 5 3 2 -1 3 2 6 5 0 1 -2 -13 58 -3 -2 1 -15 6 -1 0 7 0 0 -4 -12 45 -2 -4 0 20 0 -16 5 -38 38 8 -57 13 -24 3 -7 5 1 -2 -21 -9 -13 -65 -48 11 74 -30 11 13 19 15 -48 -13 6 15 -8 -3 -9 -6 -9 -22 6 -15 25 
7 0 -25 -10 -1 4 2 17 -1 -7 22 -49 3 -96 -43 -47 -21 83 -22 -10 38 -1 -11 -6 -20 16 5 -14 2 31 -1 -4 4 29 6 -17 1 -9 -14 -9 -6 36 -4 4 1 -5 5 1 -3 -7 -17 -20 -18 -14 -17 -18 15 -3 18 11 2 -2 -2 -5 3 0 -58 4 3 2 1 0 4 -19 -4 1 1 1 -1 3 -39 -20 11 63 38 27 -3 -6 -10 11 2 18 61 90 76 35 10 -11 -25 -16 -29 -32 -76 -17 28 51 21 -16 26 43 16 1 24 -18 -26 -33 -20 -4 -18 -20 14 7 6 2 -9 
3 -3 -1 -1 -2 6 1 -1 -18 -9 -4 4 -17 -62 -46 -18 125 18 -10 1 -5 4 -1 1 1 0 -6 -7 4 18 1 -5 2 24 9 -4 37 -43 -6 1 -2 -26 -11 30 9 -3 13 2 -2 -21 -6 6 -5 0 5 -1 8 13 11 -40 43 -11 -5 2 26 0 -58 -3 3 24 20 -1 22 1 1 -2 -4 -4 -3 -5 -1 2 -26 3 22 26 5 -2 -8 -3 0 0 0 0 0 6 16 47 65 70 60 34 39 27 8 -30 -28 -50 52 12 -6 14 16 -16 28 57 39 39 0 -4 -9 10 3 8 -17 
-5 -29 -2 -15 2 0 -24 -39 -6 0 9 10 -96 -22 1 74 12 -3 0 9 -1 -94 7 0 0 -1 30 22 4 15 -15 2 4 -20 -9 1 -4 6 6 -10 -8 -55 85 -44 5 13 39 48 41 45 14 -2 19 1 9 -11 -6 15 8 8 21 13 4 -4 -11 -12 -1 23 1 10 1 -4 -5 -7 42 -23 -24 -75 1 5 -13 2 3 0 -2 -35 1 -45 -37 6 7 0 -5 29 49 0 0 0 0 4 4 10 -18 60 74 44 54 -35 91 80 70 54 24 -2 34 17 -23 -28 18 13 -6 14 32 9 24 
-7 -26 1 -2 11 -3 -5 -8 0 0 -27 4 3 28 90 0 8 3 3 -14 -86 -40 13 11 0 0 -28 5 -10 -4 2 -1 8 0 17 -1 19 -7 -7 -22 2 28 47 -27 -70 -120 -77 -76 -15 -8 -48 -6 -23 2 7 -9 5 3 -25 0 0 8 0 -12 16 14 18 -23 0 0 -44 -3 -2 -11 -25 -61 0 55 47 -1 1 1 1 -60 1 -13 5 0 24 -61 0 24 0 4 3 59 -56 -1 0 0 -2 -80 23 -3 -16 -22 4 13 44 12 -16 0 -55 4 30 0 11 -28 -13 -20 -14 -7 9 19 17 
-6 4 3 -2 0 -5 -18 3 5 2 3 5 2 15 0 -15 19 1 -19 -81 -8 101 1 34 -13 5 1 22 21 -4 0 1 4 16 -19 -7 -5 12 8 -21 -4 25 0 36 8 29 40 74 41 44 5 22 28 -4 8 9 -4 0 56 4 0 0 -42 -9 -27 -23 12 -6 0 0 -2 -65 -3 2 20 -15 -25 -24 3 -4 -3 1 -3 3 -3 0 2 2 -60 52 0 22 34 0 0 43 0 0 0 -5 -9 4 -14 -14 -55 -1 -35 -13 2 9 56 32 0 0 -49 -11 9 -6 -1 19 -4 10 19 29 7 
-4 3 2 6 -1 2 3 1 6 1 -2 7 -1 8 20 0 -16 -19 -94 8 69 3 0 -10 21 -7 0 -2 2 10 -2 1 7 -2 11 9 1 2 23 1 -4 -4 6 3 7 0 -30 10 -40 5 -3 -20 13 46 16 6 15 -26 43 21 0 0 -12 -9 -4 47 19 0 0 0 -37 30 6 -3 -7 -44 -1 -8 5 4 -4 -18 -15 27 -17 4 1 3 -1 1 16 0 30 0 0 -18 0 0 0 56 -17 -37 -13 -48 14 -6 60 -21 -15 19 0 0 -31 0 20 -39 -8 -33 2 -32 4 11 0 7 18 
-3 3 3 -4 -3 -14 3 3 6 -1 -1 -1 10 4 8 5 -52 -26 2 83 -38 -10 -30 0 -38 -1 -10 3 3 6 8 29 0 -2 3 2 -3 0 -24 0 -12 2 1 13 -2 -13 -34 -29 -24 -1 -3 -10 25 25 -15 3 -21 -7 18 -1 -3 -54 -53 -9 36 33 33 0 0 0 0 0 -10 -2 -44 0 1 -13 7 9 7 5 4 -5 6 8 8 -2 -14 -9 -5 0 0 0 0 0 0 0 0 30 -17 -44 -45 14 1 31 46 -10 -4 27 16 0 0 0 -53 -25 -15 -9 -18 -16 -43 -3 24 1 21 
5 6 -2 0 -3 -37 11 1 6 -3 2 -2 6 -22 3 9 -3 10 39 3 -11 4 20 -38 -92 24 3 1 4 12 -4 -4 0 -3 17 -4 -3 0 0 1 0 26 -8 2 -8 -8 61 21 1 22 10 -12 35 -64 -60 -37 -35 -21 -4 1 -11 -23 -13 -57 1 -64 -16 -6 -13 -9 -12 -26 -26 -8 1 4 7 9 8 14 -33 30 -21 34 -18 -30 -55 -31 -28 0 -15 -5 -16 12 -53 -35 -12 -8 -33 48 0 30 -28 33 46 -3 37 34 -41 24 0 0 0 0 -60 -74 -14 -6 -2 18 18 31 -4 -18 -36 
7 3 1 -4 3 7 4 5 3 -18 4 8 7 3 4 9 -3 62 44 -1 -7 -11 -40 -5 -4 1 -17 -5 -10 9 -1 -3 -10 -4 -4 25 2 -2 0 13 -7 -13 39 -6 1 -25 59 -7 2 15 23 0 7 -17 11 8 -29 3 -29 -16 -27 -34 -26 22 -17 -20 -19 -13 -15 -13 -19 -8 -5 -9 -10 -6 -5 4 2 -26 -18 -5 -32 -64 -15 -2 5 11 -6 1 -6 -8 4 -3 54 -7 -88 -9 -45 -133 -79 -71 -54 -13 72 6 -73 -58 -18 22 0 0 0 -5 -6 -49 -20 -10 12 17 -34 37 21 -22 7 
2 -1 0 3 -2 7 2 37 3 6 7 20 7 2 5 -17 2 -3 2 12 32 -6 -25 -5 31 14 13 2 0 2 22 -9 7 1 -1 1 2 2 1 -6 16 8 6 -6 42 59 11 -50 -4 3 11 -9 -1 -12 -8 -11 3 5 -5 -23 -20 -39 -24 -33 -27 -33 -35 -30 -21 -30 -36 -34 -11 -10 -21 -28 -10 -4 -6 -3 -23 0 0 1 9 10 -4 17 -21 -2 -35 31 7 9 -9 -95 -62 50 -3 -12 10 -24 -6 -16 -33 -25 -33 8 35 8 -19 0 0 -5 -19 -68 -22 -9 -47 -111 22 -16 -7 7 -8 
3 -1 0 -1 23 5 3 6 4 7 1 2 6 4 4 25 -2 14 10 -10 8 -12 -10 40 103 -3 -4 -6 -12 18 0 2 27 -3 -39 1 2 -1 9 19 15 23 -30 -6 -35 0 -35 15 10 23 10 -6 8 -5 -4 30 -39 7 -6 0 -7 -37 -5 -9 -24 4 -58 -25 -26 0 -27 -22 3 -7 -13 -21 -21 -25 -24 6 -12 -8 -31 -3 5 18 35 44 17 28 15 17 -10 -12 -24 0 -10 41 2 -27 -28 -29 -18 5 -6 11 12 -7 14 41 33 0 -3 -52 -33 -58 -29 32 -57 32 23 5 31 33 49 
-1 1 2 2 2 13 -3 24 7 -19 4 -8 3 -11 -4 2 7 -22 8 2 -8 2 -4 14 -3 -2 -26 -2 -2 -3 1 -5 16 -8 -44 2 30 -23 -12 0 5 -10 -14 29 15 4 -34 12 -12 -57 31 -21 -17 3 1 4 -38 -14 -13 13 -12 -3 -19 -3 -23 -1 5 -19 16 -10 -14 16 -13 -24 -31 -18 -24 6 -1 -2 -18 -31 -5 -24 -5 -9 -8 -13 3 -21 -2 -9 -11 -38 -16 -19 -9 69 -10 -9 -32 10 9 7 19 18 35 18 0 6 -9 -1 -28 -22 4 -41 -9 62 -57 79 34 -10 5 -12 -19 
1 1 1 -5 6 8 0 5 6 -21 3 -5 -1 -55 22 10 11 7 1 -1 0 -1 -23 -4 36 8 0 -21 -3 -13 -3 -7 -11 2 -3 -9 -4 9 2 1 -14 -3 -23 14 -9 -41 15 3 17 -46 41 47 77 24 41 -17 -7 4 -18 12 -34 8 -28 17 -23 12 31 -28 -5 2 -35 13 1 -2 56 4 -39 -4 -11 -15 -12 -28 -40 -27 -58 -37 -29 -20 -41 -18 -24 -33 -19 -26 -24 12 18 23 -2 -6 -3 -4 32 39 14 -23 -13 55 -53 0 0 -9 -4 -33 -22 -45 43 25 -20 37 -9 -2 -2 -19 -13 
2 -15 6 2 -12 0 6 6 -1 0 -1 33 4 5 11 8 57 2 -18 -1 -4 -7 24 -1 -8 -2 -45 -27 27 -13 -2 5 -3 7 -17 0 -10 7 -5 26 0 14 -1 -3 -25 11 39 -10 7 -17 18 40 -19 -44 -10 -44 -14 -25 -16 9 -5 9 -13 20 -13 -23 20 -17 17 27 2 10 -22 14 9 6 -29 2 33 -12 -36 -56 -14 22 -8 -8 -39 -56 -18 -25 -43 -38 -21 -19 -5 7 -12 -6 2 -7 -8 -3 11 -4 4 32 26 51 11 0 0 -11 -10 -41 9 -48 -21 -29 -12 2 -12 -44 -47 -22 -1 
-3 3 2 3 2 -1 5 1 27 2 -22 -6 1 32 7 -13 6 2 -44 -24 -11 -5 0 -1 -1 -4 11 16 -16 -34 -16 54 35 -6 -3 0 8 -21 0 -8 0 0 -18 -39 25 -5 -8 -12 -7 -8 0 9 1 4 -19 -23 18 35 -25 11 17 8 -22 13 -21 16 13 -8 19 8 -1 27 -11 -2 -14 1 -33 -5 -47 -22 -7 -8 22 45 -41 -38 0 0 63 -38 -7 -60 -21 26 -19 -14 -36 -39 -25 -33 -27 -14 14 4 -2 -10 78 13 -2 -11 0 -2 -57 -42 -19 -90 23 20 11 66 13 33 10 27 -47 
-28 35 3 -1 3 30 22 2 0 2 -2 13 5 6 1 5 6 2 -3 -6 -13 -3 -3 -3 3 -6 -7 -49 -9 -30 -4 -1 0 -12 19 2 -2 -17 0 1 -10 -20 -24 16 -47 18 -1 1 -2 -5 3 10 9 -17 -6 -13 -9 -14 -19 7 28 -6 -24 12 -25 17 15 -22 34 -3 -11 2 2 1 3 4 7 -7 -29 35 -23 30 33 -18 -31 18 -27 46 -8 -64 -26 -44 -65 47 -23 52 11 25 40 10 6 4 -7 0 9 14 40 15 -26 11 2 -1 -39 -9 -27 -20 27 -49 29 71 -3 7 -3 0 -32 
4 -17 -3 37 -10 2 4 1 -32 32 -2 33 -2 1 3 -46 7 2 -5 33 -13 -27 2 -4 -15 -14 -20 49 -27 10 23 -8 9 36 1 29 -16 9 -24 18 -4 -23 51 35 4 -1 -15 -26 24 3 19 4 4 12 -6 -20 -47 -3 -4 -6 17 2 0 16 -11 21 -3 2 -7 -1 10 21 31 -2 2 2 -3 -20 -8 39 -21 46 1 -49 16 52 -3 9 -27 -5 40 -23 28 -58 -33 10 6 44 -17 -22 16 -7 -11 -7 -37 2 -50 -67 31 1 -1 -3 -34 -10 -4 -6 79 -76 38 24 -8 -4 -5 -2 -3 
0 1 4 62 -17 6 28 -1 -35 1 -4 1 4 16 -42 2 4 -4 -4 -7 -5 9 -5 -1 4 -4 2 -20 1 21 1 11 -1 -8 -8 -7 -8 -2 0 -19 -15 19 7 4 2 0 3 1 -1 8 -22 10 20 -5 16 8 12 0 -5 -5 6 -5 2 17 15 0 -12 17 -11 23 27 -33 1 -4 -28 -4 -2 12 -10 16 -24 6 -4 -53 35 6 25 8 -28 30 55 22 1 -37 -43 16 44 19 -27 -27 0 -21 -2 -25 5 68 19 4 -1 0 39 -10 -2 -7 -9 7 8 9 83 -1 -5 0 -2 -2 -8 
0 2 -20 61 -15 -20 -4 -13 8 16 12 9 6 -3 0 -1 -4 -5 -6 16 0 1 21 8 114 25 12 29 9 -14 -8 12 -61 -4 2 -3 14 -1 -6 -41 16 4 -4 9 0 12 -31 2 8 -3 25 -10 -19 -11 -26 -18 5 -30 -15 14 -30 11 16 5 -10 13 -20 -2 -5 4 3 2 0 3 3 -7 -2 8 -25 7 -68 21 -1 -43 15 -14 34 -2 -39 -16 24 -2 19 9 22 -19 7 12 -38 -18 -1 -4 26 14 12 73 9 -3 -5 37 1 -8 -26 -4 -10 -9 6 -24 7 -20 -5 -5 -6 -4 -6 
-1 3 -25 60 42 93 6 -15 17 7 -37 -15 -1 25 -2 2 14 -1 -11 -11 -6 -7 -14 107 0 0 6 2 26 -11 -7 8 -18 -15 5 -3 6 -6 0 -3 29 27 -16 13 -6 -6 4 1 40 -4 4 -2 2 -1 1 -16 21 -20 9 12 -32 26 -22 -17 -34 36 -35 21 -6 -3 5 6 2 -12 1 0 20 -33 20 8 -39 33 5 -42 -13 -35 21 6 18 31 1 13 27 21 -2 -13 33 28 24 36 -10 7 14 2 7 90 56 4 -8 4 -3 -6 -27 -13 -16 4 4 -1 1 3 17 -1 1 0 3 
-6 -10 -8 23 -50 -65 -55 -51 20 -1 -1 -7 -14 -1 6 4 2 -2 -4 -9 -35 -6 5 -1 -4 -12 -45 -31 33 -4 44 7 -10 9 16 10 20 -1 11 -5 2 13 -7 6 5 4 14 -1 0 0 -26 -35 -2 4 0 -28 18 -19 27 4 -19 18 5 39 -3 29 -15 12 13 -24 1 -8 -4 1 -24 2 -3 -25 26 4 -42 31 4 -19 24 -35 6 29 15 -1 -18 11 -3 29 13 -6 10 -10 -17 5 -34 -55 6 -2 20 71 0 0 -8 -6 0 -16 -12 -6 12 2 -1 0 18 -14 -1 -2 -32 -1 -1 
-10 -25 23 22 -1 -27 -2 -2 20 -6 -7 -5 -11 -2 1 -1 4 0 -6 -13 -4 0 9 -3 1 -8 -72 -6 -1 -1 -3 -19 -9 -30 20 8 8 3 1 -4 -2 29 22 -1 -9 -4 47 3 -1 0 -2 3 -4 -20 1 -20 21 -29 22 -29 -37 19 -14 11 -2 20 -21 4 13 4 -14 -11 -25 -1 -1 -20 7 -26 27 -6 -39 0 11 -51 22 -59 1 25 -9 -12 -24 -6 -8 9 20 -35 1 -36 -17 41 4 -50 7 0 38 49 0 0 47 0 0 -31 -11 -11 -15 -35 8 -38 -26 13 -29 -9 39 -23 16 
0 2 51 34 22 4 -4 -7 33 -6 10 15 -8 -4 -1 1 35 -4 -11 -13 3 4 -7 -3 -1 -1 10 -4 -5 -1 22 3 -7 -43 15 0 6 1 5 0 -12 4 -22 -7 -8 -4 -11 3 1 1 -4 4 -2 -2 -2 -2 14 -7 51 -8 -12 11 -4 6 -19 3 -10 -6 23 -11 6 -4 -42 -47 -9 -15 -6 15 42 -31 -26 -12 -19 -64 -42 -48 -9 49 20 9 -22 8 -48 22 26 -25 22 -23 -7 38 -17 0 36 27 39 22 -3 -8 10 46 0 -28 17 -15 -10 -24 -20 -25 12 -4 -56 70 -28 -3 -21 
8 14 26 -45 -40 -12 -12 11 38 -4 14 9 -22 -4 24 3 -46 -4 -8 -2 1 -4 -6 -3 -2 -3 2 -5 -11 3 -3 -9 -2 -50 47 -11 6 6 8 1 -14 5 12 -10 0 33 1 -1 -7 -4 -1 -1 -1 -2 29 -4 0 46 45 -1 -11 33 -21 32 -7 -13 11 -13 9 -15 -15 -47 -32 22 77 -17 -2 -24 -39 58 4 35 7 3 42 31 59 0 -17 -2 -42 12 23 -30 22 -39 -15 -9 18 50 -2 0 4 7 1 6 1 43 4 0 -4 -16 13 -4 1 -39 -28 18 -7 0 -1 13 -35 -36 -16 
2 6 -1 4 19 9 1 -8 3 -8 -16 -9 -37 -14 -2 -5 -4 -5 -10 -4 -1 -13 -11 -1 2 3 0 -5 4 -2 23 -1 -2 -6 61 -3 0 3 -45 -10 -16 13 -21 -13 -11 -42 1 -15 -1 -19 5 -10 -1 -28 3 -6 2 0 11 0 4 10 -34 21 27 8 27 -12 23 -17 -55 -2 -4 34 19 -63 -35 -42 47 15 13 8 -21 47 45 14 22 -25 12 58 21 22 10 8 -11 -67 -22 -46 -98 6 -15 -8 -2 -15 0 -46 -45 -37 -19 -12 -18 -20 -45 -7 0 -45 -1 -32 61 58 44 36 6 54 29 
2 4 -3 0 11 15 6 -3 -18 -32 -36 -27 -18 -9 -3 -7 -2 -5 -25 3 -8 -9 -3 2 -4 -12 -18 -3 2 -13 -29 1 -26 59 27 21 -3 3 8 -6 -1 12 -32 0 5 2 -1 20 -3 2 -5 -8 2 5 4 -27 3 -2 1 -1 -3 2 -3 16 4 1 3 -2 -20 -23 7 2 32 8 -30 -8 36 -13 24 -45 -32 -4 19 39 -41 -29 -16 -7 31 32 40 18 -16 -5 19 43 13 24 23 -7 14 8 2 1 -13 -5 -10 -12 2 -19 -36 -42 -10 9 4 -8 -57 6 57 11 10 10 27 13 8 
3 1 -6 -27 79 -5 32 18 -15 -6 -18 0 20 14 23 8 2 -13 -21 -20 -2 1 -5 24 -2 -3 -3 -8 -3 -2 -4 0 -46 21 17 -4 -2 28 -1 1 -5 -12 -29 -6 -1 -1 -35 23 -5 0 -3 0 2 2 3 -4 -6 2 3 -1 23 7 -13 11 2 27 3 2 -21 -5 44 14 35 -38 -19 26 68 -8 22 -36 7 -2 32 10 -37 -46 -11 40 42 -35 -38 -34 -9 0 39 -12 39 5 -31 8 94 -12 3 -5 -11 -1 16 6 21 -1 1 -1 -4 -50 -5 -30 3 12 23 3 -21 -14 -2 0 6 
11 3 1 11 15 -35 -62 -50 -60 -6 -5 -49 -1 -12 23 11 -37 -48 -10 -26 36 2 -4 6 -2 -1 -7 -2 1 0 0 3 -30 20 13 -11 8 6 -1 -2 -16 31 -38 -1 4 -3 -5 -2 25 2 24 -29 -38 2 30 -5 -1 -4 28 -2 1 -4 4 -5 17 1 22 -1 -28 -7 16 -23 30 5 -1 1 8 -11 28 -11 37 -29 20 16 -17 13 -26 38 44 -38 -5 -4 0 38 41 -37 -23 -50 -14 10 49 -19 1 -3 9 3 0 0 -16 -15 -11 -15 -12 -8 -11 0 0 -21 -5 2 -13 -16 -2 -3 -2 
6 0 36 21 8 9 8 5 26 -34 12 16 17 11 -2 -22 -13 48 12 23 -38 -58 -34 -50 -27 -16 -9 1 -14 17 13 19 -33 19 6 -14 11 -19 -2 -2 -4 47 -29 -11 0 -15 32 1 1 1 2 32 -3 -1 1 -8 -10 1 -1 0 6 -3 2 -14 3 4 -5 1 -29 -14 1 -34 19 36 -9 8 2 1 7 -19 29 -51 13 15 28 27 -35 7 14 -28 27 -42 1 -1 2 -31 19 -40 27 48 -4 26 22 -16 -1 -12 -1 -16 -43 18 -13 -20 -19 -34 -51 74 40 26 33 -60 -16 -46 -23 -39 -40 
-5 3 6 -1 2 -1 2 -1 4 8 4 5 14 19 7 13 6 9 5 19 9 27 18 12 2 12 6 5 -26 -22 -34 22 1 13 -12 1 6 1 11 -12 -14 23 -18 -13 1 -16 1 28 1 -1 5 -24 -1 -19 -2 -8 -2 -2 5 5 0 -2 -1 10 6 0 -16 -31 -21 18 4 -38 7 -50 -27 26 -10 -4 0 10 15 -43 2 -19 34 14 -66 10 -11 -18 62 -12 10 36 -13 -18 72 37 39 36 -31 28 -5 -4 42 -4 -3 -41 -10 53 2 -18 -6 2 9 15 15 -15 -18 -72 34 5 17 -1 12 
-4 18 -6 -6 -1 2 -3 1 -1 -39 24 5 -7 -3 5 -3 1 0 4 -11 8 -28 2 12 14 17 48 10 6 -10 -19 0 5 2 -16 16 0 2 -5 -21 42 -14 -13 -6 1 2 -1 1 4 4 15 -17 -1 -25 -24 -1 29 -2 1 5 -1 -5 -4 7 1 -1 -3 -25 -19 28 3 -29 12 28 12 -9 -18 -5 -15 30 20 -11 2 -53 29 15 -7 6 -26 -24 49 -14 35 4 -39 21 39 -3 21 29 -19 38 -31 23 1 -47 -58 -31 55 28 18 0 -2 0 20 9 -15 -14 -43 -57 45 27 40 56 57 
-2 -3 0 5 6 -2 12 -3 -4 4 0 -1 0 -21 14 -6 -2 -2 1 25 -17 -3 8 12 2 1 -40 -5 11 23 26 6 17 28 9 -29 -4 -6 -19 1 57 -48 -4 -1 0 10 1 3 -1 1 27 5 1 1 24 8 25 0 7 4 -29 -9 3 -2 1 -2 -1 -6 -18 35 -2 -30 13 11 16 -6 -24 8 -19 33 28 15 -9 -42 16 -20 8 9 -71 -47 22 10 35 6 -55 26 18 -34 23 19 -5 56 -17 10 2 -56 16 -22 56 10 -49 -6 -2 18 34 5 8 -34 -62 7 4 -12 -52 -31 -12 
1 1 4 -15 2 1 3 -2 5 -4 -3 -4 -5 -2 -1 0 -19 -24 -15 20 -26 19 13 26 7 -15 18 25 1 7 1 5 8 -2 1 -2 1 7 7 73 -16 4 11 7 -26 2 0 -1 2 0 -2 -14 36 22 0 39 -20 -10 -7 1 -2 -5 0 -29 -3 0 2 -3 -21 -1 -41 -51 40 -5 -34 -3 -60 -16 -38 -59 9 -3 -18 -1 30 -2 19 19 -44 -4 16 -24 35 11 -43 32 2 -54 6 18 -5 28 -13 -4 29 -57 21 -16 14 3 -2 43 10 24 42 -2 31 -46 -5 27 32 24 12 53 31 
0 -5 -2 -14 27 29 -26 0 -4 4 29 2 -3 -28 -3 9 -3 -6 -8 -6 -6 -8 18 -20 -22 -17 14 10 12 22 4 -20 -3 26 -11 -4 -5 16 -11 -12 -3 3 4 16 10 0 -12 -2 -1 3 6 -2 1 3 2 -1 1 -1 -34 -4 17 3 3 -17 -14 1 2 2 8 23 15 48 46 0 9 5 82 18 6 -52 -8 -22 52 -20 -28 -8 -33 -5 9 11 -13 -14 29 17 -42 24 7 -5 19 -33 -15 24 -4 4 -14 -17 5 -8 21 37 0 -6 18 30 0 -3 -7 -43 -4 22 -56 -29 -23 -19 0 
-4 1 14 -1 -4 18 -4 2 4 -21 4 5 3 0 3 1 36 4 -39 2 1 -4 35 -7 -9 -6 -20 -6 -8 -13 -20 -28 -31 -24 -10 -10 -45 -53 -3 2 -22 4 -28 -8 -5 -16 3 4 14 2 2 2 2 -16 2 4 8 2 -2 6 1 -4 0 -6 -23 38 -1 0 0 1 6 4 -8 13 6 3 -39 33 27 25 -19 30 11 7 11 -4 -6 22 3 6 -12 -29 38 -15 -5 -35 -47 1 23 0 -1 26 -28 -3 -70 1 -54 -4 29 1 5 5 10 28 14 -10 -5 -40 -5 27 1 31 -10 -3 18 
-6 -5 8 -23 -3 -3 -6 -28 20 4 5 -1 0 1 6 18 -5 7 4 -4 3 4 -1 7 -4 17 -5 -3 7 24 -3 19 -7 -6 -9 -12 -1 -5 -2 -8 3 0 29 -1 23 -7 2 5 1 -3 5 -5 28 13 0 5 -4 0 4 3 -5 -4 -5 -7 1 -27 -3 1 1 13 -35 -21 -23 18 1 0 -25 7 11 1 -4 8 21 21 -12 6 6 9 -3 -33 25 -7 -4 -43 1 37 -26 22 -5 -34 -51 7 -13 1 2 15 -13 -5 28 -16 -12 1 3 17 -4 -9 -44 -32 0 31 5 3 -4 2 19 
25 -1 -18 12 -11 -3 -1 6 -3 2 -1 1 -2 -23 23 18 -6 3 -1 4 2 5 2 -1 8 4 -2 8 11 -36 7 4 1 6 0 3 3 2 3 -6 -4 -3 -2 -16 -2 -9 0 -33 -3 -2 1 4 3 9 -24 -1 3 1 2 -2 -22 5 -1 -26 -3 -7 -6 -6 -9 -8 -33 -10 -46 3 -6 2 -9 0 18 -13 1 23 4 -23 5 -3 4 5 15 5 -20 17 14 -1 30 -26 0 31 17 1 -13 -25 34 4 -5 -46 -18 2 22 -1 4 49 32 14 -4 -3 -5 -31 1 -2 4 8 37 13 15 
16 2 25 -27 45 37 25 15 -3 -9 -5 4 4 30 -1 -14 -10 -5 -8 -6 -3 -6 -8 7 5 23 0 -2 13 -6 0 1 -19 4 37 7 7 3 10 3 -16 33 -1 -1 -4 4 9 -5 14 -4 4 -49 0 27 -4 16 -2 -1 -4 0 -11 0 -23 10 -2 -15 13 10 3 -5 7 41 36 23 29 23 20 24 29 -4 0 3 3 -11 -25 74 113 18 48 8 -25 7 5 5 0 3 0 1 -44 28 19 36 -9 10 -2 -39 -10 -2 14 1 0 2 14 33 0 -2 18 -33 3 29 -3 2 5 8 19 
-20 4 -16 -7 31 -24 -49 -61 -48 -11 -18 68 68 67 39 -20 -6 -17 -46 -44 19 -17 -9 -3 -7 -7 -14 -31 -63 -40 -24 -36 -42 -7 -11 -4 1 -2 9 4 26 2 9 2 -1 7 -13 7 -7 16 4 -25 -15 -13 -1 0 -5 -2 8 -2 20 9 -25 -3 -19 -3 4 0 -2 -2 -2 -3 -1 2 5 6 2 4 6 7 10 9 8 -8 -26 65 -7 -102 61 -5 34 5 -8 -3 2 -3 6 15 12 26 -8 0 0 -1 -47 -58 -7 13 2 -18 0 1 27 11 4 0 -36 -9 5 11 -49 -3 -4 8 6 
0 -8 -2 -17 12 2 2 9 20 22 17 23 -70 -41 -118 -59 5 16 55 29 61 -20 -51 1 17 3 -47 -15 1 3 51 66 36 19 8 -2 10 -2 -2 0 -14 1 2 -13 5 7 -1 -1 17 20 -6 6 17 12 0 4 0 -33 2 6 2 4 -8 -1 2 3 -2 -1 36 -24 -3 -3 1 -1 13 -3 -1 3 -26 3 4 -1 -4 -4 12 22 -33 -93 -5 28 -14 -46 -4 5 9 4 5 2 -1 7 0 13 -36 -28 -4 -49 -5 14 -3 -2 8 -1 39 -1 9 0 -39 -8 6 10 0 -1 0 19 -10 
19 -1 5 -41 21 -25 7 24 17 16 -30 -5 -2 6 -55 -10 17 -4 -18 -45 -15 -54 59 -1 1 16 -19 -1 1 -21 50 3 -11 -18 17 4 7 0 -3 -4 -10 -9 -39 5 3 1 -2 -48 12 10 0 1 5 5 2 -1 8 5 6 2 -7 31 -2 0 0 40 61 0 21 1 -34 0 3 -1 -1 -2 -1 7 -2 -1 -2 -2 -1 2 21 7 8 19 -1 20 6 -2 2 5 5 2 9 -11 -18 6 5 5 -3 6 0 -21 3 8 -10 -5 9 8 34 5 1 -1 -41 -4 7 12 40 0 -1 8 -2 
