-19 -3 -8 -35 6 -22 8 14 1 7 4 1 13 8 -12 -17 -12 -33 -36 -45 -14 -8 -12 -15 -6 4 -5 8 5 18 27 27 29 31 25 29 18 17 -65 16 11 21 8 5 11 2 44 -3 8 5 10 11 16 -21 -2 9 -19 2 8 62 9 27 36 17 14 7 33 5 -16 -12 -24 -52 6 -6 28 27 16 28 3 5 2 3 5 4 -1 -2 -14 34 44 -13 32 1 -25 38 0 -7 -4 -5 -3 1 -9 2 1 -1 -7 57 29 25 -7 -2 31 -18 -4 -3 -4 -10 -9 -14 -5 10 40 17 24 4 -16 
22 -4 4 -25 -20 -16 -21 -36 29 2 -12 -6 0 -24 -6 -4 -8 26 1 -15 -21 -11 -8 -14 -3 9 -7 12 0 -6 -3 -18 -29 -26 -19 -55 -39 -24 -6 32 27 1 5 4 9 -3 3 6 6 -17 -1 3 -1 -7 47 18 5 1 0 0 0 -24 27 3 -25 -16 -42 4 7 -32 24 26 19 23 -8 29 21 42 -9 36 5 -3 -39 40 9 9 45 -39 6 20 -12 45 -2 4 1 3 -13 0 -1 0 -6 23 -12 -24 -9 0 1 19 -26 9 -13 4 10 5 -7 -32 -5 40 -2 -16 25 -39 16 0 -1 
2 -13 -25 0 18 12 -13 -8 -29 -39 -18 -40 -22 25 10 -56 -8 -4 -27 -5 -19 -12 10 -27 -20 -26 -11 -43 -35 -47 -58 32 0 -39 -58 -18 -20 -42 14 -7 -9 31 1 3 5 6 -6 -25 -38 -35 -38 -29 15 28 13 11 1 -4 -26 4 0 -5 17 22 22 17 50 48 27 0 10 5 -4 5 5 -11 -12 -2 6 12 -2 0 32 6 -1 -36 5 20 -41 0 5 -6 -2 0 0 0 -10 0 1 -1 -2 -13 7 -16 -2 3 -36 2 -3 -33 12 22 8 2 5 49 9 -11 15 44 -64 -3 0 37 -1 
-18 -18 -17 -36 -28 20 17 40 25 24 38 34 23 -2 -17 -9 14 -6 24 2 9 13 -11 16 -2 -2 -7 9 2 -6 -2 -47 -1 2 2 0 5 11 -17 -18 1 -15 12 3 2 1 3 19 21 31 30 11 10 22 -4 14 3 1 -14 16 0 12 0 -6 12 21 -5 -50 3 28 14 5 3 22 11 -8 -16 -5 -2 0 1 17 -18 -1 -56 0 -5 21 12 -12 22 -1 2 0 0 -45 0 0 2 2 1 9 1 4 -17 -7 5 -8 -59 1 -21 0 -5 16 17 19 16 5 -33 8 5 -4 3 -6 -24 
2 24 32 3 4 14 -7 -6 -2 -13 59 3 20 -20 11 1 2 23 3 -3 19 15 8 -9 7 15 5 -8 -10 3 0 36 -14 -10 -24 -1 -33 -10 -33 -5 2 11 1 7 -22 0 9 6 41 -3 67 37 5 10 -15 -13 2 -10 -28 14 -35 -11 0 -17 -26 -38 -15 32 53 17 -58 3 21 0 -6 0 -5 -14 -77 -9 -37 -4 4 -2 64 5 7 -20 51 40 -22 -7 37 -1 1 -21 -4 -46 -1 -3 7 -8 -22 -3 0 -12 -16 5 13 13 0 35 14 51 31 -36 -24 -4 42 -4 -9 -3 -6 14 15 
33 18 -12 11 27 23 -19 2 43 17 -90 -6 -24 5 31 39 -19 25 27 11 2 34 26 30 29 3 16 46 -13 -14 13 14 20 -7 7 25 32 27 20 24 -12 24 10 6 8 11 -1 -42 -11 -8 -23 -4 -14 -8 -7 0 2 0 -13 -122 -49 -44 -14 58 14 17 -33 -32 -12 -2 -5 -10 -17 -39 -29 -68 -15 5 18 4 26 -31 27 4 18 -13 -8 5 -12 -13 0 17 -5 12 38 3 2 -1 -9 0 -17 6 6 32 0 -6 3 -2 -18 6 22 -3 -14 -42 4 0 -17 -3 38 12 -33 -9 32 4 17 
11 7 -31 7 9 5 13 11 34 20 66 41 55 29 -4 2 8 -14 4 1 25 -22 27 12 1 -11 -29 11 58 62 19 47 45 35 5 20 42 -23 -21 2 27 11 33 2 3 29 -4 23 1 29 8 -8 -27 -13 13 -16 5 19 14 -15 35 19 -35 -52 -15 -4 4 -20 -17 -34 -4 -40 -9 8 -2 -40 25 -6 55 -6 -16 -9 -7 16 -24 -23 -17 -33 -19 -48 11 5 2 7 9 18 12 3 3 -36 0 -3 -16 -3 14 10 -5 -6 10 10 4 26 14 2 -15 -6 5 13 20 1 53 8 -27 28 23 
1 -3 2 24 15 4 -2 -5 -1 3 -6 3 19 12 -31 18 6 -8 3 4 3 -19 -28 -21 -5 39 35 11 14 17 17 8 21 21 -1 9 15 81 -9 36 12 2 1 -9 -3 15 13 16 1 9 8 18 22 29 23 0 9 -32 11 0 29 27 -11 -11 -9 -27 -8 9 0 12 20 14 73 45 -33 -16 -2 14 -6 -3 -16 -19 -26 -59 10 -14 24 6 60 61 28 27 5 -6 4 -2 1 3 -16 4 -10 -9 -40 3 -3 27 0 9 18 20 11 -8 -26 -14 4 11 27 14 9 -1 -42 43 1 8 -9 
-3 -2 2 5 2 5 7 46 -4 -30 -2 5 6 8 10 5 12 1 28 49 6 43 29 -7 -34 -18 2 8 3 -1 -2 -39 5 6 23 6 5 3 3 -3 -2 -12 -2 -11 -33 13 25 12 8 8 -5 -5 -13 -36 -10 -21 -15 -57 -62 -10 -74 4 4 32 -18 9 22 7 -13 2 -7 -13 -9 -35 8 2 -29 -16 -42 -22 9 3 16 45 14 27 -4 -3 11 6 19 16 -3 4 0 35 8 -6 17 12 0 3 -12 -5 5 -6 -28 39 -8 -9 -11 2 -25 18 14 12 -14 -11 20 42 17 -30 -27 12 3 
14 2 -39 -1 -1 -29 0 -2 8 0 -35 -7 1 -3 -3 11 58 -34 -38 -63 2 3 11 22 11 15 -31 -28 -26 -22 -3 -18 -38 -34 -18 -26 -23 -25 -7 -15 -24 -18 -5 17 6 11 14 -36 0 7 14 11 38 43 15 -17 30 -35 -2 8 -21 -23 12 -12 3 30 -1 3 39 -1 -17 -6 -9 -6 -2 -4 6 9 45 35 6 3 -29 -25 -6 -13 -9 -15 -87 -92 -41 -6 -6 -4 10 -6 -11 -8 -2 1 4 -15 1 3 38 23 11 -18 2 -23 60 10 2 -16 -52 -17 14 -1 -34 -21 -16 11 -4 -21 0 
-47 7 4 6 3 2 2 -2 7 5 2 30 5 11 0 11 11 23 12 -8 -18 3 0 -3 -30 1 4 -23 -36 -23 -31 -21 -18 -36 -40 -22 -16 -17 -9 -26 -19 -6 -4 -12 -2 1 4 4 7 3 5 3 4 19 11 32 -10 -18 1 25 40 26 98 -22 -4 11 -20 -3 19 0 -3 -5 12 10 23 15 2 -1 10 -10 -8 -10 26 -1 -58 -80 -31 -16 -2 -12 -8 -2 -3 -5 -7 -16 1 -38 0 -9 11 6 27 78 13 -12 -1 -1 8 -2 -7 -3 137 -8 27 5 -44 8 -16 -23 -29 -23 -5 9 -25 
-8 -36 4 2 3 31 3 8 -2 4 3 1 -3 -1 1 6 14 58 -14 -28 0 17 22 6 48 -13 0 18 2 35 17 -6 3 -5 6 -9 -5 0 -7 -17 -8 -21 -1 -4 -2 1 -2 1 7 5 -3 -7 -5 -5 -1 7 -31 1 0 -9 -62 -41 -70 -2 -2 19 -3 -4 26 12 12 15 1 -17 3 -7 -12 -25 -41 -65 -73 -42 -12 -5 -10 23 -12 -12 2 -28 7 4 4 -10 9 4 0 7 -5 14 -8 5 0 -12 -5 -4 5 17 1 -5 -13 -3 -25 22 -31 5 -13 -5 -6 -11 37 -7 -6 -8 -53 
7 6 -7 2 6 9 -1 9 4 8 -79 -1 -1 -1 -3 -3 -5 11 30 -27 -5 -21 -2 19 -29 -12 -33 -12 20 23 -5 -5 -21 15 5 8 -7 20 -10 10 12 13 -12 -20 -6 37 -7 -22 -19 -11 -7 -7 -9 -12 -42 -5 38 13 14 -47 38 2 46 18 25 -26 6 3 0 -4 -6 -17 -56 -56 -68 -36 -24 -17 -14 -2 -10 -8 2 20 9 10 23 17 4 2 16 0 0 -22 -4 34 44 9 30 -3 -1 12 23 47 0 2 -4 2 28 -22 22 38 14 -26 -13 7 2 21 23 15 -5 38 -23 -4 14 
-7 0 6 5 41 -10 7 8 36 1 6 -29 9 -2 7 5 -2 -13 28 7 -8 -41 5 -14 -10 16 -9 4 -19 -34 -30 -43 -21 -14 17 -11 -17 -14 -19 -17 -1 -5 1 5 -10 -55 -71 -50 -68 -67 -44 -36 -43 -16 14 -39 -14 3 -22 -3 0 -2 0 25 4 0 -10 -21 -44 -76 -94 -93 -19 9 -11 -5 -5 22 9 6 15 13 18 29 21 5 2 5 1 -34 -5 2 -32 4 26 -3 -24 -8 -4 -17 -17 -11 -72 5 -6 -1 -5 -17 59 -4 -14 -49 -10 -2 -21 -7 40 -23 -46 -3 -12 -19 14 -12 -10 
0 1 0 -4 -119 -43 -37 -7 -44 9 7 7 10 21 -27 11 30 -15 17 33 36 15 30 7 10 14 28 24 12 23 58 21 0 26 21 20 17 15 8 40 19 9 40 -19 -42 -16 17 3 -6 -15 1 -3 -10 -25 -7 2 5 -11 -3 1 17 -4 -53 -40 -77 -99 -39 -23 2 -12 0 -8 -25 -3 11 6 12 -16 5 25 -17 -14 -3 -5 -2 0 -16 2 10 8 11 15 8 3 -14 1 2 -37 -16 2 -36 1 -11 -10 -23 -5 -32 34 -2 -3 30 42 14 -7 -11 -4 -31 -6 -14 -54 -41 24 -20 32 -18 
-7 -2 -5 47 1 -47 5 -6 -60 -11 -16 -24 -9 -1 27 -1 7 11 47 11 14 18 9 8 12 -13 5 8 5 -7 -2 2 -11 -10 -8 -11 -15 -7 -30 5 13 -11 -28 -44 12 -43 9 7 3 0 2 21 -2 8 7 -3 -13 56 16 33 15 -17 -28 -5 -22 -21 -3 18 -7 -10 -15 -31 -28 9 -5 -6 -30 43 -8 11 -7 -7 -4 8 15 22 16 3 -2 11 13 1 -10 7 4 -8 40 26 15 3 -13 32 11 -14 35 14 43 28 11 -7 65 -83 30 20 11 132 11 17 2 15 -19 -3 -2 9 0 
-18 -15 -8 -11 0 5 4 1 38 10 -6 36 4 50 -1 -6 -6 -11 -31 -45 6 16 11 -9 -9 -13 -36 -40 5 -9 -18 -4 -1 0 -7 -12 5 -8 -18 -17 -21 -17 13 -18 -2 -1 15 29 20 18 1 8 2 5 28 -28 9 19 -12 -18 -29 -16 -7 8 -8 -4 21 19 15 19 44 35 3 -1 13 1 5 14 -2 15 16 5 13 10 12 20 11 3 -1 2 -24 10 -10 -28 -14 2 -40 -1 -3 -14 20 -19 0 -26 2 -7 11 -38 0 28 -11 -13 11 2 5 -64 -2 37 -6 12 -35 -3 31 3 26 
-49 1 -3 -2 -11 -15 -7 -4 -8 -12 -52 -5 4 -27 -17 -22 -29 -25 -46 -29 -1 25 14 0 -7 -12 -21 -7 -13 4 4 -10 -10 -2 -2 -1 -12 3 -8 -6 13 1 -7 -7 2 7 23 -10 -11 -4 -5 -11 -7 -1 17 -19 -37 -7 11 -6 39 -9 10 -1 10 -44 -18 -3 -1 -5 2 10 8 -4 -3 1 -3 13 -28 4 15 9 5 -2 -4 17 15 0 -13 0 -1 -4 1 3 -2 3 4 -3 12 18 20 -13 -19 6 2 -6 1 -35 15 -15 -21 2 51 1 4 46 11 25 3 -3 37 1 30 7 12 
-7 -2 -5 -10 -6 -3 -8 -8 -3 -1 -18 -19 40 -9 -23 -60 -41 -7 6 -2 21 -31 -11 -11 -3 -29 0 -17 -15 -14 -21 -11 -4 -10 -5 -5 -17 46 -2 -11 12 -3 0 -2 -4 -1 -6 -9 0 -38 -7 -1 -5 -7 -10 -15 12 -15 7 46 -7 -8 -24 5 -10 5 15 23 3 -9 10 12 12 19 34 -11 -4 -18 -3 -10 1 1 6 7 -1 -11 -4 -9 -5 26 3 3 -1 1 5 4 -18 2 4 23 -67 30 3 14 -28 7 21 -8 -8 -1 1 18 9 5 8 9 9 10 4 -2 -2 2 -12 -10 5 
-9 -15 -23 -9 -19 -5 -14 -8 -12 -16 -28 -6 -9 -17 -22 19 -6 -10 -3 1 0 -23 -18 -18 -35 -30 -13 -11 -4 -1 -17 -2 4 8 -1 -6 -13 -6 -10 -16 3 -3 -3 1 -2 -8 11 -11 -3 -8 -4 -5 -28 -40 48 10 -6 -3 -13 3 12 -28 -2 -8 -8 16 13 5 4 16 -23 -13 2 35 3 4 -28 8 20 -4 0 2 16 0 -1 -1 35 4 2 3 -29 -6 0 -7 -6 1 -31 0 1 5 -1 2 5 16 -4 2 12 78 57 70 49 -5 -15 -26 -2 1 -1 -28 5 12 12 11 13 -11 -16 
13 -6 -16 17 -14 -29 -14 -19 -25 -35 7 -57 -12 -41 -16 -64 -48 -40 -14 -15 9 -13 -15 2 0 -25 -9 -1 -27 -4 11 1 -15 -27 -5 -29 16 -8 19 2 16 21 16 19 36 12 16 36 9 17 6 2 4 0 2 24 24 7 -4 -24 22 -2 20 72 25 25 2 -11 -11 1 1 -9 -2 -3 7 7 19 41 10 -7 -9 -50 -29 -5 4 -12 -8 -10 -14 -7 18 17 0 7 5 -1 -5 -4 -18 -2 0 26 2 1 -7 1 -15 -36 -58 -49 -46 16 -14 -12 -1 0 16 32 0 -4 7 23 29 4 3 
-34 -69 -44 -15 -10 -31 4 -37 -22 -24 -51 -20 -2 -13 -4 -4 -2 3 -3 -2 -1 -28 -50 -34 -3 45 -1 -6 3 32 49 12 61 55 49 66 64 14 43 63 59 96 84 49 77 41 53 -3 -4 38 2 1 9 42 -27 -5 -15 -10 -5 2 4 1 -4 -4 7 6 41 -28 -28 0 -52 -15 -2 2 -2 -3 8 -8 53 -3 2 -22 6 -3 16 20 28 23 -39 -23 34 2 0 -18 49 -5 -32 36 5 -5 -12 26 9 20 16 -36 -9 -29 5 11 17 4 -1 -2 1 -1 2 -1 4 35 -27 -9 -26 -28 -19 
18 5 -4 -1 -17 -3 0 -14 -8 -7 -8 -3 31 12 22 18 13 4 -35 6 -29 55 9 22 46 31 8 12 28 29 42 26 49 2 -6 28 10 41 -43 -28 6 -50 -45 -81 7 7 -14 5 -26 1 9 13 13 13 38 10 14 12 0 -4 0 8 11 13 5 -5 -3 -4 21 6 3 0 -1 8 26 24 10 10 -13 -12 1 -7 18 -6 7 -13 -7 5 -15 3 41 -3 -14 -2 41 -9 -12 -8 12 28 40 20 4 20 -13 22 33 28 1 -11 22 -12 -10 8 6 2 1 1 -9 -13 -7 -2 1 4 19 
-13 -7 23 6 -2 -5 0 10 -30 24 11 -27 -2 -12 -8 -15 35 70 -1 47 59 15 20 11 33 63 66 56 -16 -10 28 -48 6 -42 -5 -70 -17 -3 -11 -5 -32 7 7 33 9 -29 10 -18 18 -3 -4 -33 -3 6 0 -1 0 -23 -9 7 -1 -2 -6 -7 -4 8 3 6 -14 -4 2 -5 -10 5 5 6 -10 11 38 4 4 5 3 -1 5 1 9 5 15 5 -6 5 5 -3 26 9 13 8 -9 -35 -9 3 0 -15 -23 -22 -24 -20 -1 -50 -15 -5 15 30 4 -5 -1 5 -24 5 -17 -5 -14 -21 -10 
10 13 -6 1 22 -8 19 0 47 30 37 6 13 -8 -1 -12 -16 0 -21 13 40 21 88 51 -55 -19 -19 -12 5 22 -41 -2 43 85 29 18 -4 -21 -12 -2 14 10 -2 -1 -4 -9 -3 -19 7 9 9 -1 -19 12 -29 -1 -1 25 2 5 -22 -4 2 -19 26 -1 22 -7 2 13 1 0 -11 2 29 18 1 25 29 25 4 30 -23 -4 0 0 -16 -13 -25 0 4 21 0 -16 26 16 -32 5 4 29 2 -26 -44 -1 13 -9 2 7 9 6 8 4 24 1 0 1 0 -19 -1 1 7 -16 25 7 -17 
-8 -10 3 2 -23 20 -18 0 20 5 14 53 38 19 -1 -14 -6 -22 15 -31 5 4 -42 -45 -28 -32 41 -35 5 -14 -4 22 -59 -85 -13 -61 -2 7 47 8 3 -9 -15 -3 -2 -15 -4 -14 -8 -36 -18 47 -3 -14 5 6 -3 -8 -2 -33 -7 -6 -4 -41 6 3 -4 -9 -7 -2 17 1 -13 1 5 2 -2 0 12 5 -4 -7 -8 -39 -6 6 6 -11 -5 -10 -2 -1 -1 17 -3 -3 2 4 35 20 45 16 -24 16 9 6 -6 5 13 1 0 4 5 0 -26 1 33 10 8 -1 13 -5 -2 -14 -10 
0 26 10 30 -12 52 6 2 2 5 -18 -9 21 26 37 59 15 -14 25 26 17 -27 -12 36 -6 5 -25 -36 -42 9 -41 -36 -49 -27 11 12 11 0 -46 -47 -25 -11 19 1 -3 6 6 1 -4 11 -10 -65 -17 -12 -21 -36 25 -3 -5 2 -10 7 5 -1 -4 -2 1 4 -2 -3 0 -40 -56 -5 -3 -6 -9 -16 -7 -22 -1 1 -3 5 3 9 2 12 -16 -18 -3 -4 27 13 -6 3 -4 -4 0 -10 -7 -7 -13 -41 -7 4 5 -19 6 4 0 -3 1 3 18 -1 6 1 3 -1 3 -17 -13 -1 -6 
36 42 18 48 20 -18 6 -1 -13 -12 -4 -9 35 27 8 8 -1 61 -14 13 51 -5 -9 3 -7 -10 -42 7 15 0 0 6 11 -3 -17 -23 -8 4 -4 23 30 34 -53 26 60 31 23 23 22 19 20 19 14 13 11 8 7 3 -2 -38 25 -54 14 15 0 -2 1 2 2 3 -44 16 -4 6 -1 2 1 -1 7 4 0 2 22 4 -14 4 -22 -19 27 87 8 5 7 1 1 4 6 4 -17 -28 11 32 15 33 45 1 -11 -10 2 17 -4 -22 5 0 49 2 33 -4 -15 -30 -14 4 -2 -8 -36 
-10 -43 7 1 73 29 -8 -34 -11 5 28 26 4 -6 -31 5 -50 -3 3 10 28 -16 -12 11 -10 -8 9 8 3 12 -3 -2 -2 0 25 -1 52 67 68 38 51 47 56 62 53 64 68 64 60 62 59 51 52 32 62 12 30 29 19 4 36 -6 -8 -4 -1 1 -1 -27 -18 0 5 -4 0 -12 -2 0 6 6 1 -4 -3 -3 1 -2 1 -25 -13 30 -3 -19 -7 -15 -2 -32 -24 -10 3 12 38 37 10 2 14 6 8 5 22 39 22 3 -2 17 5 6 1 6 6 0 -11 -7 -2 -2 -22 -10 -10 
-27 13 58 -3 22 2 -1 8 -14 -11 -2 0 -7 35 31 -6 -15 -7 14 7 59 31 -32 -16 -47 9 34 -2 -8 -20 4 31 49 43 45 70 55 2 3 11 -17 -7 2 0 0 -21 0 0 6 2 -8 2 -35 -21 54 14 31 52 47 13 3 -13 -4 -14 -1 2 4 9 9 14 0 8 0 -12 4 42 25 2 -5 -46 -43 -20 -1 -50 -12 3 -9 -16 12 -11 11 6 5 16 35 24 7 -8 -2 2 4 0 -8 -16 -7 11 -1 -12 -13 -8 22 8 3 1 33 24 -8 -16 0 5 3 0 0 -9 -11 
50 14 -32 -23 9 -14 -1 1 -1 1 -26 0 -7 5 3 3 23 18 -23 -7 -37 -11 -38 -8 -4 -5 -6 8 30 39 61 60 42 30 7 0 0 0 6 19 28 32 0 -51 0 -57 60 3 3 6 5 -3 -13 32 -14 43 0 2 16 -6 -2 1 1 -1 9 -1 1 5 31 -19 7 14 -1 -15 16 -5 -24 0 -2 23 -1 -28 -1 27 16 27 44 7 23 37 4 25 -3 -10 -13 -89 6 -11 -16 -17 -6 -16 16 9 24 -14 22 18 -24 18 3 -1 -3 0 2 -9 -38 9 -54 9 0 3 1 -1 8 
-75 -38 20 34 -3 19 -7 1 -52 0 -1 -4 -6 -5 -8 -23 -28 -18 -25 -28 -23 -10 -8 -24 11 20 31 69 104 29 6 0 0 22 0 0 2 0 6 4 23 -14 -47 -4 -6 -27 -2 -26 48 0 0 3 24 -41 0 -27 -39 55 56 18 2 1 -1 2 1 3 0 -27 -9 -6 -3 12 52 -5 14 1 -2 -6 6 8 5 -6 10 5 -21 13 9 0 3 -100 14 31 9 4 -48 46 9 3 -19 6 -14 7 3 -8 -8 -7 -16 7 -7 14 -31 -5 0 -1 -17 8 15 -3 -1 -21 -31 32 39 24 8 
-28 -15 -4 -35 1 13 -21 -5 0 0 -2 -1 26 -9 -17 -19 -15 -33 -12 4 -4 4 19 20 37 67 67 13 55 0 0 0 0 0 -9 -37 59 0 0 0 0 2 2 9 9 1 -3 4 -1 -1 0 0 0 0 0 0 0 -5 -29 -14 -1 12 3 2 0 -6 7 10 5 -3 -17 1 3 -36 -3 -23 25 -17 9 9 11 84 -3 2 3 1 22 6 3 23 -30 -5 -14 -30 26 -71 -38 -27 -9 -4 1 -2 -3 -2 4 11 34 -19 -11 17 14 -1 -2 -2 -23 3 7 5 21 43 18 -2 -18 -8 37 
10 -4 4 -6 -6 -9 23 -1 2 -5 -3 -20 -11 -17 -20 -46 -42 -26 7 12 18 23 20 50 12 17 -8 -57 -35 -9 0 3 0 0 0 -38 52 0 0 0 0 0 -3 1 -1 -3 1 -11 -25 0 0 0 -8 -13 -1 -6 -22 -13 -36 -12 9 -3 -2 -6 -1 0 -6 8 -3 10 42 19 20 0 -7 13 -15 4 3 6 19 -27 -36 -25 -48 -38 -15 7 -45 -65 29 -2 12 1 4 7 59 30 48 6 3 24 -3 28 16 8 8 6 8 -9 -15 -6 2 -3 0 -1 20 5 9 3 6 6 9 5 24 
-7 17 -12 -8 -34 -2 -10 -4 -10 -11 -10 -7 -25 -6 -3 2 8 19 19 37 34 8 4 10 0 0 1 -11 25 46 41 0 0 0 0 0 0 0 0 -23 0 0 0 0 1 -1 -3 -2 -20 -28 -78 21 8 1 -47 -21 -33 -51 -6 0 4 6 35 7 9 13 13 8 0 -4 23 -4 7 1 -16 1 -2 -40 -10 41 -11 -8 46 -2 53 26 0 2 -4 0 11 14 -16 -1 -4 3 -10 -32 -1 6 -30 1 12 -6 -13 5 -34 46 15 50 23 -1 1 -1 4 14 -4 11 12 -34 3 8 -23 -7 -13 
-17 -5 11 -13 4 3 -3 -42 -6 -4 -3 6 -3 -3 21 -2 17 33 24 3 22 -1 -12 -15 -15 8 18 10 5 -50 0 7 0 0 -46 -28 0 63 -13 0 -56 28 0 21 0 9 -14 -11 -12 -5 2 -18 -2 -31 -81 -47 -44 -17 12 2 16 9 1 2 -1 -7 -1 5 16 2 9 2 -11 32 8 -10 -40 -19 40 -70 16 16 -1 29 34 4 -21 -3 0 -12 -14 -15 2 6 0 -8 -32 -7 57 26 25 -16 -22 -37 -6 -65 4 -51 -15 11 -9 -5 -14 -8 -2 -18 -14 -4 40 -11 -27 -34 15 4 -1 
-15 -20 -42 -17 -11 -4 -14 0 1 20 4 14 28 8 24 -9 19 24 26 5 9 15 -12 9 1 3 -24 0 0 0 0 0 -44 0 0 0 38 16 10 0 0 0 -1 -66 32 0 -14 -18 -9 -49 -47 -55 -25 4 -18 -32 6 14 32 19 5 -3 10 0 -5 2 38 3 4 -22 -10 -18 -20 22 -35 27 7 0 0 2 0 20 -54 -3 -77 -3 -7 -6 -2 -50 -18 -12 40 -18 -1 -45 -19 -17 9 -6 1 20 -15 -21 -9 32 29 41 8 58 -5 -3 -1 -50 22 35 -11 19 -29 8 -2 7 -3 -11 47 
0 17 -12 36 4 6 3 2 9 14 22 37 9 1 -3 19 66 55 59 8 -56 6 0 0 0 -34 29 0 0 0 0 0 0 0 0 0 0 -19 0 -1 0 -5 -6 1 -4 -9 -21 -54 -47 -14 -36 -14 -9 -3 7 19 -11 -7 -1 -41 -24 -11 -3 1 8 -4 2 -12 45 -13 29 25 4 8 0 -9 -34 -26 -35 -6 -20 -12 7 -31 31 19 37 4 5 5 -2 -85 -20 -1 -7 21 21 -12 -23 28 0 -15 131 65 63 11 -9 10 12 -53 -2 -2 0 2 -2 -1 15 -4 -13 1 2 -9 -8 -3 7 
18 16 40 10 -18 -14 10 13 11 23 21 13 30 32 53 1 1 -1 3 6 -50 2 21 0 0 0 33 49 0 0 0 0 0 0 -1 0 0 0 -3 -8 -24 7 1 34 -43 -42 -30 -5 1 -11 -11 2 -2 -5 -4 -32 16 13 -3 -23 9 -6 0 -7 -10 -36 -33 28 -19 64 -1 0 -16 -20 -30 25 16 7 47 24 28 -2 28 -26 8 -50 -5 1 -2 -9 5 -12 -4 1 4 55 49 -5 -2 0 1 -7 7 -5 -75 28 -1 -8 -28 16 -12 -3 -3 0 8 -2 15 66 12 -5 4 11 -17 28 -68 
4 1 7 -15 20 26 10 23 36 24 42 5 -1 -16 10 9 -4 5 -4 -3 7 3 0 0 -24 0 2 -31 0 0 0 0 61 0 0 -22 -4 -47 0 6 -7 -23 4 -68 -24 1 0 -7 5 7 -10 -45 3 16 21 12 -5 -16 -14 1 -6 10 1 -8 -8 5 36 29 7 1 -5 -63 -10 9 48 61 23 27 3 -11 -25 0 -11 16 9 -31 -6 -1 -6 61 39 3 11 1 -5 -47 -62 10 1 -3 3 2 0 0 22 3 -5 11 45 36 -15 2 -2 -35 -26 -15 -5 2 -3 -9 -4 -2 24 -6 5 
19 28 28 47 24 23 22 37 23 -9 2 5 8 3 5 8 8 -60 35 11 1 58 0 0 0 -39 0 -3 -21 0 18 0 -42 -57 -26 -10 -15 -20 -30 -37 -57 -30 -18 16 -3 -3 9 14 -4 -15 16 31 -10 -4 -12 -23 1 0 17 8 -40 3 15 6 -9 3 -3 -6 0 0 15 -2 -1 -10 -1 38 0 36 -12 -8 35 -38 -19 2 -47 1 -2 0 7 23 -4 56 18 2 -5 -2 10 -20 7 18 -3 -28 19 -45 -74 -5 -6 -3 -9 -27 -10 7 6 5 7 41 22 -6 -20 -26 8 -25 -10 1 3 
-43 19 22 14 19 29 10 2 -50 -4 6 -30 6 -13 1 1 -44 -1 1 -72 32 0 0 0 0 0 0 0 0 -6 0 -23 -31 28 8 -12 -27 -37 -50 -32 -12 -33 -2 2 14 30 -4 -11 8 43 2 -13 -29 -8 -7 -2 3 40 -10 -28 -27 -4 -30 -12 -17 10 17 -8 14 -3 0 35 41 10 3 12 -9 -32 -27 3 -26 5 33 20 -18 48 9 -28 -17 67 6 92 -1 0 -12 27 14 26 2 -1 -3 -14 -26 -11 9 0 0 -2 -18 -14 72 -3 0 62 -3 -14 -23 2 16 8 9 -5 4 25 13 
-8 16 15 17 14 2 -3 1 2 -1 -8 7 -11 -2 0 0 -13 1 39 0 0 -2 0 0 31 -2 2 0 5 -21 -35 -16 11 4 -43 -79 -23 -1 7 -2 -5 8 13 4 -6 -3 14 17 1 -60 -10 -5 18 27 19 -29 -12 -5 41 14 -3 -3 -8 -4 3 24 19 2 -6 -24 9 -31 -7 -12 -11 -6 1 42 46 29 10 17 9 -38 -1 -13 -3 -11 -39 -40 5 5 34 0 15 1 -21 0 8 1 7 -30 10 -15 1 -1 -28 72 63 -10 4 -28 0 -1 -1 -12 -14 -12 -32 -27 -23 21 17 1 -11 
11 28 -2 2 0 58 0 0 0 0 8 0 8 2 0 0 0 0 0 0 0 2 0 -9 -59 0 11 0 6 -21 -20 -28 -27 -29 19 35 -1 -5 3 13 1 1 -4 0 29 16 -19 -31 7 17 -7 7 9 3 34 35 19 11 7 3 0 -3 14 6 5 -6 -8 -35 -49 -36 10 23 10 -3 15 6 24 -2 -2 -5 0 -33 39 25 -2 -4 1 -23 -24 -16 41 -5 -4 -7 38 25 -18 -8 -7 -2 -10 -33 7 15 6 15 -3 -42 16 28 7 26 0 38 -5 2 6 -19 -12 0 53 -7 2 -7 -5 
12 31 77 0 51 2 0 -23 0 0 0 3 11 2 0 -42 17 -34 -15 -19 -11 -8 -5 -4 -3 27 -1 14 -15 -14 -44 19 0 -7 -5 -5 3 3 -14 -6 -5 2 51 1 -6 -29 22 9 -14 10 31 36 -21 -11 -11 -12 -36 -14 -21 3 -5 -2 3 -3 0 -8 7 2 -1 51 9 1 8 4 -42 9 6 -11 4 6 47 -38 -21 -32 34 -2 5 42 16 -25 -17 -7 1 5 -10 -55 -9 -6 -4 1 11 49 3 23 15 -12 -32 33 -1 -57 2 -23 13 -2 25 1 32 -7 12 9 1 0 1 1 1 
5 0 0 0 0 0 0 0 0 -14 0 0 0 0 -3 -10 -32 -57 -58 -62 -55 -77 -20 4 -6 32 -12 0 -83 29 3 -19 -16 -6 -26 -19 -26 -7 2 25 16 -40 -44 -33 -2 -37 -28 -20 7 -30 -29 32 26 -23 0 11 57 14 -1 9 -1 -18 46 -11 -2 -40 -40 38 65 30 17 -26 -41 1 48 13 9 36 -6 -6 6 49 67 -2 9 26 -12 -5 17 -5 -11 -7 15 -5 7 -19 -7 -2 -4 -10 -21 -14 4 5 -1 23 -10 29 56 -40 -43 0 4 -25 -15 18 9 5 11 -5 3 3 -2 3 -1 
0 0 0 0 -48 0 0 0 0 0 0 -5 -17 19 -7 -79 -11 6 -17 -10 -32 -29 -17 -3 -4 -47 -26 -72 20 -11 -15 -2 2 -5 -8 12 -30 28 10 -9 -24 -26 19 18 37 -6 60 19 1 -39 8 23 24 7 13 31 19 -15 -7 -34 -1 10 -73 -40 -19 -5 -1 5 -6 8 23 15 4 3 -2 -3 -37 18 15 -32 -12 -9 -9 5 -41 -13 -24 -12 -91 -11 6 -28 -23 4 -3 1 3 0 -4 -8 12 -3 -39 -2 1 0 6 -23 -32 -94 -4 18 -4 -6 24 -8 12 62 53 7 0 4 20 -2 0 
0 4 0 0 -15 0 -1 -15 0 -6 -35 -64 -93 -16 -3 8 -2 -20 53 -19 21 29 9 -7 -5 4 2 0 -1 0 7 -1 4 -23 -2 25 18 3 -9 32 32 6 -16 -6 -12 -9 -14 -12 22 41 32 7 11 6 -9 0 -2 -14 10 -2 -1 -4 46 46 -7 -44 5 9 0 -12 -4 -8 -1 -13 -9 -2 0 25 15 59 44 9 -5 -2 -57 0 30 -9 10 -7 -7 -43 -32 -44 -7 5 -2 6 -1 -13 10 12 13 14 3 0 -11 12 0 103 11 -1 0 0 -24 -3 48 88 -6 -7 -18 -1 -1 -4 -2 
-17 -15 0 0 0 0 -11 -38 -104 -71 -46 23 7 15 6 10 4 8 7 15 38 18 -28 -26 -68 -25 -25 3 20 3 -14 3 45 35 -18 7 -32 -36 -77 -14 -2 -2 -48 -11 24 37 29 30 22 22 -23 -52 -13 -12 16 0 -2 -3 -19 -15 1 -4 1 -46 16 -1 5 14 3 19 13 -6 20 -4 14 -28 -37 -32 39 37 12 20 31 37 51 7 5 14 12 5 4 3 0 19 3 0 7 21 35 23 71 -13 -9 1 0 3 4 8 -4 84 0 6 18 2 13 9 37 -113 -45 7 2 0 -2 -19 1 
-9 -6 -5 19 -29 -101 -58 -41 -25 2 20 7 -1 -8 0 -21 -26 0 5 5 4 -23 -18 -54 24 -17 43 -4 7 -4 47 44 25 29 15 -24 -7 9 4 -4 -16 -28 19 49 -3 -4 17 6 -28 -1 22 5 0 -21 2 -16 -17 15 -4 2 0 -1 33 3 -4 -1 9 -1 -22 -7 -9 1 -32 -40 -21 -45 -1 -24 12 10 17 -41 -20 15 -6 3 4 -40 -41 -1 40 56 49 14 14 3 0 1 0 11 18 12 25 6 -2 -1 -13 41 7 -2 -1 1 -5 -1 -3 -3 -3 -1 -8 -16 -4 3 -2 -3 -11 
5 5 -48 -17 -16 2 1 19 25 17 -11 -21 14 6 -2 25 33 13 15 57 11 -1 -17 27 -2 24 -5 8 -5 57 34 7 0 14 -34 25 58 9 -5 -23 36 20 23 34 7 20 -2 -5 -10 -15 -1 1 -16 -6 -7 -4 -8 -6 -5 -6 7 11 6 -1 -2 0 22 -5 -9 30 41 -21 -6 -5 -31 29 10 -26 2 -39 -66 2 -21 -38 -31 -46 -9 25 -10 13 -21 7 -7 13 7 12 -2 0 1 8 -21 -17 -35 10 26 1 14 -54 -20 -37 -1 -1 -60 -13 7 -2 0 -9 0 56 21 6 -2 -2 0 
-30 -15 -23 11 42 14 0 -16 7 -18 -9 -13 9 -15 -11 4 -21 -13 -12 1 -36 -16 18 10 -29 -14 2 7 73 6 2 -1 1 -1 -13 -9 -63 -12 -6 20 1 12 -30 -20 6 -7 -4 3 4 9 21 32 61 29 -6 -6 -6 -16 -6 -3 0 -32 -19 -15 1 7 4 -48 -46 25 -1 -57 -3 9 -1 18 -9 47 -89 28 40 4 -8 11 -2 -3 12 10 -1 17 42 -6 5 0 6 8 6 0 1 0 -32 -13 5 1 1 -4 -2 -7 29 -8 2 -4 38 -9 0 -7 6 -2 4 -23 -34 -9 -1 24 -1 
-26 -9 -19 25 -55 -11 13 17 1 -6 6 14 12 -32 -1 -1 8 -6 3 -15 30 17 0 4 -12 -1 -9 34 -4 -15 0 55 10 51 23 -14 22 -41 -1 -28 -12 -24 -10 13 -62 -51 9 20 7 -4 -9 -20 -4 5 -39 -2 -3 -2 16 5 5 26 0 -12 -25 27 -28 -1 -6 -18 7 2 0 11 -30 -12 -59 -29 5 27 -47 9 26 -33 2 2 -17 -6 2 13 -16 -3 -16 -1 5 27 11 0 1 1 -4 -36 41 -4 31 0 -13 15 -41 1 -3 -8 35 7 3 13 23 21 6 1 -1 1 13 -5 28 
-27 -40 -12 34 19 4 -1 -33 -9 -1 2 5 -32 4 29 7 0 45 -2 -18 9 -13 -26 -22 0 -7 15 -4 2 -3 -49 -24 -3 3 -77 -18 23 22 5 -5 -35 -47 -44 -66 -21 17 -21 -12 -43 -2 -4 7 -18 -17 -57 -7 3 -1 1 1 -4 -4 14 -23 2 22 -8 4 4 -13 -47 -9 -1 17 31 22 17 -27 -56 -24 -14 -13 -9 18 -10 2 -3 -1 59 37 42 6 1 -3 -1 3 -8 -1 0 2 -1 -1 9 3 -2 -15 21 -2 60 5 1 8 -125 -34 2 8 10 -15 7 10 2 4 1 -6 -8 
20 19 -37 -29 7 -4 21 8 26 8 -1 3 -17 11 5 8 8 4 -15 5 -19 5 -2 12 -8 10 24 47 17 4 -3 17 -17 -59 34 2 28 10 17 40 17 -28 -9 -41 -61 -70 -40 -37 -17 -21 9 -18 14 -6 10 2 1 2 -18 0 14 24 42 -11 -1 38 31 -4 -8 28 18 23 -27 18 33 5 9 9 16 30 6 7 3 2 -1 -4 6 -3 2 41 45 -23 -6 -29 -5 -4 -17 25 3 3 -11 8 37 4 5 -4 -16 7 -12 1 2 23 36 0 60 7 -17 -15 3 -46 -1 1 -27 -26 8 
-3 28 -16 -28 -42 -4 -21 -7 17 -24 0 -20 -10 12 -4 4 0 -13 -7 -9 11 -22 -5 -7 39 31 26 21 7 18 54 7 4 9 5 4 -6 19 35 -8 -35 -21 31 55 57 31 24 -16 -3 6 23 59 -18 -26 -5 -9 2 10 -4 -25 6 -101 -4 -8 -1 53 11 22 38 -3 -28 -3 2 -3 -1 4 9 82 67 70 31 14 32 0 0 -1 3 -1 14 -7 -85 -70 -39 -5 4 -27 -5 -3 -1 -1 11 36 7 -1 0 38 39 -11 13 2 2 -2 -5 8 30 -27 -16 12 33 -32 -21 -1 0 -50 -3 
9 -3 -3 10 -20 -21 -49 -4 9 2 6 17 -3 8 13 9 8 -14 -6 20 12 12 3 56 -53 2 -24 1 45 7 -2 -10 23 12 -39 47 9 -1 18 48 16 31 10 9 -13 -17 -26 -7 -1 13 -8 -9 15 45 8 -3 -1 -12 20 -2 -6 23 0 -3 1 17 16 -6 -12 -2 -15 0 3 -5 0 0 -12 57 2 6 6 34 0 1 80 1 -9 -33 15 5 -36 -3 19 1 9 12 -3 -1 -2 -4 -32 -53 12 3 -4 1 8 -22 25 0 11 32 17 2 11 -22 -14 1 1 -4 1 -36 -2 18 10 
-9 5 3 -2 5 -27 5 -4 -23 20 21 -2 17 27 6 -5 -16 -9 1 -18 -15 6 48 29 9 1 18 15 -57 0 5 7 -4 9 15 -8 3 -27 -2 24 7 16 12 16 12 -9 6 2 -1 16 -25 -2 4 -21 -13 3 -9 -12 0 7 9 -89 1 7 34 24 -11 -15 -2 -3 6 0 3 -6 -2 0 8 8 -34 -54 -8 -12 -3 -3 12 -17 -11 -13 -9 -13 -7 -2 -34 2 4 5 -40 0 1 -1 19 2 1 3 -1 -7 -7 5 1 -5 -4 -4 23 -46 -15 -6 3 17 2 36 1 12 -5 7 10 
16 -9 -28 8 13 7 -18 -2 4 -9 5 -1 5 13 3 -7 2 -5 42 -33 4 25 3 57 24 -1 -2 -21 3 0 0 0 -6 -21 50 17 9 49 20 -16 0 10 -4 11 12 10 -5 -6 3 -17 -39 -8 -14 0 -1 -7 -30 -3 1 -4 -52 0 -7 2 0 -41 -12 10 -4 -3 -13 -2 9 -5 -2 -1 -9 -4 -21 -27 -1 31 -12 -2 1 -3 -10 1 8 23 72 33 28 -4 8 -6 -2 0 2 -7 -17 18 1 11 -2 -11 -33 -1 2 -26 -2 -8 -26 50 -16 10 10 6 -1 14 39 -1 26 -3 -27 
28 13 -11 -2 3 9 26 -70 22 -5 -2 -5 -15 -11 -8 -4 -5 8 28 6 2 -2 13 0 0 9 7 -21 0 0 0 0 0 24 1 0 21 6 -1 -5 -6 1 -3 -5 -2 -2 14 31 17 -9 16 -63 -74 -63 -13 -25 -12 -32 -1 34 -8 -6 9 -52 17 -9 -63 -90 -87 -75 -9 2 1 7 2 -1 -4 0 0 -29 -34 -93 -26 -2 0 -2 -2 10 14 -17 -36 10 -3 -6 5 -7 -3 -4 -31 5 7 -5 13 10 16 2 -3 -2 0 -1 0 -6 7 5 14 50 7 0 0 -2 0 8 17 -47 -23 
-1 -19 -20 9 -7 9 4 23 -4 -4 -1 2 -15 -29 -2 -7 5 -6 -4 -24 34 19 0 0 0 0 -12 0 58 0 0 0 0 0 5 1 -12 10 -37 0 3 0 -9 8 -9 -26 2 4 29 20 -31 4 -8 25 -14 -21 -9 6 4 0 3 5 31 2 -36 11 53 10 -3 -4 -44 1 24 0 -1 27 19 1 -1 -2 -19 0 -3 0 2 3 1 3 -5 -6 21 17 -10 2 -2 -22 7 6 1 5 10 3 2 -4 16 12 3 -12 4 3 -20 -17 -7 -8 10 -12 -1 1 31 2 0 1 2 -40 -3 
-7 -20 11 10 -12 -4 0 5 -22 1 -22 -4 -7 -7 -2 6 7 -3 -1 15 26 0 0 0 13 4 1 0 0 0 0 0 0 0 -8 -1 1 10 -7 18 12 -51 -15 10 3 4 5 3 4 7 34 29 27 8 -2 -7 7 0 -1 0 -2 3 -26 60 39 21 -2 -11 0 1 -3 1 -77 -43 5 55 20 7 3 -33 2 2 0 -18 -1 1 -2 29 11 17 -4 -3 -22 45 14 1 12 2 -3 26 6 -24 3 -3 -17 4 18 14 25 3 4 1 0 -12 -11 21 16 44 6 -1 -1 -1 -7 1 26 
2 -2 0 3 -2 -55 -23 -5 6 1 1 -60 38 0 7 1 -19 -7 23 17 2 0 0 0 59 0 23 -1 0 0 0 0 -38 -28 4 -3 8 -5 -8 -1 -3 21 -1 16 16 3 -3 -2 3 6 10 31 7 -18 3 3 45 24 22 4 -27 11 5 6 -4 -5 -1 24 17 7 6 -25 78 -42 -9 -22 -50 -80 -78 -35 3 22 54 9 8 -3 2 -29 3 5 -11 -4 -12 -1 -3 -38 0 -3 -3 -8 -26 -1 -2 -2 -40 -11 -3 -12 -1 -27 10 12 12 1 48 21 -9 -9 3 -10 0 1 2 -9 -32 
1 1 1 5 22 3 -20 -21 -1 -14 7 8 12 10 16 1 -9 10 22 44 -1 -1 0 0 0 -62 0 3 -1 -3 0 -29 0 -42 0 3 0 -1 57 44 10 48 72 -27 -14 14 22 -12 14 -5 2 5 8 5 4 7 -33 0 6 -12 -3 13 -10 -4 9 17 1 8 51 7 28 55 48 59 14 -14 5 1 0 3 -1 -8 -24 -24 -23 -5 21 25 -53 -51 -77 -91 -22 -9 -14 -10 -13 8 5 22 6 8 6 19 7 -4 -5 -3 4 0 -6 -13 -43 -19 12 -13 1 23 -68 -3 5 16 0 16 34 
-1 6 3 -21 1 11 26 18 0 -1 -40 8 -3 -3 5 -2 13 10 22 62 -43 -12 -1 0 22 0 0 0 0 5 0 0 1 63 -1 0 0 -5 -3 2 5 -26 5 19 46 59 60 37 2 0 18 7 17 15 9 0 -10 -26 -38 -12 0 7 -2 0 -2 -2 5 1 -4 -16 16 9 12 15 16 36 26 7 -6 27 39 27 9 5 2 9 -1 16 23 50 19 -3 -4 -8 -2 0 6 -36 16 8 -50 -28 -28 26 -14 19 -1 -4 22 -5 18 -5 39 -22 77 22 -33 -2 1 22 25 1 2 -2 0 
-17 -2 3 5 -23 3 5 16 28 -13 -1 -14 -1 24 22 5 13 3 0 -7 -13 49 -1 0 0 35 0 0 -1 1 -1 -11 -9 0 0 -47 -1 7 -59 4 5 56 1 4 -49 11 5 -2 17 26 68 24 51 22 37 13 36 22 13 -1 0 7 -14 26 -4 2 3 3 9 15 -16 11 7 4 4 0 -6 1 8 13 -27 -1 2 -22 7 17 33 6 7 -8 3 8 -36 22 -9 -3 9 31 3 7 26 25 13 14 18 3 14 -20 -24 -38 5 -2 -5 -4 18 9 -31 -1 -33 -4 1 2 1 1 28 
-10 6 -1 1 4 2 31 0 -17 -2 0 -5 8 -5 -2 9 3 0 -5 -14 -6 -33 -38 19 4 -55 -22 -26 57 1 -28 0 10 -18 0 0 14 -8 -2 -2 1 5 55 6 2 -9 -3 -5 9 67 6 9 6 62 38 65 80 52 11 -18 -8 0 7 3 -43 0 -2 3 -4 -17 -28 -14 5 8 19 14 -1 -26 11 6 1 -18 -4 3 9 2 21 3 -9 17 7 25 20 42 1 0 1 2 22 4 2 -1 18 21 28 19 5 -1 30 53 43 8 10 -9 -2 -17 -2 -4 35 8 30 -4 2 0 -1 
10 -4 -16 47 -6 30 -13 1 -5 -17 0 5 -5 -3 3 -7 -9 22 -66 -30 36 31 29 -2 -45 0 0 0 0 -8 10 -1 -24 -22 -1 0 -41 -5 4 -1 0 12 0 -4 14 -13 3 4 0 2 1 4 4 0 0 0 45 18 20 35 23 3 12 1 -4 -4 0 -13 13 5 2 0 4 3 -5 -49 10 -18 2 6 18 8 8 4 11 5 -2 -13 -4 0 2 8 11 10 6 5 24 28 -37 -4 -3 1 7 16 -3 2 0 7 -9 1 -28 0 34 8 -4 -14 -2 -8 21 2 -13 -8 -19 -17 0 
-12 -25 26 0 -9 -7 5 -1 0 5 54 -26 2 -5 21 -13 1 10 2 -1 -32 9 -24 -9 0 0 0 5 0 -52 1 -8 -4 8 -2 -2 -56 0 -1 -2 -7 -1 -1 2 5 -37 9 14 -26 6 4 0 0 -82 0 -18 0 19 -23 -6 23 0 9 5 0 -3 -53 2 2 1 -19 -13 1 1 0 14 -2 1 0 -7 -36 -9 -11 -39 -25 2 4 7 4 4 -24 2 14 12 0 20 7 18 12 -21 -1 5 -16 -2 1 -7 -1 0 25 5 -39 4 4 38 -19 16 40 -3 -22 39 -34 31 3 3 8 
-5 6 -27 -21 2 0 30 -10 4 23 0 3 -11 25 -30 21 -4 -4 -2 -9 -10 -17 -8 -51 0 0 0 0 0 23 -3 -2 -8 43 1 -2 -2 -4 0 -17 1 -2 29 -10 2 -3 0 0 0 -16 0 0 0 14 0 0 -26 3 34 -13 32 11 2 1 8 5 1 -7 2 0 0 -2 4 -2 -1 5 1 29 9 21 21 -3 7 21 8 0 -33 -3 -34 17 9 -19 -2 21 -3 -4 18 -5 -1 -4 11 -16 0 4 -16 -32 -65 -1 -1 -3 7 -1 33 25 34 30 -29 -9 31 22 -7 -18 18 13 53 
-10 24 -16 -2 3 -2 -21 9 12 -11 -3 28 -19 -12 4 -2 -5 -5 -6 2 0 -38 -19 2 0 0 3 0 0 -12 20 -36 -5 28 -4 0 -10 -9 -1 2 2 53 0 -4 -5 -4 -5 -59 -10 0 0 0 6 0 0 0 0 -4 39 -6 -13 5 5 1 5 8 1 3 3 4 7 -1 -13 0 15 14 0 3 -8 -6 -8 2 2 4 18 -2 -2 -2 0 51 5 4 8 -6 -4 0 7 -1 0 0 0 2 5 30 -43 -5 1 -2 14 27 -10 0 -13 -7 1 18 28 22 -32 7 1 -7 -5 23 -39 
25 14 23 11 14 -28 0 11 17 30 11 32 6 3 -24 0 2 -2 -26 -3 1 -8 -11 -73 -2 0 0 0 53 -57 -25 -28 18 1 3 2 -3 -3 0 -2 13 0 -1 -4 1 -2 -9 -50 -31 -7 0 -60 0 0 -40 0 0 8 5 13 -40 -88 -3 -5 -2 7 -20 22 16 -5 8 7 20 33 2 6 21 -13 0 3 -1 2 1 -4 -3 -4 -2 1 3 1 -20 0 4 -13 -5 6 9 6 -2 0 -3 -4 -3 -1 -8 7 28 31 0 -1 -44 3 48 8 -1 -7 -26 20 -5 0 1 -32 -16 -14 -30 
-10 3 4 -1 1 4 -4 55 -9 -2 45 4 3 6 2 -31 30 -1 -3 -22 -4 10 0 -41 -47 0 0 0 0 24 4 5 50 3 52 -1 -11 7 0 -5 1 0 3 19 9 17 17 80 15 -3 -2 -5 0 -16 -7 -2 -16 -31 12 23 55 73 84 65 50 -34 -80 -36 -5 -18 -2 22 37 10 17 7 -29 15 30 9 6 -19 5 2 4 2 0 0 -3 -4 -3 -2 -14 2 6 -1 9 -1 -9 -6 -8 -22 4 43 -6 20 -6 -4 17 -5 -11 3 -4 9 -9 -66 4 -34 -7 -2 5 6 3 -2 -15 
32 0 -2 -30 4 -4 72 -45 -31 -30 -29 -12 1 6 3 -2 -3 -6 0 -2 -7 -29 2 -20 -10 -36 -3 -26 0 -52 0 -1 0 -6 7 1 6 0 -13 7 26 -42 -3 0 -1 0 -34 -13 7 2 -19 -63 0 -18 3 -36 43 41 1 2 13 5 4 41 15 20 43 67 85 61 16 -45 -75 -26 -23 3 12 32 10 40 -6 34 15 4 2 -1 1 0 0 3 2 3 15 2 13 -1 -7 -5 -1 4 9 5 -1 -11 9 4 -10 21 1 -12 -24 12 18 -2 -4 34 2 6 -2 -7 -44 -2 -5 -25 23 
1 -10 3 0 -14 92 -52 49 -29 7 73 0 10 4 1 7 -11 2 4 -12 0 -35 -1 5 -21 -14 -10 0 0 0 0 0 24 -37 0 -4 0 0 -36 0 -53 1 1 -33 56 -2 -3 36 -51 2 -4 -14 -5 11 26 -45 -9 18 -18 3 5 -50 2 -24 0 -54 -4 53 6 -28 9 30 74 71 65 58 -12 -67 -40 -30 -30 1 53 4 -10 3 -21 10 6 3 14 -7 -7 26 38 7 8 2 7 19 -21 0 0 6 43 50 22 -16 8 12 18 16 -6 17 8 56 -2 -32 19 47 -6 2 -4 -10 -11 
4 -6 0 -33 61 0 7 -42 -14 72 -47 33 -16 37 7 -2 5 15 4 3 35 -1 -8 -4 7 -20 6 -26 25 -2 0 0 49 8 -1 -29 0 0 0 0 0 6 4 1 0 -2 -9 0 0 -2 4 18 -10 -1 1 3 7 0 -14 -2 8 -2 -5 -2 0 -23 13 -119 14 -6 -19 -12 -5 4 8 4 14 31 49 83 86 29 -86 -51 -14 -19 -6 -12 -26 24 9 37 35 -2 -17 1 3 -1 3 -5 1 -5 -1 -1 -3 -5 -7 -5 -13 -9 46 6 1 26 29 44 20 0 15 4 16 11 15 17 -7 
-4 -4 -5 38 3 0 -54 -7 69 7 0 0 47 -30 -7 4 -1 2 -1 15 4 4 1 -9 -3 4 -18 -17 -25 -44 -5 0 0 -53 -5 -6 -1 -8 -10 -4 -7 53 -7 -25 1 5 0 -2 -3 -3 -40 -4 -42 3 25 8 3 -44 -1 1 -7 2 -2 3 58 1 2 31 3 8 -42 -17 -36 1 -13 -3 1 0 0 49 57 29 55 69 16 -10 -9 -22 -33 -15 -20 -51 -37 -13 21 -11 -2 2 -17 -5 1 -3 -39 -9 -4 -4 -19 -2 0 -14 -28 -12 19 -2 7 0 2 4 1 24 12 25 2 3 -13 
-1 -2 2 21 0 -77 -16 55 63 40 -23 -17 -3 77 -35 14 0 -1 35 1 14 4 4 -13 -6 1 3 -26 -18 -9 0 0 -29 -48 16 -2 1 -2 -8 -4 21 0 0 -1 0 0 5 2 -36 0 39 -3 -2 -2 -43 -7 -38 -11 -10 41 2 -3 -39 2 0 -3 2 4 4 -8 44 42 16 1 2 4 -10 4 0 -31 1 10 11 -29 53 15 -24 67 22 2 11 14 15 -3 -14 -2 2 -21 -31 -7 48 18 3 -4 -6 -4 -1 0 -16 -23 -6 -6 2 26 -9 3 27 7 15 0 3 4 -50 45 21 
3 -14 99 6 -90 -19 -4 -16 3 0 0 0 40 -15 37 -31 -16 1 26 -4 -6 23 1 5 22 -36 -3 2 -15 6 -16 -1 -3 6 -5 -1 20 7 -2 0 37 -3 4 -15 -5 26 -2 -9 -7 -1 -4 -5 -7 -5 -3 -5 -1 2 1 5 8 4 -6 32 0 1 -52 0 4 12 -2 9 -3 -2 -1 -2 -20 18 0 -4 40 8 7 2 9 10 21 -22 17 22 4 3 -23 -5 64 45 3 -5 -1 -23 -21 -45 -23 -17 -61 -25 -40 -21 11 4 23 10 4 -24 -22 1 3 4 -5 5 -8 -37 12 17 -2 
-14 85 0 -46 -7 -5 5 11 0 8 -15 -19 -13 -20 54 116 2 -18 -9 0 2 -4 13 0 33 -1 -6 1 0 -5 -43 30 -3 -9 0 1 -8 -9 -3 1 -7 -3 -5 27 69 -12 -2 -2 -1 -5 -5 3 15 -42 -3 1 -4 -5 -2 -2 -5 0 8 -50 -8 -8 0 1 -19 22 6 0 4 0 5 1 22 2 -56 2 1 -5 -10 2 29 -2 44 23 -23 -12 -25 3 -20 -20 -5 1 -15 24 25 19 29 7 5 30 -13 0 -3 -53 -29 5 -4 6 -1 -5 -2 -4 4 4 1 0 6 1 -20 -14 22 
96 -32 -48 -14 17 16 -5 -6 -9 0 -24 13 -25 78 0 0 92 -6 -52 0 -18 1 -2 7 38 3 28 -3 -1 -8 1 -17 13 -20 -13 -6 -1 4 -1 -4 -9 -5 -6 5 0 -4 -60 -24 1 -3 14 -2 -5 -2 5 -30 28 4 4 -1 -7 -2 -3 0 -2 -1 83 4 2 37 52 0 3 -2 -4 36 -26 -3 -2 7 -5 -2 -42 -3 -9 3 14 46 -21 -4 7 -21 8 20 -22 -40 -23 -5 -11 -5 4 7 28 30 60 48 22 17 -17 3 -6 -5 -17 -4 -2 30 1 -14 -2 24 -20 -6 12 39 -20 
-94 -69 -44 -7 2 -20 7 -42 5 -4 -22 -26 92 6 -20 0 -31 59 -13 -29 1 0 -1 -12 4 0 4 3 -1 -5 -12 -4 -5 -45 -16 -28 -27 -27 -20 -11 4 -2 20 0 6 -47 28 49 56 17 -15 5 7 46 -3 14 -12 47 0 -4 4 2 5 0 2 6 -5 -2 -2 -2 15 -4 0 2 -1 7 4 -1 2 -2 0 1 -48 -2 29 18 26 16 38 -34 -2 -2 4 10 42 20 -33 -1 -17 -16 -15 -5 -9 -19 -21 -11 -10 -1 10 6 11 -9 -22 -5 1 0 -13 7 31 16 -3 -4 -7 6 1 
14 3 37 3 5 3 4 19 -85 26 -18 47 0 0 -1 0 22 -23 14 -23 1 -14 11 -1 -19 2 0 1 -4 -3 -4 -10 2 40 13 2 11 5 -4 0 -19 -39 8 -34 -3 -2 2 58 -30 -7 6 2 0 0 -3 6 57 -24 -1 4 3 -11 -3 5 6 0 3 -2 33 4 1 -2 -3 0 5 3 -1 -3 -2 2 4 -3 -11 38 -4 -88 -1 -56 18 65 12 0 35 7 -21 -20 -25 9 21 44 7 -5 29 6 1 -60 -25 -2 -1 11 -5 4 7 -23 0 1 -1 4 -1 -7 -2 -34 17 -12 -10 
5 3 4 2 -1 1 3 0 26 -57 54 2 -1 0 1 -21 -53 -9 21 27 -5 25 -1 -4 -1 6 -2 -1 -11 -11 -3 -5 -16 6 9 3 2 70 -1 -17 -10 0 2 -5 -5 -24 -16 6 -27 32 -26 -5 -4 -7 5 6 4 0 -2 -4 1 1 5 -52 3 0 -2 -3 56 -7 1 0 -4 3 -4 2 5 2 0 -1 -2 54 -45 0 -2 -13 0 0 13 20 27 27 -63 -5 -10 -8 -3 -24 -2 5 -21 -29 4 -27 -45 4 10 8 2 -6 4 10 3 -14 5 18 -6 1 16 -1 -6 -12 -3 -1 14 
28 1 -24 16 -2 1 5 18 2 15 -46 -15 5 0 -3 -34 -7 28 10 47 17 -7 -7 3 2 3 13 -10 1 -1 0 3 11 -11 -21 13 -17 -2 0 -8 -6 24 -1 -2 6 5 3 1 -4 -9 -15 -24 -24 -27 -28 -21 6 -7 14 12 0 1 -2 -60 -42 0 3 -39 3 3 1 4 5 1 -42 -33 1 1 1 5 2 14 14 12 35 17 -2 -4 -2 6 2 18 62 96 95 60 16 -8 -19 -24 -34 -28 -54 -15 9 29 19 5 28 16 32 26 15 -6 -33 -29 -22 3 -16 -2 -16 23 -1 0 41 
-12 -3 -1 4 2 -4 -7 0 -17 -4 17 -110 12 -36 -36 -6 54 20 -2 -72 59 4 -2 3 3 3 -8 1 -9 -1 2 -1 3 0 8 -18 13 -25 -11 11 -5 -8 -59 17 19 3 22 -17 2 -17 2 20 2 -4 -4 -1 1 0 11 -7 36 -14 -21 1 -11 0 0 -3 2 25 -5 0 20 6 -35 0 -7 -4 -5 -2 -1 3 3 2 22 29 3 0 -2 -9 -5 0 0 0 0 6 16 59 83 102 81 61 34 34 9 -41 -48 -49 1 -8 -11 9 15 17 0 32 62 50 28 -1 18 3 -4 0 -13 
-13 -27 -3 2 0 -1 -16 -35 -3 -5 5 21 -93 -21 -11 94 15 0 -7 15 -11 10 -6 2 0 2 -1 -4 11 11 0 1 3 5 0 8 -7 -1 14 -8 -5 -5 -5 -11 0 13 39 73 50 60 24 2 27 42 -1 -9 -55 -7 -3 9 19 -12 10 1 -11 -17 -13 23 1 -3 2 -2 -6 -10 47 0 -5 -37 -58 -26 -2 3 0 1 -1 4 0 1 7 8 1 0 0 22 46 0 0 0 0 4 4 16 22 66 81 85 58 -30 33 59 73 59 35 13 35 7 -19 -6 5 17 10 18 18 25 29 
0 -3 0 3 2 -1 -1 4 1 30 0 -1 0 -8 91 -11 -3 -1 3 -48 -38 -27 39 -6 9 0 -45 3 -7 2 0 2 -2 25 16 1 -10 -5 -11 -11 -6 26 56 -15 -71 -120 -114 -99 -23 -22 -8 -5 -33 7 1 3 2 -3 -10 0 -26 8 0 4 17 16 10 0 0 0 4 1 1 -7 -17 -32 0 85 8 -1 1 -36 -12 1 1 49 -11 -10 24 -1 0 24 0 4 3 59 0 18 -56 -7 -5 -7 37 -12 -4 -55 16 12 28 4 0 0 0 4 40 18 15 -17 -18 -20 -8 5 3 -2 14 
-2 5 5 3 -2 -2 -27 4 3 2 3 3 3 -11 -22 9 1 1 -7 -42 -16 89 25 16 9 6 -1 1 15 10 3 1 0 4 -14 -11 12 8 -1 -11 -10 4 1 31 11 24 45 45 24 30 16 -34 24 3 4 -2 2 -5 34 -7 -42 0 -23 -67 6 -35 -12 6 0 0 0 -46 -24 41 25 -3 -30 -61 -15 -15 -7 2 -1 -1 -1 2 -20 1 1 51 -62 22 34 0 0 43 0 -5 0 -4 2 17 15 5 -71 -46 -14 6 0 -1 56 32 0 0 7 14 19 18 10 23 4 -10 10 31 9 
-3 -2 0 11 -12 3 2 -2 4 1 1 -2 30 -6 -15 -29 10 -38 -41 -24 44 -13 0 29 -6 17 8 -1 -2 -5 14 1 1 -1 16 9 0 2 -1 6 6 -15 -3 8 2 -5 -31 21 6 0 -4 26 -9 10 21 3 16 -1 26 -53 -23 0 -7 23 -9 24 2 -60 -9 -9 0 -27 32 -1 -3 -1 10 2 -7 -3 -4 -21 -17 32 -25 -7 3 3 0 -3 16 0 30 -60 0 0 0 0 0 58 -4 -11 -2 -46 20 -15 -25 2 -11 0 0 0 0 0 22 -5 -1 -6 -1 13 0 -5 6 4 12 
-3 29 1 -1 6 -15 3 2 5 8 0 -12 25 -2 3 -15 -31 -15 -8 54 -85 -16 -1 -27 34 -33 13 6 3 5 -5 6 1 0 0 5 -4 -2 -25 -2 -6 21 -9 -42 4 -11 -16 -31 -52 -3 -18 -17 -32 26 9 2 -10 -4 2 -68 -19 0 45 17 -1 25 33 0 0 0 0 0 2 -15 2 7 -1 -2 5 -46 3 4 2 -14 -24 1 8 -3 -32 -15 -10 0 0 -25 0 0 -37 -49 0 14 0 -53 -14 -2 3 32 14 -24 -2 -2 16 0 0 0 5 -1 -2 -2 -1 -2 -59 -21 22 16 16 
-3 2 0 -1 3 -3 7 2 15 2 12 -3 4 5 -5 4 -5 -5 26 -8 -14 -43 8 -23 -42 23 -8 7 4 11 0 -2 5 -3 22 12 1 -6 1 3 -6 -5 17 -14 -28 -5 29 69 7 -9 -30 15 0 -77 -144 -47 -8 -2 -9 -15 -16 -48 -17 -10 -3 -9 -14 -3 -16 -15 -8 -20 -21 -7 1 2 11 21 10 5 -4 -4 26 18 -11 -25 -41 -47 -26 1 -24 -7 28 -16 -60 -93 -25 -9 -44 47 0 30 30 11 32 27 15 37 7 -9 -1 0 0 0 0 -37 -7 4 13 -3 57 -3 -1 7 -35 
0 0 1 -4 0 0 4 -34 1 24 18 7 6 -13 0 3 4 27 48 -30 -14 -21 -37 3 -5 6 -12 7 -5 2 2 -2 4 0 -35 29 0 4 -8 -13 22 -35 -5 24 -18 -19 -13 11 12 13 19 5 12 -14 13 11 -13 -38 -35 -7 -35 -36 -36 16 -21 -45 -20 -15 -20 -19 -21 -11 -5 -6 -6 -7 -4 8 6 7 -2 -15 -30 -34 -11 -7 7 -7 -7 -11 6 -8 4 11 43 12 -33 -64 -19 -53 -100 -78 -64 4 19 6 -12 -23 -35 -3 -4 -42 -54 0 0 -12 -43 -14 19 21 3 12 53 -11 7 
-3 0 0 3 1 4 2 5 3 34 8 23 0 1 3 -22 1 -32 -34 7 38 -9 -17 -1 -2 21 34 -37 20 3 26 9 1 16 -2 0 4 0 -6 -14 -4 20 -10 -1 35 13 32 -51 3 -7 1 3 -11 -7 -10 -9 -11 60 -14 -23 -22 -30 -32 -24 -22 -33 -41 -40 -21 -26 -38 -59 -34 -13 -5 -4 -17 -10 -6 -1 0 -1 -2 10 20 -27 1 6 -27 -8 -15 -15 6 12 -3 -23 -43 -8 -4 14 26 -20 -15 -20 -43 -25 -36 -11 35 -15 -12 0 0 -9 -5 -14 -7 -23 -40 -53 -18 26 27 32 34 
31 -7 -1 -2 1 1 3 3 4 6 5 4 5 1 4 21 -2 14 26 -21 16 0 -2 0 99 10 -5 23 -33 -32 0 7 30 -10 -22 -7 -2 -2 3 -9 -13 -4 25 9 -26 16 -25 -11 -36 24 0 3 4 17 0 27 -7 39 -2 -18 0 -31 -7 -8 -19 -16 -62 -29 -54 -28 -31 -26 -7 -10 -20 -24 -25 -30 -29 -6 -15 -10 -30 -6 7 18 -30 29 37 14 13 9 -5 -23 -10 -1 5 -28 9 4 7 -16 -21 -6 0 -3 -16 22 17 33 17 -32 0 -8 -21 -8 -7 3 7 -21 -5 5 3 42 46 
-4 -2 14 0 2 28 -6 5 2 6 5 3 3 -4 -2 -2 2 8 7 18 -7 1 -45 -6 -14 -4 8 15 25 -10 -5 0 19 19 -16 7 -2 21 -10 -13 33 -29 -11 46 4 1 -10 72 -15 -42 5 -10 -10 25 13 6 -8 -25 5 1 -25 14 7 -22 2 -19 2 -3 -7 -19 26 -15 -10 -19 -27 -28 9 -28 -21 -5 -41 -32 -15 -29 -7 -6 -55 -6 -39 9 -5 -6 -10 -6 -11 1 -18 15 -9 -5 -9 14 10 -8 1 33 13 -22 0 6 0 -37 -1 21 -6 0 -9 3 -13 6 37 6 5 -13 4 
-15 0 0 2 30 4 -3 -1 6 3 7 5 0 2 4 5 5 4 21 2 2 1 3 -1 20 -21 -45 3 -16 2 -1 -14 -4 -2 6 13 -1 -14 9 -8 -42 14 -16 -8 21 -22 -22 10 14 10 -29 36 83 43 31 6 -6 3 -2 5 -38 -4 0 3 -1 5 -7 38 -23 14 -20 -12 4 0 6 3 -40 17 -14 -20 -21 -9 -33 -30 -61 -45 -31 -31 -25 -15 -57 -24 -15 -19 -16 -14 32 19 -11 3 16 18 26 42 20 -22 -3 -17 -13 -43 0 0 -10 4 -14 -4 22 21 -7 -35 -3 -13 -1 -14 2 
-2 -19 6 1 -22 11 -1 1 -3 0 -24 43 7 2 7 3 14 1 -17 0 4 -5 28 -2 -17 -13 -27 -16 -2 23 -11 -15 -8 28 -16 -3 3 -16 -12 30 -10 0 24 -20 -21 24 23 -10 7 7 23 23 -28 -52 -38 5 -21 7 3 4 1 0 27 1 -3 -30 11 -10 3 -7 29 -13 -14 11 8 6 -30 4 0 -6 -24 -45 -20 -27 15 -34 62 -54 -51 -20 -42 -37 -25 -21 -10 30 -12 -5 -6 -7 0 1 6 8 6 26 4 -12 2 -44 0 0 -2 -8 7 3 -22 -26 -7 -27 -10 2 -7 -33 7 
-1 -5 -2 3 1 3 2 -1 26 -23 -22 14 2 6 5 4 -16 2 -1 -1 -1 -3 -5 1 0 -5 -3 20 -6 -73 12 -11 32 4 0 22 -6 -11 -8 -27 3 -8 -22 -12 -2 -10 -3 0 26 -3 -2 -1 -2 6 -22 -8 54 6 -4 -1 -2 7 36 1 4 5 3 10 9 -2 30 12 -2 3 -39 -1 -33 -2 -15 -19 -12 -9 41 7 -20 -27 -18 0 -1 -7 30 -13 -31 -8 8 -30 -30 -46 -32 -36 -30 -25 -7 -2 -4 -6 32 1 -4 -6 -7 -1 -6 -13 -7 -17 -13 3 -8 31 9 22 12 20 -6 
0 1 -1 -2 1 29 31 0 -3 -30 -2 13 4 5 -2 2 3 3 -25 -2 -5 -2 -3 -2 -1 -6 42 -34 20 -12 -10 21 -24 17 25 14 -20 -24 11 -12 -18 3 -16 -13 -23 47 1 3 3 -1 4 1 -1 -2 -7 -12 -4 -10 -6 -4 14 -4 -15 -11 -9 -13 -1 -14 -11 -4 -10 -8 2 0 0 3 7 44 -19 1 -24 5 22 24 -16 27 -7 15 14 -62 -40 -10 -80 1 -34 0 -19 -6 29 26 -15 3 -15 -8 -2 15 -14 0 -50 7 2 -59 -7 -1 5 -9 3 17 5 54 31 0 0 -2 3 
0 -20 -1 -7 18 4 3 0 -25 32 0 33 2 1 0 -13 3 1 1 39 -4 -28 3 -5 -21 13 -32 32 2 7 23 -7 7 34 15 3 5 6 -21 32 -13 -33 31 32 11 -6 -25 -22 0 3 26 21 -3 20 1 -12 -56 13 3 8 4 -20 11 6 13 14 -8 4 8 -4 4 6 -4 -20 3 -18 1 0 7 -8 -9 10 3 3 11 17 -2 5 9 -4 -2 -14 17 -20 -40 -12 -4 37 -23 -12 3 -1 -2 -22 -9 -28 16 2 31 1 0 0 -6 -5 3 23 37 -14 3 18 -15 -21 -3 -6 -4 
1 -3 0 -18 14 13 15 15 -2 -1 4 1 -21 -7 3 -1 0 -3 -1 2 4 -10 0 -4 0 10 7 -27 3 19 28 10 9 -51 -10 -4 5 5 1 -21 22 -4 -13 -2 -11 15 -5 0 4 4 4 9 -20 -31 25 29 -4 1 -24 16 -13 -1 7 11 18 6 18 14 1 15 18 -37 -2 -4 -1 -21 2 -1 38 5 -2 -22 1 -3 48 46 -8 20 4 37 31 7 -3 -6 -46 10 22 23 7 -1 3 -13 6 -39 -5 9 8 4 0 -9 39 -3 28 -7 1 12 4 24 61 -4 -20 0 0 4 -5 
-10 -1 -2 2 -19 -13 1 4 -13 17 13 30 5 -4 -2 -4 -5 -5 -1 23 3 2 30 20 103 76 -38 16 -14 -9 -1 9 -25 0 -6 -3 -5 4 8 -11 -24 27 -12 -9 4 -8 3 -3 1 2 -3 3 -20 -9 -12 7 -1 -25 -15 0 0 -21 5 3 -1 9 4 -13 -7 12 4 3 19 2 3 -3 -1 -3 11 -1 -37 48 -1 -9 2 4 15 0 -6 -25 -12 -14 3 42 35 16 -6 -13 -32 -13 9 2 21 13 -2 -33 -2 -1 -12 13 1 -2 0 5 0 -3 7 -24 1 -1 -36 -5 -20 0 -3 
0 23 -19 32 43 110 20 7 -6 6 5 5 5 23 -4 -2 -25 -1 -10 -7 -5 -4 -5 18 0 0 16 12 -1 -6 -4 -10 4 -25 2 1 4 -2 4 8 16 -27 15 7 -4 -2 1 4 10 -2 2 1 7 2 0 -9 -1 0 -2 -12 5 8 0 -14 -10 -15 -7 2 -4 -20 3 4 4 20 0 25 -26 0 0 32 -1 7 -1 -11 -26 -14 -7 28 15 29 23 8 12 -2 -8 -2 19 11 67 32 6 21 5 1 8 8 58 4 0 1 0 -4 -10 -6 2 4 -13 2 0 2 34 -30 0 -1 -27 
1 -1 -22 -8 -51 -62 -51 -21 -5 -3 1 -3 -6 -2 5 -9 -12 -2 2 0 -20 -7 -32 5 -50 -15 -4 -21 30 -3 44 3 0 44 -3 1 14 0 12 7 2 -6 35 7 2 31 -1 0 12 -1 -27 -36 -3 -4 8 -19 -5 5 6 4 -6 -3 12 6 -2 38 -10 -6 9 -34 -3 6 -2 28 25 4 -14 -4 -3 0 -3 16 33 -12 9 7 3 0 -4 -2 -2 5 4 -1 -13 17 -6 2 -11 -9 -1 -4 -4 -15 -9 16 0 0 3 -2 0 -5 -4 2 24 1 -2 -3 8 -13 0 -2 1 -3 -1 
-8 -3 4 7 7 9 7 1 3 -6 -6 -5 -3 -2 -3 -4 2 -2 14 -3 -3 -1 1 -2 2 -15 -60 -3 -2 -4 -3 -1 -10 6 -3 1 2 -1 -3 2 8 -1 35 4 -2 -5 42 -2 1 2 -1 4 1 -21 4 11 5 -17 0 -28 4 36 9 -2 8 7 4 9 1 3 -19 -37 -22 -3 -2 1 -4 -7 -4 -7 -12 -10 -5 -39 -22 -9 -9 1 -4 -20 -5 -7 24 0 0 -11 -19 -8 1 -16 -6 -8 -1 -7 2 10 -44 0 45 0 0 -1 -8 -4 -7 -13 -5 -49 -61 -19 -23 -19 11 -16 5 
-3 0 7 22 41 15 -2 0 7 3 8 15 8 -6 -3 -2 36 4 -6 -2 4 4 -5 18 2 -1 -3 -1 -5 -4 0 2 -13 12 -25 3 1 0 28 2 6 -6 -15 -5 28 -5 -10 -5 -2 -2 1 -2 -2 0 1 0 18 10 14 6 -14 11 0 -3 -2 -3 -9 -8 1 -2 -2 -15 -12 -46 -31 -14 0 -2 0 -22 -16 32 -34 -58 -48 -26 -16 -12 66 -4 -4 -20 -1 3 12 -7 -1 -4 -12 1 -11 -2 33 46 10 -54 -6 -2 3 57 0 2 32 -31 2 -1 2 -9 -7 -11 -60 -16 -35 9 -22 
-6 12 14 -61 -46 -15 -3 -16 22 -2 9 15 7 -1 23 -1 -27 -4 -25 -2 2 -1 2 -2 -2 -4 0 -1 1 -2 -2 -2 -5 -5 -2 4 5 0 7 7 0 5 2 -2 -4 -4 -4 -3 -5 -3 -2 3 -7 1 3 -1 3 12 7 -6 26 17 -1 -7 -7 -26 4 18 -6 -8 -16 -40 -25 -3 5 31 26 13 -4 26 36 61 26 -3 26 28 17 1 -20 -3 -40 16 -42 -1 -22 -30 -31 4 24 15 1 2 13 5 -8 -11 -2 41 -46 0 0 -53 45 -4 1 -1 -44 46 1 -5 -5 -4 -18 -50 -30 
1 1 -2 1 -1 5 -2 -7 -8 -13 -20 -15 -9 -23 -6 -4 -9 -6 -5 -7 -1 -5 -1 -3 15 3 -4 -27 0 -4 8 -2 27 -6 19 35 2 -17 -17 -8 -6 7 0 -8 59 -42 -4 -25 1 -1 5 -4 -2 12 -2 6 3 6 11 -2 0 40 -20 11 32 7 22 4 15 -13 -53 -1 -4 8 36 -51 -49 -8 6 -10 -16 -1 -5 4 25 -3 26 -6 -4 40 49 24 14 35 -12 -67 -40 -4 -75 16 -10 36 -14 -30 -4 -16 -67 -49 -34 -17 -16 -41 -14 -12 -2 4 -11 -21 59 69 45 40 20 41 36 
-25 -1 -3 -1 -1 41 19 12 -9 -35 -38 -35 -10 -3 -6 -6 -6 -3 -18 -15 -40 -5 -20 -5 -5 -8 -45 0 -1 0 -17 3 -5 1 5 -5 0 0 2 -2 1 4 -2 8 1 0 -1 19 -3 -5 -6 -7 -2 6 -2 -2 0 -1 1 0 -4 -8 12 26 4 3 2 1 4 -13 3 3 5 24 2 -8 -8 -1 6 -11 -34 -12 1 20 -40 -37 -16 4 5 21 3 16 5 -1 28 31 26 20 -8 -17 -8 10 7 -4 1 -5 -8 -36 -3 -25 -13 -47 -19 6 -28 -9 6 -31 54 9 15 14 37 15 13 
0 44 -23 -8 7 48 44 29 10 -4 -12 -8 7 17 25 21 5 -5 -9 -34 -6 -4 0 -4 -10 -3 19 -8 -23 20 -4 -2 -4 2 6 -2 -1 2 -1 0 6 -33 3 -6 1 -2 4 18 -4 3 -16 0 0 -1 1 -3 -5 -3 4 4 -23 -5 -2 46 9 -2 4 -1 0 6 25 27 6 -29 34 30 20 -4 13 -7 1 11 8 2 20 -51 4 8 32 -24 -37 -19 -6 1 4 -3 1 11 3 40 13 29 -20 14 -3 1 2 -5 -5 -22 -1 16 -4 -32 -9 -2 -7 23 21 -9 -16 -7 -5 4 -33 
10 19 1 12 40 -34 -66 -57 -38 -2 -2 -41 -25 -47 5 16 -19 -28 -10 -13 40 0 0 4 -5 2 -2 -4 0 -6 -1 0 -4 6 8 1 2 1 2 0 -10 -24 -7 -2 0 -1 -1 -5 -4 -3 -1 -30 -35 0 -1 3 0 -8 25 -2 6 0 -7 -5 26 -3 24 -2 -5 16 6 -7 29 -7 29 2 1 -9 3 -5 20 18 7 2 -2 7 12 18 18 -11 -15 3 -1 9 27 -18 -31 -20 -11 5 -2 -25 -17 19 8 6 2 1 -8 -25 -14 -19 -26 24 -7 -8 9 -5 -17 4 -18 -20 20 -7 -21 
7 3 5 25 3 9 8 5 30 -29 13 17 17 13 -2 -17 -14 18 17 10 -7 -66 -6 -51 -36 -15 -7 -5 2 12 7 -11 7 6 8 -3 4 -24 1 0 13 15 6 2 -4 0 -1 4 -2 1 -1 -1 -1 0 -4 -4 -5 0 -2 -2 24 5 0 -12 -9 12 -2 -3 -4 -18 -2 -5 -5 47 2 13 -2 1 -7 -30 8 -2 9 8 1 20 -4 3 4 -7 3 9 2 -21 5 -13 31 2 6 26 16 3 13 -10 -5 -2 0 -14 11 -6 -16 -13 -16 -37 -43 23 24 31 41 -18 -26 -46 -26 -43 -46 
0 2 9 3 -5 -2 0 4 5 4 5 7 10 15 7 12 10 13 4 20 -10 32 29 15 20 0 4 5 -4 -32 -20 31 -10 -2 2 -31 4 1 10 3 -8 9 14 -13 -1 -17 2 -2 8 15 23 -26 -2 -3 -2 -9 -18 -1 -1 -14 5 28 51 10 -5 -8 -27 -27 -1 1 2 -3 -3 -58 0 -22 12 -24 1 4 -4 -6 2 -10 33 2 -39 6 5 3 12 11 32 83 5 -1 9 50 44 29 20 16 1 -3 6 0 -3 -6 -8 1 0 -22 -3 2 0 18 -17 -19 -11 -17 6 7 10 18 3 
-6 0 -7 -4 0 -6 -4 -3 1 -20 3 3 -9 -1 2 2 4 -5 19 4 4 -24 1 9 16 39 18 14 8 -3 -18 -13 -2 -2 2 9 2 1 1 9 24 11 16 -5 -1 0 -8 3 0 3 4 -21 0 32 0 0 0 35 -32 -1 1 66 16 10 -1 -7 5 12 0 1 1 0 10 6 16 3 33 -7 8 7 -6 -7 3 -13 17 -3 -7 -4 1 -5 23 2 -3 -1 2 0 19 -1 9 -8 -16 -2 -8 -4 1 -6 -20 -12 -2 10 3 -4 11 4 -1 4 -7 -14 -19 -49 -3 -2 14 53 69 
-2 -2 2 2 4 -1 -6 -6 -8 2 -3 12 1 -8 10 -5 0 30 3 24 -14 -1 36 -4 3 7 -33 -13 9 22 26 16 14 32 11 2 -18 -6 -53 -5 18 -23 -4 1 11 0 1 -16 -2 -2 20 5 -1 -1 26 0 22 4 7 1 6 -1 3 -28 11 8 -3 26 8 2 2 -7 -24 -40 38 -14 -3 4 7 12 8 14 1 3 1 -32 18 -3 -21 -42 10 -6 -1 -14 -12 -15 4 -7 10 3 9 2 23 4 -22 -12 -1 -4 -2 3 -47 -3 -3 -8 37 12 13 -7 -59 37 -5 -10 -48 -33 -37 
2 4 5 3 5 1 2 -2 -1 -14 -8 -5 -9 -5 -22 5 -22 -29 -18 -9 2 13 -16 9 7 7 23 -2 1 1 2 8 19 -13 2 18 4 2 5 32 -4 9 16 7 -21 2 -8 -1 -1 -2 -6 -5 3 1 -2 -3 -22 -4 -6 -3 -3 -1 -1 -6 -1 6 -1 1 32 -6 10 -50 7 -9 -37 45 -48 -20 -18 -37 -30 4 -35 -2 14 -15 1 0 -4 -3 7 -5 4 -4 2 5 -12 -47 -12 29 -9 5 -29 -4 -1 -31 5 -3 0 8 -3 2 7 2 2 0 30 -3 -2 1 24 25 17 15 6 
30 6 0 -18 2 24 0 2 21 -2 29 2 0 1 -1 -5 -5 7 -5 -6 -7 -8 -13 -21 -24 -18 -12 -5 -20 -15 6 -14 -4 23 -8 17 -6 9 5 -13 -2 3 5 18 10 17 3 1 -2 -1 2 3 0 -3 2 -2 -15 -3 -30 -12 1 2 5 7 -1 -3 33 1 10 73 22 27 38 2 5 3 11 8 20 -52 -2 3 1 -28 -27 40 -29 -33 -27 39 -8 10 4 0 -11 10 28 -6 -4 -12 -8 -9 -1 7 3 -7 4 -2 0 3 2 -2 -4 5 3 3 -8 -6 -1 0 -65 -35 -25 -22 -9 
-6 0 -4 0 0 14 -1 1 2 -3 3 3 5 3 3 5 4 3 -36 -1 3 -2 0 -6 -11 -4 -5 -2 -29 -12 -21 -30 -32 -23 -14 -10 -40 -24 -1 2 -21 1 1 1 -6 3 -6 3 0 2 2 1 4 2 -2 3 6 -12 1 -1 0 -6 -7 2 -20 -26 -2 4 0 2 2 42 9 -1 4 5 -42 5 24 27 6 22 23 15 25 18 -2 3 4 -12 -9 -14 -12 -37 -10 0 -19 -9 -9 9 17 12 -37 -4 -35 4 -42 -2 3 -3 4 4 6 15 -2 -12 -3 -4 0 1 0 -1 -6 -8 -4 
-15 -5 -3 -25 -2 -3 -4 -31 15 26 4 3 20 2 7 20 -6 7 8 38 5 5 -13 7 1 9 1 0 9 43 -1 -5 -9 -8 -10 -11 -4 -3 -3 -11 -1 1 28 -13 -1 -1 4 9 1 1 -1 2 10 2 -10 3 1 1 1 4 26 -7 -5 -2 1 -25 -3 -1 5 5 -33 -16 -9 9 1 -1 -8 0 -6 6 5 8 4 12 -2 10 17 5 5 -40 17 11 -7 -43 1 -5 -21 3 -7 -51 -52 -16 -11 -5 3 25 1 -34 2 -6 -16 -1 -2 1 0 -3 -42 -2 1 3 2 0 -7 14 -2 
-26 -3 -16 0 -8 -6 -20 0 -5 -3 -2 -1 -2 -25 22 32 -1 1 1 6 3 6 0 -2 6 4 5 6 8 -34 6 2 4 4 5 3 3 3 4 -3 -2 20 -3 -4 -6 -2 -27 -30 0 16 -2 -2 4 1 -20 -2 0 27 -1 -3 2 2 0 -19 -1 1 29 -4 -12 -6 -6 -12 -29 -14 3 3 -10 35 -6 -6 3 4 6 -23 5 8 9 4 16 7 17 12 11 3 28 11 15 20 24 -15 -5 -10 -2 0 -8 -28 -5 57 5 -1 2 -1 -2 3 5 1 12 -16 -2 19 5 2 42 9 11 
46 3 28 -4 -21 59 -3 17 11 -8 -3 -2 1 2 -2 -9 -13 -7 -4 -6 -8 -8 -2 28 35 0 -28 0 19 -5 -8 0 1 1 9 -11 5 -18 11 -19 -19 0 10 0 -5 27 9 19 3 -19 0 -32 -1 3 -1 15 -1 -1 -5 -2 -7 -1 -22 -30 -9 2 2 7 2 -3 17 61 50 26 51 24 18 24 29 16 0 2 2 26 -2 30 120 111 -7 16 -26 17 6 3 3 20 13 -4 -55 10 28 29 11 7 4 0 -3 54 8 1 1 2 3 -6 -3 0 3 -17 -1 6 -5 1 4 4 14 
-21 3 0 -23 31 -23 -48 -67 -33 -18 -2 -21 70 77 59 18 -22 -17 -32 -38 -29 19 2 -5 -6 -4 -12 -19 -22 -36 -52 -38 -55 -23 -18 -12 24 -9 7 4 29 3 5 8 4 3 2 7 4 9 12 -24 -28 20 29 -1 0 -1 22 -1 -1 -4 -22 -1 -16 -1 6 3 -1 -3 -4 -1 -2 4 4 8 6 1 11 7 7 10 13 1 -9 -15 -9 -2 6 30 56 65 -2 0 1 -5 9 14 12 0 -6 -9 6 -3 -42 -11 -1 0 -1 -15 0 2 3 10 -6 2 -11 -3 0 -3 -50 -6 -6 -3 28 
-1 -22 -1 -18 3 0 3 0 -9 26 19 13 -70 -42 -107 -64 -5 13 59 61 19 -30 -43 1 26 4 -41 -12 6 7 10 39 35 13 2 32 37 -18 0 1 -12 2 2 -33 4 4 4 1 -3 3 -1 4 2 8 -1 2 4 -32 3 4 3 4 -6 -3 -2 4 -2 1 -1 18 -3 -2 -2 -1 -2 -5 2 1 0 38 3 0 -3 1 17 36 -48 -93 11 -14 -21 -50 -2 4 4 4 1 1 2 3 -1 9 -34 -26 15 -1 0 2 -8 -2 4 -4 10 1 1 -12 -19 -1 1 1 -2 -2 1 -9 -13 
20 0 5 -6 4 -9 2 9 -3 19 7 0 0 12 -14 -49 23 -19 -20 10 -30 -69 -12 -14 6 14 12 9 7 -14 25 19 -19 -2 8 13 -26 48 -4 -4 -9 -10 -43 2 6 3 3 -22 -3 2 31 1 6 8 23 1 4 4 4 4 -3 23 1 -12 0 23 7 2 -1 2 -41 -2 -1 -14 32 9 -3 7 -3 34 -2 -1 0 2 22 11 9 22 36 9 -2 -16 4 2 3 1 32 -14 -14 4 7 4 7 -1 -2 -8 14 3 -12 -14 10 5 10 2 1 4 -1 1 2 0 3 4 -1 -38 -3 
