2 -7 -1 -7 1 -4 1 2 -3 -1 1 23 -8 -27 -1 -5 17 9 26 16 -4 -3 5 -15 -19 -3 6 3 -7 14 -8 -5 -28 -1 2 5 -23 14 -58 38 -71 26 -1 -12 -48 -7 34 -3 -3 0 -3 -27 7 -1 33 25 -12 20 54 2 -68 28 7 16 5 10 -37 7 5 8 0 11 4 25 -23 25 -15 25 -6 3 4 1 -20 -2 -2 -1 -54 -9 -43 -16 56 10 -29 -6 0 18 4 2 1 -5 4 -2 -5 -13 25 24 29 22 7 -20 13 -40 -2 17 3 10 -11 -6 8 -6 0 -19 10 -22 -32 
7 -22 9 4 -10 29 -11 -27 51 5 -3 20 -9 -42 36 21 11 39 9 27 -13 -3 3 -1 -9 11 0 2 -30 -25 -19 -2 -2 -3 -4 3 -8 -26 9 -18 15 15 -3 -1 -53 -12 51 4 2 -4 1 -14 -2 -28 32 -31 36 8 121 0 -1 35 -24 0 -11 6 -39 0 33 18 13 32 -25 9 -7 -15 0 -17 -18 28 9 0 -5 22 -2 -3 15 -33 -42 -14 3 15 -2 -34 -2 13 -19 6 1 -2 0 -1 -6 -13 24 4 1 9 -15 -17 12 -21 5 12 -1 -3 -11 5 -4 24 -35 -27 1 -3 0 
8 6 5 7 -11 1 -34 28 20 -11 0 -27 -2 -36 -3 -31 -4 11 9 23 0 5 14 -12 5 -3 16 -14 6 1 -57 -7 9 1 -15 -8 4 -21 -2 4 -14 50 -1 3 -39 -16 50 -23 -32 -2 4 -11 9 18 -3 -51 -2 4 29 28 0 22 -16 -10 -1 36 17 -5 -4 7 16 14 9 -48 18 -8 1 -4 2 -1 -4 -15 0 5 -4 -6 -56 34 -14 -28 6 27 33 -2 44 8 -9 5 3 -2 6 -1 -17 -19 27 1 -12 -24 -25 -36 17 20 -10 8 -8 13 1 20 -55 13 -61 -3 1 -4 1 
1 -9 -2 14 -7 -1 -16 -4 -7 -4 7 12 37 -2 -34 2 4 3 7 25 -10 5 -1 10 -8 -3 6 3 -2 -12 -1 -30 0 -3 3 -4 -11 4 -28 54 -15 50 -14 -1 -7 1 0 -2 4 3 3 34 26 35 -25 -62 43 47 89 16 -44 59 -9 -26 -9 18 8 -11 -1 -8 16 -1 11 -1 12 -8 3 -15 4 4 -2 23 -38 3 9 -26 -6 -67 17 -3 -26 30 44 -2 -2 -42 9 2 3 -1 -13 4 -19 3 40 -8 -7 -7 -59 1 0 6 4 -34 25 11 -17 42 -78 45 -3 -13 0 -2 -12 
0 -15 20 -13 27 -25 -4 -1 -4 -16 -46 -10 -35 4 -10 8 12 -5 16 -23 -2 -3 2 16 -17 23 10 -8 -3 -12 6 41 -12 -5 -19 2 1 -3 -17 16 8 65 2 -3 -49 42 -7 -19 33 -24 -18 51 -22 -4 10 -51 -9 43 128 -11 -16 29 0 -28 3 -4 5 -7 57 2 0 0 22 0 1 -5 -5 -43 1 -11 18 -33 35 -44 12 -23 -11 -47 44 -7 -23 31 0 -3 -2 -17 13 -45 3 -4 2 -5 -22 -6 15 2 -21 1 -1 5 9 1 12 14 29 -10 -55 -9 -5 2 4 -5 -13 -3 14 
27 -7 5 -5 -6 0 -2 -18 -14 -23 -87 -5 -27 11 -18 3 21 -5 -3 -6 3 -9 -4 -1 22 27 34 -22 10 7 3 -12 58 17 5 -8 -7 -8 -1 6 -14 24 10 -3 -44 27 -9 45 19 1 -3 4 -2 -25 -5 -30 -16 16 113 -93 2 20 -11 -3 20 -20 -28 -28 21 -4 8 2 5 -8 -23 -5 26 -22 34 -39 -6 -20 4 -5 23 -11 -28 30 -4 -70 -13 9 4 14 43 3 24 3 6 0 -11 0 -5 -12 -11 2 2 -5 -1 4 20 -15 68 -35 -3 -7 -11 21 -1 0 -15 -9 18 44 -5 
6 0 -6 -5 -41 -2 30 1 15 -15 18 -9 -15 -28 10 -87 26 -2 -17 -47 27 -3 24 2 -20 0 -19 -6 -18 19 1 -17 30 29 3 0 0 -2 -1 15 36 26 29 -5 -25 -14 -57 30 -6 16 8 -2 -15 15 36 -17 -19 10 -3 24 13 22 54 -64 75 -29 -6 -12 10 -5 9 1 36 -30 -5 11 -9 -2 44 -27 -40 -2 2 17 4 -9 -6 12 -18 -58 -15 4 14 0 1 5 8 1 -3 -47 -13 -1 -8 36 -23 5 37 -9 13 15 6 -3 -4 15 -9 -6 -4 6 14 28 0 71 -24 20 -34 
2 0 -27 26 -2 1 -12 4 -5 0 -9 0 -9 -18 -4 -39 26 55 -4 -7 -8 12 5 8 -5 2 12 15 -6 2 4 -4 6 -1 7 -1 -46 9 12 19 11 4 -3 -19 -14 -22 -5 6 9 2 17 1 -12 -29 18 0 -34 -35 -2 52 -14 -4 37 -9 45 -20 12 0 -14 1 28 -13 47 28 -20 28 -55 55 6 -4 -4 -21 -9 26 -18 36 -25 38 0 10 -19 7 8 2 0 0 2 0 3 3 -8 -3 -36 5 2 -5 -9 2 13 10 14 5 -17 -13 -1 11 3 0 7 -14 -36 -42 39 5 -35 
0 -3 -26 -4 -35 2 0 43 0 -84 0 0 1 10 -15 -51 -20 49 30 -37 -59 0 11 23 7 5 -1 4 2 0 -5 -1 2 -4 18 1 -1 -6 1 2 10 -9 -9 -30 -12 4 20 -43 0 7 17 2 -7 -12 -13 -6 -18 -81 -29 100 37 -31 1 33 3 5 21 -10 4 -8 2 3 1 -17 -32 15 -3 -2 -17 19 -5 37 -14 60 -20 31 -24 28 -40 -6 -23 0 -11 6 0 34 8 4 18 -10 -1 -7 -2 2 19 2 -66 24 5 -12 -2 1 -31 6 3 -4 79 -19 1 -39 71 -9 -16 -13 -1 
-52 2 -3 0 -3 -3 -23 -6 6 0 0 7 13 -41 -19 -14 2 -4 79 -52 -12 -2 -40 21 2 57 -9 -2 -6 -4 -8 4 -2 6 13 -4 -5 -6 -1 4 -1 -9 -7 21 6 -4 -3 1 -7 1 2 2 27 24 -43 -38 33 -66 6 29 14 -11 0 4 -4 50 -2 -51 12 14 1 -4 -13 -14 -6 -23 5 22 13 37 -8 -3 -46 -30 16 -13 -3 -2 -35 0 -38 1 0 0 12 -8 -1 -15 -1 -1 1 -18 48 6 13 12 11 -19 6 -22 -33 -1 -3 61 -70 -32 -4 30 20 -4 -39 7 10 -2 -4 
-6 3 -5 -4 1 2 -1 -3 -1 1 3 34 -8 12 -8 -20 -12 0 68 0 -17 -2 -2 -12 -14 -2 0 -3 -5 22 -8 -14 -1 -5 -10 -5 -6 29 2 -40 -6 46 22 -3 7 1 -44 -11 -42 0 -36 -2 -27 -5 -20 -34 15 -5 53 92 -20 -31 -6 12 7 32 -7 -22 -27 0 -3 2 0 9 5 -23 -28 -28 -9 10 -15 -6 45 25 -10 -24 0 -10 -4 4 -3 -2 0 27 -7 -15 6 -41 8 0 -10 -22 8 18 15 1 -2 36 0 13 -7 47 -45 29 -8 -24 -39 -2 20 16 -25 -28 -1 9 -13 
6 -3 -38 -2 14 25 -1 2 2 -2 -15 7 2 -2 2 -5 -17 8 7 2 -8 -10 46 -46 18 1 -30 -28 21 38 -5 -51 5 14 -6 -3 -44 31 1 -23 21 27 2 7 7 0 -4 -4 0 0 -2 1 -4 -17 -4 -1 -36 -11 11 145 22 10 -101 -1 -4 14 -6 -10 1 12 7 5 0 -8 -4 -19 -6 3 -28 -21 -31 -18 -7 -1 0 -17 8 -5 -4 -23 -2 -2 1 23 -4 -2 2 -5 5 26 -18 -4 61 14 -7 -20 -3 57 -11 16 0 1 -23 3 -37 -5 22 -13 37 -47 53 -25 9 -17 -46 
-8 4 -4 -1 -6 0 1 -47 2 -48 -13 1 -1 -47 -2 3 -15 -40 6 9 26 -20 3 -4 -11 -12 -22 -47 33 28 -6 -50 10 17 -26 -6 -46 62 6 1 0 46 -35 1 5 41 -2 -1 -1 -1 -7 -1 -5 -17 11 1 -20 -16 0 37 37 75 -56 16 7 3 6 1 -2 1 -2 1 3 -5 -11 -13 -21 -12 -4 -2 -1 -7 -5 -3 0 11 -1 21 5 3 -6 3 -13 -8 1 0 -1 -12 15 32 15 4 48 -23 -2 3 -11 7 87 -53 19 -9 -11 -23 19 -8 1 26 20 -9 -33 -45 30 -20 -4 
-11 -2 1 3 37 -6 -1 1 31 -3 -3 -4 -3 -1 2 -2 2 -5 -62 -1 12 -18 4 -6 -3 23 0 25 2 -4 12 -32 -1 -5 1 2 -8 17 -2 -9 7 8 -6 24 1 -3 -26 -2 2 -15 -3 17 14 -28 6 4 -4 -6 -46 21 61 51 -14 -2 1 -1 1 -2 -8 -7 -21 -65 -9 -3 -2 8 22 -8 41 13 7 38 8 -6 11 2 -2 3 2 -36 0 -1 -32 -2 2 2 -7 -5 6 -33 -12 18 -38 -14 -3 -1 13 17 -18 -36 36 -10 -36 11 -30 31 -1 0 25 30 -10 -17 -3 -1 -7 
7 -6 8 -4 -61 -10 2 -27 -50 0 3 -26 -6 6 -2 4 18 -4 2 -23 -14 14 24 -3 21 26 1 -14 11 3 2 -4 -6 2 3 4 -2 4 7 34 6 16 34 -29 3 3 6 35 19 -11 -33 -11 21 -30 -19 28 0 -9 -21 10 120 14 0 -50 -11 -34 -16 -11 3 -27 9 6 -15 -8 -10 3 14 -1 -10 10 9 -20 -3 0 -3 2 -14 -5 1 0 1 50 3 2 -8 0 -36 -2 36 41 -35 4 -5 -15 4 1 -6 -8 -7 -21 22 -4 32 -1 4 -2 -6 -11 15 -48 6 1 0 -3 33 
1 6 -3 38 1 -2 4 -33 -3 -14 2 -6 -1 1 55 -3 -4 -6 33 -10 -8 -3 1 -2 2 1 -3 -11 2 -2 -3 3 1 -3 -3 5 22 1 -23 10 20 -10 -7 -57 -14 -42 11 -3 -6 6 -32 -13 21 -18 6 -54 -31 19 -13 11 70 18 -27 -4 15 -36 -2 13 14 -1 -3 -18 17 -3 18 6 -43 18 -37 46 -9 -9 1 2 2 1 6 3 1 -1 -2 4 -11 7 -3 -12 20 6 23 6 -1 -2 -27 17 8 -5 17 8 -3 -6 39 -76 -11 -7 46 -25 10 23 -17 62 -8 -1 -6 1 9 
2 7 -25 6 -4 -6 -2 -4 26 -2 -1 24 6 -28 3 3 0 -9 -8 -4 -8 -9 2 0 -5 12 -6 -1 22 18 -15 4 -7 1 -7 5 16 3 4 -6 -3 -13 2 -48 -6 20 -14 19 -18 4 -5 1 -5 -5 15 -6 -6 -41 -39 7 -3 -12 -8 -4 1 2 -5 32 8 -10 7 12 26 -22 2 12 -11 11 46 0 11 3 -2 5 4 7 2 4 1 -4 -6 -6 -7 40 -24 95 -46 -4 5 -16 15 18 4 -5 -14 11 -11 -45 8 45 -29 -2 8 18 58 -9 -3 15 -3 -16 36 -27 20 -4 7 
-2 5 5 -43 -2 -7 0 1 -5 2 -4 -1 33 -39 -1 -9 -33 -8 -8 10 11 -8 -15 2 -35 -30 6 -5 -5 5 5 -21 -11 3 4 5 17 30 5 -13 1 4 -2 -3 4 0 32 -2 1 -5 -4 4 -5 11 -5 -32 46 -48 11 -11 -1 -4 -5 -9 27 -35 -9 -9 -2 -6 -3 26 14 -6 -1 1 -2 4 3 9 16 0 -2 -26 2 3 3 -4 -2 0 1 -2 -1 -2 -4 -1 2 -7 -12 4 2 -6 -17 9 19 0 26 -40 -28 69 -25 8 16 28 -34 24 15 22 0 0 4 -1 -3 1 3 
-1 2 2 3 1 2 4 0 2 -4 -1 -38 52 1 0 -4 -28 -34 15 45 52 -27 -20 -14 5 -81 18 -4 -1 -1 -8 -5 -7 31 -2 -3 -2 19 3 -2 0 0 -2 4 4 1 -1 -4 0 -30 2 -1 1 4 25 -21 25 -7 44 -20 4 15 -25 -7 1 -1 6 -5 -1 -24 4 8 6 -5 9 -32 -17 -44 4 38 2 -6 -2 -20 18 4 24 -6 -7 5 13 17 -4 -5 -1 0 -22 9 -5 53 -5 -44 23 -21 -44 37 10 -2 -3 1 0 6 -2 0 1 0 34 7 1 2 0 -6 7 -6 6 
0 -3 -4 -1 15 -1 -33 2 3 -1 -15 -27 13 -7 -12 1 -2 16 -14 34 28 -12 -6 6 -2 -15 15 -1 3 8 -1 3 17 22 5 -16 5 16 -18 20 0 1 34 20 -4 3 -14 14 -13 -13 11 -5 -25 -34 -3 0 3 -5 9 -27 3 -25 1 -15 -9 9 40 0 1 -16 27 26 19 2 -3 -18 -43 -39 3 56 5 0 11 -13 38 -8 -2 -1 0 6 -2 22 -1 4 -31 0 -29 -1 -6 1 1 -9 7 -2 -3 -3 4 6 -1 20 -23 -35 -7 -17 29 1 0 -12 -6 16 0 14 0 -22 3 
-13 -2 -44 -24 12 1 0 22 9 -14 -1 -15 -3 -12 30 -35 -17 -8 5 -11 19 -3 6 -7 -5 -53 12 7 -16 -1 13 13 -15 -28 6 -86 7 8 -19 11 0 -7 0 -9 3 -2 -8 18 -18 -3 10 -7 -4 15 -18 6 6 -5 -6 -40 5 -18 -5 0 29 11 4 0 -6 -39 0 42 8 -4 -1 -9 0 -47 0 61 -20 -1 -4 31 18 -2 -1 -7 -6 35 -7 13 -2 2 -1 -1 1 -1 -2 33 32 -14 2 -1 1 -19 77 1 -9 -14 -38 -5 -38 7 25 17 -21 50 -25 8 -14 53 11 9 -1 
9 -22 2 -13 20 9 17 -6 -18 14 -25 -12 34 -13 -8 -24 0 20 5 -3 -7 -36 -29 -21 -34 -4 8 3 7 13 3 -41 8 8 4 3 15 31 7 6 5 29 41 -6 24 -9 7 -3 -35 -17 3 -4 0 -5 6 -10 0 -9 51 -6 -3 0 -17 1 7 -4 1 -1 -31 -54 -54 63 10 5 23 -1 -7 -8 0 62 -18 8 20 -1 -21 7 2 22 -2 -7 1 -2 0 -18 19 -5 -40 23 -1 -7 4 -4 21 29 1 -61 2 17 -21 22 5 -3 -31 13 8 3 -1 7 4 46 -14 20 -7 3 -13 
2 -11 2 -2 -20 10 -15 -13 -4 53 14 -3 13 5 -17 -9 -4 9 -28 -3 4 -22 4 54 -16 0 0 16 19 22 10 8 41 -1 -4 18 -18 30 -39 2 4 -9 11 5 -7 3 6 -28 -17 -6 -2 -2 3 -15 13 5 0 -4 14 -3 -3 3 0 2 0 -6 -1 13 19 -47 -5 36 25 -23 -16 16 -25 -45 -15 37 -4 -28 14 1 -17 -20 -10 2 12 22 -13 -1 -13 -8 17 0 -17 11 -5 -10 19 2 8 0 21 -15 16 26 0 -4 1 -4 -15 -13 4 5 5 -24 -2 -1 0 -2 0 1 0 
7 -35 4 20 38 12 -9 -14 -1 6 10 -14 28 -1 9 -13 -5 22 -43 37 20 -4 -2 -31 24 -24 18 30 -14 28 2 0 -3 27 -46 35 -46 0 -65 28 -5 -5 -32 48 -4 -23 3 -28 10 2 -9 -45 1 0 -25 1 -3 0 -22 0 0 0 -5 0 -7 3 -1 2 -7 -38 -4 13 29 -25 -2 26 -40 -40 -2 48 8 3 1 -4 -39 -3 30 13 11 7 -2 2 19 -15 24 5 -5 12 -1 -8 2 15 -3 -5 10 -32 -3 -4 1 -26 -1 -1 -9 63 7 -4 3 -1 -21 0 -4 42 0 -2 2 
-7 1 -24 -3 -2 -10 -38 -48 8 9 -12 4 19 3 10 -1 32 -8 -11 -1 36 -14 59 45 -14 15 16 -39 3 36 -29 7 7 5 25 -27 -2 -10 -4 -2 2 -2 9 24 -4 0 -1 -21 2 1 1 0 -24 0 4 3 0 29 3 4 3 -1 -2 2 27 2 -1 -7 -6 -29 -8 7 48 -12 0 -21 -5 -63 50 38 7 29 0 -3 -18 13 -1 -2 -17 5 5 -2 -3 -36 7 28 -46 0 -20 8 25 29 -37 -23 62 -7 16 0 2 4 7 1 22 0 1 1 2 17 -11 12 1 -52 8 -49 -23 
-15 1 -8 32 -19 1 8 -6 13 4 -23 -16 -3 11 6 13 26 -21 18 4 11 18 -17 19 7 -64 32 -15 -28 -2 7 -36 59 -16 2 -33 -1 3 3 0 -5 -10 21 2 -28 0 -7 14 32 -18 5 -6 89 -22 -4 1 -1 0 6 -23 1 -1 -2 -41 0 -3 1 9 -2 -9 -17 4 77 6 2 0 -3 -9 -3 4 2 -1 20 -1 -4 -26 -4 6 15 -31 2 -2 1 20 -10 15 1 50 3 1 6 -2 -21 -15 3 6 -10 3 13 3 1 -2 -1 4 14 5 3 -13 3 7 5 3 -5 -12 1 
30 -1 -9 -37 43 40 -2 -33 -2 6 -10 -21 -17 8 15 49 -71 56 -5 49 4 -30 -36 50 -22 30 -38 -10 -26 43 -30 -23 -62 -28 -2 -2 4 4 -26 -28 -14 -16 6 4 -10 -15 3 -26 8 56 -7 -28 -3 33 -3 -32 -10 0 0 6 2 4 1 -1 -4 -7 -2 -12 2 2 -29 -39 24 9 -2 -3 -1 -3 -3 -19 1 1 -2 2 -2 -28 -7 -20 3 8 -3 2 -24 1 -6 5 -1 -1 3 1 -5 -3 -11 -35 2 -3 16 -22 -3 3 -1 3 -3 -37 29 7 11 -4 8 13 22 1 -6 -22 -19 
10 0 -2 8 17 17 -11 1 -6 -11 -5 5 2 -7 5 10 -34 55 -1 -55 58 -11 -23 -10 6 -6 -27 2 10 23 -14 -2 7 -2 -1 -7 -5 -6 1 0 -21 31 -66 -1 2 17 0 2 1 1 0 1 -2 0 0 0 -1 -16 7 -29 -19 3 2 -13 -5 -4 -2 1 0 6 -91 -4 53 19 -7 -9 -48 15 11 -10 -10 -8 -5 -2 -15 -33 3 15 1 15 -4 30 5 -1 -1 -4 0 -1 -6 11 0 -7 -6 8 25 5 0 2 3 4 -1 -19 8 -7 -1 3 -2 7 -7 -19 -14 5 21 28 -54 
-2 -2 42 -1 -42 53 -8 -9 -11 0 11 19 9 -3 3 -5 -12 2 -5 2 -2 -4 -6 11 -36 4 8 5 1 8 4 10 -4 -5 -1 4 12 5 8 -3 -29 -3 10 10 -11 6 -6 -13 -31 -8 5 5 -4 0 -10 -30 -3 -8 -14 1 7 7 3 -1 -3 -2 -3 -27 -1 -4 -37 -6 24 8 -35 -11 -9 0 -2 -2 -29 1 0 -1 -2 -67 -42 23 25 -3 -6 -11 2 -30 2 -5 45 -7 -12 27 -3 -6 4 1 -3 10 -1 11 7 14 5 -5 -4 4 1 13 -11 26 27 -3 14 4 -5 -19 -12 
0 2 57 -6 -16 8 -9 5 0 -7 6 12 2 -19 23 9 -18 30 0 16 -4 22 -4 -3 -40 11 6 10 4 -9 0 3 15 17 11 33 45 -17 9 -13 14 12 2 0 -4 0 0 -36 -5 -3 4 -8 -9 1 39 -8 -14 -21 -15 -5 -1 -10 7 2 -2 -4 -5 -25 0 -5 -19 -11 11 48 0 26 0 -1 -14 -21 36 8 -16 -33 2 -14 16 -3 -8 5 4 28 3 -25 52 9 10 -7 -1 -6 2 -14 2 0 -3 5 -2 3 -2 -10 14 24 -11 0 46 28 -17 -12 -29 3 9 8 -1 -9 9 
13 15 -6 -14 7 -12 -6 2 -1 -24 -21 8 7 -12 32 -17 -4 35 -8 19 -36 -31 -31 -6 -1 25 -2 2 6 17 1 23 7 8 6 0 0 -10 12 -37 13 34 0 8 0 0 61 0 -6 11 -20 -1 22 7 4 54 0 -8 -43 -23 -1 0 5 -6 39 -1 0 3 23 -5 -8 -28 3 70 2 -2 -2 0 -51 -27 6 56 -8 -12 22 17 2 34 -7 14 3 0 4 6 21 -74 -6 1 -5 -16 42 -38 21 3 -3 6 -24 -6 3 22 -3 -5 -10 4 6 -18 17 8 -50 3 10 10 5 -10 -25 
-20 -26 28 54 -11 3 -2 22 -27 3 2 3 2 18 -1 8 -9 -7 -9 -6 -17 16 0 -19 -1 8 8 17 69 13 6 0 0 22 -42 0 -52 0 -9 -43 38 3 0 -5 -28 0 0 1 45 0 -37 3 23 0 0 0 0 55 11 -19 -14 0 18 6 6 1 1 -2 -4 -5 -2 -41 1 78 3 -25 -8 2 -36 -33 1 75 9 2 0 10 -7 -8 44 -97 -5 -13 37 37 -18 -9 -5 -2 -3 -3 0 4 22 2 1 -3 -3 -28 25 9 -3 -3 -2 4 -14 -38 8 -2 3 -23 -41 22 2 -18 -9 
-22 27 -23 18 1 -26 -1 2 1 3 1 2 35 9 -7 -5 -14 -47 -6 -5 -1 -1 9 11 9 4 51 13 55 -45 0 0 -54 0 -36 0 59 0 0 0 -5 1 -4 -3 7 -29 -2 2 1 0 0 0 0 -51 0 -19 0 -8 -74 -20 -5 11 2 5 4 -4 0 0 2 0 -22 -25 -5 49 7 -39 6 4 -21 -19 -9 58 10 26 0 0 -35 14 12 5 -6 -23 31 -85 61 -52 -5 2 -10 -1 1 -1 0 -3 0 -2 0 -6 23 9 2 -3 -3 28 -19 1 -6 6 8 -9 26 11 18 -1 -13 
8 38 8 34 4 -24 -2 0 -7 2 0 2 11 5 -5 -30 -31 11 -2 4 3 0 21 32 10 -35 -2 -13 9 5 0 25 0 0 0 0 52 0 0 0 0 0 -55 0 -1 -4 -41 -5 4 -52 0 0 0 -14 0 -1 -7 -15 -38 6 9 0 2 2 2 3 2 14 -4 -3 0 -8 -17 28 19 -2 -16 0 -21 -8 -19 -9 30 -1 -4 9 -17 8 68 -142 23 -10 7 -1 -1 -43 6 13 35 2 -1 -14 3 12 -2 -3 -3 5 1 6 -6 -10 3 4 12 -23 -20 -3 26 -3 9 -1 1 -3 -36 
-47 45 -9 1 -1 -13 -15 -4 0 -1 21 -2 -4 -12 -6 -1 1 7 -17 11 -26 4 13 12 1 0 -15 3 14 1 41 -34 0 0 0 0 0 0 -29 0 0 0 -39 -1 -2 2 -2 2 -34 1 7 31 -37 36 -9 -3 -15 -29 -11 -4 -2 3 21 2 -1 0 1 1 1 -3 25 -4 -45 62 65 1 0 -2 -20 27 -39 -2 -1 0 -11 17 0 3 1 -4 2 -44 -2 -1 23 -35 5 10 15 -1 -10 16 10 -4 7 -11 5 -9 -1 26 -2 -3 12 -1 21 -4 -35 -20 16 12 6 2 2 -12 21 
-18 -7 8 5 5 25 -1 -39 -1 -2 -1 -5 -3 -9 6 -19 27 -1 21 -9 8 8 17 -2 -5 4 -2 6 3 0 0 7 0 0 0 0 0 63 0 0 -5 -14 0 -14 -2 7 -4 -10 3 -12 6 -2 46 16 -17 -31 -11 -7 17 38 11 4 5 3 1 -6 -1 4 17 2 2 -2 -68 2 64 13 -2 -13 33 -19 -8 10 -4 1 0 24 1 -2 -22 1 -28 17 -10 -13 2 -25 18 12 3 -17 1 14 1 -4 3 -28 -9 -17 -3 -9 -4 -3 -6 -6 14 0 -31 34 -1 -16 -23 -16 -6 14 -20 
1 -2 -27 -5 0 1 -1 2 1 4 -2 1 36 8 14 9 9 9 7 6 -18 -13 21 5 -3 2 0 0 0 0 0 0 0 0 0 0 38 16 10 -54 0 -10 -7 3 37 -12 -48 11 -2 2 -10 -18 4 -8 -12 -33 0 3 23 3 -2 2 13 7 -9 -8 -4 -1 6 -8 1 25 -42 86 -54 -9 3 2 -2 -4 1 -4 12 0 -11 -58 8 -6 -21 40 -19 34 -13 -17 -6 74 20 15 -17 -13 -4 -3 -17 10 -5 39 0 30 12 -5 1 2 -12 -33 -6 0 -10 70 -23 -9 -5 10 -21 32 -10 
-2 13 -14 4 5 3 -1 -13 0 4 0 6 -11 3 29 -90 67 56 29 21 3 6 0 0 0 -23 -27 0 0 0 0 0 0 0 0 0 -28 0 0 0 -27 -1 -3 -7 2 -12 -9 -61 -24 0 -25 -9 -6 -2 2 5 3 -2 4 -50 -27 3 1 1 5 1 -17 -13 5 -16 1 26 2 17 1 -2 9 27 0 -30 29 -36 30 -89 28 19 -6 -4 -38 4 10 -29 -4 0 -26 -3 37 42 -60 -5 2 -7 -21 9 16 32 -37 -3 56 -42 3 -1 -2 -3 4 -15 11 58 -7 -15 -6 12 -13 89 -42 
6 0 16 3 7 -18 3 1 14 13 32 -10 9 8 22 11 1 1 2 -39 9 1 58 0 0 0 34 51 0 0 0 0 0 0 0 0 0 0 -13 7 -16 -14 17 60 -21 -23 -21 -31 -13 0 -6 -1 3 7 50 -50 8 -9 21 -8 23 8 0 0 -2 -17 -24 14 -36 43 15 5 7 -23 -9 3 7 35 4 -25 23 27 9 7 33 54 -33 26 -23 0 -31 10 7 0 -27 7 8 3 0 -4 13 47 -32 33 11 27 -3 -6 -8 -11 13 3 -5 2 36 -14 -1 26 46 -12 -5 8 -37 37 -18 
9 -6 44 -24 2 7 6 -2 18 1 19 4 -8 -42 -22 13 -3 0 5 -15 -61 7 0 0 0 0 -12 13 0 -34 0 0 61 0 0 0 0 0 -10 5 -74 1 35 -14 -13 2 2 -6 -3 3 -4 -43 2 3 8 8 -4 -9 9 18 -5 -10 0 -17 -4 26 42 9 3 -5 -11 -46 17 -40 -21 -2 38 10 1 -27 -2 5 -5 -9 -16 31 -13 -28 -18 25 -49 11 18 1 23 50 -87 32 3 -6 7 61 -7 -24 14 1 -3 -33 -6 -11 5 0 -1 -7 13 -2 3 2 4 -6 1 1 -23 7 21 
2 -1 7 24 7 -5 14 15 14 4 -1 -11 5 -8 -2 6 -1 -3 25 10 0 59 0 0 -6 -25 -68 0 8 0 58 0 -9 -4 1 8 -1 -5 5 -13 -11 -41 -12 15 -2 0 8 3 -22 -15 5 8 2 -5 4 -6 -8 29 26 -10 -54 2 -4 -39 4 19 -2 -5 1 -6 -66 1 24 27 -3 35 -70 16 -14 -8 16 -3 4 17 6 6 -6 -9 16 62 -35 14 15 -27 -28 -2 4 20 5 18 8 -1 -53 4 -4 -5 -7 13 -11 -5 30 -2 -4 -29 19 1 1 -3 6 1 41 0 27 48 -18 
-53 16 -3 5 9 -26 7 2 1 -2 -2 -3 -33 1 0 0 0 0 -4 0 30 0 -9 0 0 0 0 -21 23 5 0 -23 -16 55 26 1 -1 -17 -18 -2 -4 -12 -3 -23 2 6 1 -9 -19 14 6 -11 -19 -16 -8 55 5 74 13 49 -52 -3 -35 7 -21 30 0 -13 3 -1 -27 0 20 1 -35 18 -29 -5 31 -27 26 30 4 5 -5 -60 7 -25 48 10 14 -13 -3 -2 3 13 12 22 3 -2 7 14 19 -3 17 -6 -11 -17 17 5 12 -7 -13 -14 12 11 -29 -2 -6 7 -18 11 24 2 9 
27 19 -3 3 -15 0 12 -1 0 -1 -4 3 -30 0 0 -1 0 0 39 0 -13 1 0 0 31 0 2 -13 -26 -19 -16 -28 6 16 -6 -18 -11 -11 1 17 -7 3 5 4 -25 -2 5 8 2 -28 -20 -11 2 11 24 8 -7 3 25 16 -3 -4 -3 -13 7 65 12 -36 29 4 2 -32 9 8 -8 1 -15 -11 48 -49 -29 116 54 -16 27 -18 -2 -17 15 -85 -26 -25 14 -8 -18 25 1 12 25 -1 -4 -41 10 -28 13 -4 -58 -18 17 6 3 -31 -9 32 9 12 -1 -7 -5 10 -34 -11 13 18 -5 
24 34 49 3 -1 60 2 0 -2 -4 -12 6 12 9 -12 0 0 0 0 0 -66 2 0 0 3 0 11 0 -48 -20 -3 -37 -4 -21 -26 43 -21 -3 -6 5 10 22 1 -4 11 26 -1 -12 -11 22 -20 10 13 -3 -33 11 16 -23 13 3 -2 -8 -4 23 46 -34 0 -6 1 -18 40 -40 21 21 9 -6 25 -1 1 6 -7 -8 12 4 25 -7 -16 10 17 10 41 -18 -2 -12 -2 37 13 -52 -10 0 -19 3 -11 -1 7 25 -24 29 -58 8 11 20 -2 4 -45 17 0 -39 1 -6 5 -5 -1 5 10 
-4 21 74 0 51 -4 0 -22 0 0 -2 -21 -57 2 0 0 17 -2 -3 -37 9 0 0 0 0 27 -23 40 -27 -8 -36 11 -6 -5 -2 -4 -1 2 -4 2 10 -3 40 -7 23 -33 46 13 -32 -21 2 42 24 -4 8 -30 1 -29 -29 3 -4 0 5 -24 53 -7 -1 -8 2 33 34 -15 12 -6 11 -5 -2 18 15 0 49 -4 4 -3 25 -4 -19 -15 29 -10 -6 -4 -6 -12 8 -24 16 -15 -5 -3 -6 2 -18 -5 3 -4 -49 31 -9 33 -46 -33 -3 10 -32 63 17 0 -6 19 0 5 2 -5 0 
-52 0 0 0 0 0 0 0 0 0 0 0 0 0 0 -5 -47 1 -2 -27 4 9 -8 9 -3 40 -10 -28 -21 -13 2 -3 -9 -5 -32 -23 -31 0 -1 15 10 6 2 -50 6 -7 -3 19 1 -9 -2 -30 26 -4 2 -31 16 -4 -9 -3 -1 -14 -3 -9 21 -5 -25 14 -13 -11 23 15 29 -10 -21 5 -64 34 9 -2 -10 -37 9 -1 2 28 -4 1 -2 2 3 2 20 -6 13 -3 -1 -2 -2 -3 8 19 -16 -13 0 -4 22 48 16 43 -84 -6 -1 13 -48 19 12 4 13 -14 4 3 2 1 -13 
0 0 -7 0 0 -6 0 0 0 0 0 0 7 -15 50 -45 -13 -8 -1 30 10 25 44 -6 -8 -19 -3 -54 19 3 -15 3 2 -1 -12 -34 -45 11 0 18 -7 -53 2 -15 11 -49 14 25 -3 -23 6 9 16 -18 -21 14 -26 4 -17 -33 0 5 -49 -8 -50 -3 23 27 19 -3 -13 -38 35 -1 4 5 -23 19 27 2 19 -20 0 -7 62 -64 43 32 -44 -9 9 -22 11 -2 4 1 0 -1 24 -37 14 -20 19 9 -2 -6 -7 38 -21 -20 -16 18 -16 7 -36 12 -29 -4 -2 -5 7 3 16 -5 -22 
0 4 -10 0 0 0 -3 0 -51 0 -16 -18 -24 1 4 1 -2 -19 -11 -6 10 42 33 6 11 -27 -5 -12 -35 1 21 -3 39 -44 -27 16 12 -17 -10 5 18 7 -11 1 -13 22 8 -30 -11 23 -12 7 -11 -26 7 21 -36 6 -2 -5 4 -10 -12 16 -36 -45 26 19 0 3 -4 -46 30 13 4 -3 -4 -14 -61 4 20 7 2 9 -61 9 -4 15 5 14 10 -11 6 -5 3 22 9 4 -4 -36 -1 4 -11 14 -1 -2 14 5 -12 18 0 2 -24 9 -31 -1 59 10 -3 -19 5 0 1 14 -21 
-16 0 0 0 0 0 -2 -8 -21 -24 -26 -25 20 20 11 -2 -25 -4 4 3 22 -9 27 -10 -19 -8 -13 3 -6 -11 64 -39 -15 -15 -39 -5 -36 -14 -19 13 -4 -12 -27 15 -20 10 17 13 6 15 -29 21 0 -3 -17 -4 -27 -2 -12 -40 2 5 18 -34 -25 0 65 23 -7 22 -9 -39 38 -20 37 -3 -1 8 -5 -27 -10 -5 4 -5 -6 -4 -3 10 -33 24 -35 -3 -6 13 14 9 -7 -8 -2 -22 32 18 -19 2 -36 26 -3 2 32 35 -13 4 -23 -10 13 -3 42 -10 -19 -7 3 5 -1 -25 -14 
10 1 -5 -37 -9 -25 -26 -13 -16 8 9 6 2 -2 15 -4 0 -28 21 4 16 1 12 -46 17 -12 13 -4 6 -4 23 36 15 -29 -7 -24 6 -25 33 20 1 -15 -4 13 -13 14 -6 25 1 0 -89 25 -17 26 7 -6 -32 4 18 -1 -3 -15 8 19 -11 0 98 -1 2 3 -15 -26 23 -11 -19 -5 47 -5 12 -47 -4 5 -51 -27 -8 -6 -7 -8 5 57 -14 -1 -5 0 9 19 -4 -5 -2 5 -12 6 -5 -4 -25 -5 -5 2 2 22 -7 5 62 -48 12 5 -15 -1 82 -52 3 4 -4 -6 -15 
13 5 2 -20 -73 -4 1 12 5 7 -1 -1 -2 9 -14 -2 35 -1 11 52 6 -11 -8 19 -21 17 -8 2 -5 38 19 15 0 23 -67 5 20 -10 -4 15 12 22 16 24 -8 10 -21 -2 -2 -21 -65 33 4 46 6 -9 -52 20 -10 -7 68 -16 -1 6 -7 3 75 11 -25 27 27 -63 -2 11 23 16 47 41 2 -20 -40 21 -1 17 -6 3 -12 -11 -8 89 18 -14 3 -22 2 -17 -7 -6 16 9 9 -7 14 -3 13 -11 26 -50 92 -88 -4 -4 21 -66 16 -12 22 -6 7 -3 2 3 -3 14 16 
9 -6 36 -53 -9 -11 -18 -1 -2 -22 -6 14 3 -9 19 -5 12 4 -12 1 -32 -22 24 11 -28 -5 1 5 80 18 2 4 0 6 -44 0 -22 -33 -5 62 -8 4 -9 -21 -24 -4 -10 4 -12 8 -8 10 26 30 -3 -8 -8 -10 -3 -3 13 -10 -15 -19 14 11 61 8 4 19 -29 -40 -3 3 -5 26 -1 101 0 -11 -3 10 -29 0 28 -2 10 -34 3 81 45 -25 8 -50 14 -16 -2 -9 3 18 19 -20 30 -5 0 16 -7 -36 30 -32 0 -22 -3 -13 11 19 -8 -23 21 96 -45 0 -5 -6 6 
27 16 -2 24 -49 -40 -14 6 14 -10 18 -9 3 -53 10 7 -12 12 3 -19 41 19 2 10 -7 3 -6 42 -23 -7 5 51 10 24 -16 -58 4 -22 2 60 -9 5 -14 -1 6 -7 -42 23 1 7 -4 -9 17 -4 7 -10 -6 -7 15 1 -2 -14 -4 -17 -26 55 3 5 2 20 22 -32 55 37 -46 19 108 -22 8 33 -24 -16 -17 -20 6 0 -13 -16 12 39 6 -17 6 -53 23 23 -13 -9 2 -3 23 -3 15 -3 30 -9 -20 11 20 -5 -16 -34 -18 -22 21 -17 4 7 -5 16 -1 -1 9 7 7 
29 11 5 41 -5 -16 -3 -29 19 -7 -4 14 -48 -13 18 44 -7 11 -6 -19 -12 0 -24 -8 0 -2 22 10 16 -14 10 -22 10 -3 -14 -53 -42 2 -1 48 48 22 7 1 -6 12 20 -44 -4 4 -1 -12 -32 -49 -4 -24 -5 15 1 1 -25 -18 -6 -25 1 21 15 5 3 30 -51 -26 2 81 -30 -3 11 86 8 -13 6 -2 -37 20 1 -2 -15 -6 27 37 22 -9 12 -40 12 1 -7 -9 -2 -7 13 -12 14 6 -4 -6 -5 10 3 17 3 32 -29 -36 9 -5 -4 11 1 7 -14 0 -6 -24 62 
13 21 21 -4 -5 -20 -7 -18 12 -7 20 17 17 4 -22 3 11 6 -15 -1 -15 4 -31 11 -8 19 5 39 7 -1 -3 11 2 -43 10 8 -6 -61 -19 -8 0 -43 10 14 10 3 10 -46 -5 51 34 -59 18 -12 10 -33 -6 -3 -2 -1 8 18 4 21 0 36 37 1 9 -3 -30 -12 -21 33 -7 -3 5 2 1 0 14 11 -8 1 0 -2 -18 23 64 67 40 10 -24 -20 24 -10 -19 -5 -1 -9 -14 -9 9 3 -30 52 -22 15 11 -4 5 -37 6 2 -31 -10 1 -2 13 -54 -2 -1 -40 -36 -3 
3 15 8 23 -30 7 0 -35 9 -27 4 2 10 -13 14 13 -25 -10 -4 22 9 2 -6 -8 20 14 -19 -28 -7 -7 38 0 -31 2 -20 -6 -2 -14 -35 -3 -14 -7 -13 -9 -7 23 -5 -23 -1 117 -14 -13 4 5 6 -35 -18 -1 -6 -28 35 -51 11 -15 1 79 3 -25 28 -14 -58 11 15 -13 -5 0 30 -7 -6 31 -2 22 11 1 7 -4 -36 0 75 21 3 22 -23 -30 37 -30 -18 -5 -1 -3 -16 -9 6 2 -27 -2 0 48 -44 1 6 -12 -28 13 7 -10 -2 11 12 -32 -16 -2 -7 -31 -2 
-5 6 -17 9 44 16 -10 20 -5 -9 -2 8 7 -8 3 16 6 -22 -7 22 -2 15 -1 44 35 -26 5 9 41 7 -93 -3 -62 -43 11 16 -1 -4 -11 -27 -1 28 -23 5 -3 11 -31 -10 3 88 14 6 3 27 2 12 -27 -11 21 -1 0 -26 -10 -8 7 79 13 -20 25 -47 -56 -5 33 -34 -4 -1 51 58 -23 -6 -26 -12 -35 -4 16 -6 -45 -28 71 -39 -2 0 18 2 29 1 -17 -3 11 9 34 50 8 6 -14 -9 -2 -43 4 0 -3 4 -20 20 17 0 -8 12 39 -3 3 -36 -16 -5 3 
3 -8 24 -34 24 -9 -2 -28 -2 -15 21 -32 10 27 14 8 2 -12 0 -27 -20 6 52 22 6 0 -5 10 -105 0 -9 0 2 -18 2 -14 -58 18 13 -36 6 -1 -48 9 0 -12 -37 -8 7 77 -10 7 -15 16 -16 2 -35 2 36 -16 51 -99 -23 3 11 57 -11 6 17 -34 -41 -1 62 -25 -3 0 95 17 8 -37 22 -20 -49 -4 14 -21 -31 -6 52 -27 9 -2 -35 17 14 -7 -41 2 -2 14 21 3 2 2 -6 -9 -16 4 2 -26 25 -17 -46 -31 39 -27 4 14 1 -1 -2 1 -9 -13 -10 
15 4 -44 -3 -28 50 8 8 59 2 -5 8 10 12 3 -1 -27 -1 38 -12 -21 37 38 22 40 -5 16 -32 9 0 0 -2 -10 8 36 -7 -53 37 -2 -16 3 3 -43 -4 1 8 -46 29 13 54 -5 5 12 -18 -6 -2 -5 5 -1 -3 -41 -1 -5 1 44 33 -18 7 -3 -43 -36 0 94 -10 -2 -4 100 55 57 -16 61 36 -55 -4 -1 -3 -17 15 30 -50 -13 1 34 -6 21 -23 -9 -2 0 5 15 14 1 -1 7 -5 -29 -18 31 -25 -3 -12 -29 8 2 -3 2 12 0 1 25 -7 -4 2 -9 
1 5 8 -10 -11 -23 13 -43 17 15 4 2 3 1 -6 -2 -5 3 -10 7 14 41 20 0 -34 -23 14 0 0 0 0 0 -10 53 7 -11 -9 -30 -3 -10 -6 -33 -17 -30 -6 -4 -39 -3 2 7 20 18 17 19 -17 -56 -17 -26 -4 -29 6 4 -25 -57 1 20 -10 18 0 -71 -17 3 65 1 -2 2 30 -1 14 6 38 9 -56 -3 14 -9 -6 25 24 -53 2 9 -5 24 -7 -17 18 -6 -5 15 2 12 -2 9 -5 1 -2 7 -2 5 -7 -33 2 1 -3 6 11 0 3 0 -10 -12 17 -25 -27 
-7 -6 -23 -5 -4 -5 -17 19 21 1 2 -1 -2 -26 -1 -6 8 -10 -1 -23 48 18 -44 -23 -38 -12 9 0 58 0 0 0 0 -1 -10 6 -1 -17 -6 -7 7 -41 -2 -21 -27 -2 -4 -2 -10 -21 -35 22 7 27 9 -22 -14 1 3 -9 -20 15 -5 5 -28 7 -15 -20 0 -1 -22 8 43 -4 -1 5 15 -1 -4 0 -21 0 -2 -1 -2 -15 -2 43 17 5 1 26 -28 10 -2 -24 -3 -4 -2 -2 0 7 -1 0 0 -11 6 5 -1 5 -10 -7 5 -6 26 -5 -2 2 4 -10 -3 1 1 -41 -10 
14 -7 4 1 4 2 -13 0 -31 3 9 5 11 -2 -4 11 -4 -6 12 48 38 0 -2 -26 13 4 1 0 0 0 0 -39 -51 0 -10 5 0 2 -3 -4 -41 -8 45 -36 -28 34 1 -1 -8 -26 5 3 18 12 5 -8 41 20 -1 -6 -16 35 -50 -16 21 14 28 -34 54 -1 -5 13 17 -9 -12 -1 2 0 0 -36 -5 1 0 -1 -4 -3 -2 66 44 1 -15 -1 -49 82 -20 -15 -1 -1 -7 -8 -7 10 -6 3 1 -2 -8 -9 -1 7 14 -29 8 -7 -1 -1 6 -6 5 14 -4 2 -6 5 -2 
-3 -3 0 -8 -4 -6 6 -3 1 1 -27 -61 0 -3 6 14 -4 1 14 1 2 0 0 0 59 0 22 0 -52 0 0 0 0 0 2 -2 2 -11 -2 -11 -78 11 52 -64 -9 -4 0 0 -3 -5 -5 17 4 3 -9 2 22 1 1 -3 -49 47 6 13 -8 -1 -19 -15 -4 -1 0 -38 5 -36 6 12 23 7 2 -5 -7 -1 1 -2 -2 -38 0 42 -1 -7 26 -25 -3 34 -7 -18 4 -5 7 -12 9 7 -7 0 25 3 6 -13 3 1 14 -44 17 -8 1 25 10 -7 0 -4 -3 3 -12 11 -2 
1 5 8 -4 4 -4 -10 18 1 0 0 0 0 0 5 -6 2 29 16 56 0 0 0 0 0 0 -3 6 1 0 -36 0 0 0 -4 0 -9 -11 44 37 -34 -25 6 -16 -15 -15 -5 -54 -1 3 -1 -2 1 -1 -2 2 -34 3 2 10 -6 30 -3 5 2 -7 18 -7 -9 -35 -5 -7 7 -3 -1 -20 1 16 0 2 53 16 20 21 -43 -39 39 9 -20 14 20 -3 -14 0 -9 -12 3 -1 8 9 32 1 -2 5 -1 0 -2 -2 5 -3 -4 -31 -10 -14 0 -18 -35 6 -29 -2 -3 1 -8 -8 -11 
12 3 -20 -19 -4 -16 3 15 5 33 -30 7 -1 1 4 -7 31 28 58 71 8 -33 0 0 22 -61 0 0 -9 11 0 0 -7 61 0 0 -4 3 -8 0 -10 2 -3 -12 -35 -6 -4 -2 -3 -1 7 -15 -5 -7 0 -12 14 -6 13 -4 -5 8 -17 14 0 -22 -8 -4 -2 2 20 -1 -2 -5 -10 -11 -7 -54 -51 13 17 9 -1 2 -9 -20 36 12 -9 -8 -4 7 11 21 -14 -5 14 -2 15 -15 -11 2 -5 5 -3 27 0 -25 23 -33 20 -19 12 -56 33 -3 8 -4 -2 -5 5 -7 -3 -4 -16 
-8 1 -6 0 -23 1 5 41 0 -16 12 -9 -18 30 -10 -19 10 10 32 -11 -5 65 6 -55 -6 35 0 0 -1 -18 -7 1 0 0 0 0 -3 7 0 -53 -20 27 -52 -5 -4 3 -10 -5 -12 -18 -15 -2 6 -1 25 -34 24 5 23 -19 2 -11 3 55 -8 -10 -1 -1 1 5 1 -14 -15 -4 -2 -1 -2 2 -3 -1 -20 -2 0 1 -1 -21 16 1 9 7 -55 20 19 22 -13 -4 -19 29 3 -24 14 -35 22 -5 -24 17 6 -27 -3 -1 -24 16 15 -12 1 31 -8 31 -13 25 -15 34 -2 -1 -8 
7 -7 2 -4 4 0 0 3 6 -7 -1 1 9 4 -6 20 17 2 29 -17 32 19 8 19 2 0 13 0 57 -10 3 -5 17 0 0 -2 14 -3 2 -1 -3 -2 47 2 -1 -2 1 -7 -2 56 -1 2 1 25 -62 -26 -3 -12 8 -31 15 -15 0 21 -32 -11 -9 3 5 1 14 -14 -1 12 8 1 0 -22 -6 -4 -1 5 -1 0 2 -1 0 1 -2 11 26 3 9 30 -2 2 8 -5 13 -8 2 -41 4 13 16 14 -26 -36 15 42 -43 8 21 -9 -9 -13 -3 21 -29 50 -9 -9 -2 -1 -13 
5 23 13 5 -3 0 -2 0 -3 5 -1 7 0 5 4 7 4 25 7 0 -17 18 -1 0 0 0 0 0 0 -40 1 -1 10 -5 2 3 -28 3 7 3 0 8 -35 -62 9 4 -51 -25 -5 -39 -2 -1 -42 0 -1 -1 32 2 -32 -55 55 3 -5 7 8 -6 1 -7 5 2 1 18 19 9 8 11 -11 -17 -5 -8 -2 4 16 -4 -2 -8 -1 -1 -2 0 0 1 1 3 -8 6 1 9 -4 3 -26 4 -6 2 9 -7 -5 -11 32 -39 -57 11 13 -4 28 3 -4 -22 31 66 -60 -12 -2 12 -5 
-17 -36 36 -25 7 0 1 -4 0 -13 31 1 6 7 14 6 -30 3 14 8 -24 7 20 -50 0 0 0 5 -1 -1 -5 -6 -40 -17 0 4 -10 0 5 4 1 -28 -3 -6 0 12 -3 3 0 3 -28 0 0 0 0 0 -15 -92 -1 -41 49 15 -11 -3 0 2 -55 -3 0 -3 -25 -12 2 2 -68 47 -6 0 8 -1 5 1 -7 -23 11 -4 -10 0 0 1 -4 4 4 -17 -36 10 5 -5 8 -13 21 5 -15 -4 -2 -1 0 -13 32 5 -26 19 -5 -6 -3 3 -7 13 -15 40 -21 -1 -7 11 2 
13 22 -15 -18 -1 18 -4 -7 27 -2 18 10 21 -2 -4 6 9 2 -22 13 17 15 10 8 -40 0 -15 -50 -2 -2 -12 4 -7 26 -16 1 -1 -1 -7 -8 1 1 29 -20 -59 0 -7 0 0 9 0 0 0 14 0 0 0 -42 32 -22 45 8 0 -7 0 -1 4 -6 -13 2 2 2 0 0 -6 6 -4 1 9 -19 37 -11 -7 17 4 6 -21 1 -25 7 0 -23 3 6 -9 18 -21 2 -7 -28 23 3 -1 -2 0 -15 9 -8 3 -7 -20 19 -8 -12 -10 75 -39 -2 -9 9 9 -30 -4 9 -1 
-2 29 -15 39 3 8 -14 5 21 17 0 6 -15 13 -4 -6 2 4 -5 -5 22 -1 11 -45 0 0 3 0 0 -7 8 -26 -25 38 -5 2 -3 -2 -24 -26 -1 35 0 -1 -51 4 0 -1 -2 1 0 0 6 0 0 0 0 -9 10 -15 -15 -6 0 -5 -2 -5 -4 1 -1 -5 0 13 -10 -3 0 10 -1 1 -2 3 -5 28 -1 7 20 3 -2 -5 -41 -1 13 9 -8 -43 -4 11 3 15 2 1 3 -1 -2 16 -82 17 -10 5 -18 -15 -33 25 -14 9 -1 7 -15 29 -33 10 26 -21 29 74 -56 
51 -22 -2 7 2 -28 8 46 4 -9 3 30 4 30 -9 -3 1 1 -18 3 7 0 32 18 0 0 0 0 53 -6 2 -17 4 3 -4 -2 -4 -9 0 0 14 -2 0 -8 2 -1 1 3 3 1 0 -68 0 0 0 -63 0 -6 -46 15 -17 -2 -18 7 -4 -1 -23 -18 -12 -3 -3 -27 10 31 0 1 34 -11 0 2 -1 3 -1 20 0 -2 -1 -2 -1 -1 6 19 14 -15 1 5 -11 10 -8 -7 5 2 1 -10 -16 27 -10 24 1 -13 -70 0 -11 25 61 -81 -29 36 -14 7 33 -42 2 67 -26 
-10 0 4 -2 -2 2 1 49 17 -62 9 6 2 1 1 -28 -1 -2 3 -9 0 13 37 29 16 0 0 0 0 20 -59 5 19 0 52 0 -3 -26 0 -2 -7 -1 2 12 -1 -12 -20 -12 70 -54 2 0 0 0 0 0 -5 -3 -6 -8 -20 1 -6 4 39 21 14 -24 0 -2 -5 21 -5 -1 25 -1 -6 -9 -4 -12 0 -2 1 -1 0 -1 1 2 -1 0 2 -2 -12 -1 9 4 6 2 -14 -2 3 4 6 20 10 51 9 13 2 -19 -7 9 -33 -3 104 -80 0 -9 -2 -12 13 1 -2 31 5 
5 1 -2 4 3 -4 66 -50 21 5 -6 -24 -5 2 -3 3 -4 -4 -1 3 -17 -22 9 -17 28 7 0 0 0 0 -14 0 -4 -3 11 -10 5 0 -30 -59 31 -1 0 0 0 0 -59 -4 1 10 42 -63 0 -42 0 -9 27 -47 1 6 54 3 -1 33 -9 -19 -10 -13 -5 4 22 41 -35 -3 -6 13 6 -14 5 21 -6 -5 -2 -9 -1 1 -5 -36 1 -6 -6 0 10 1 9 -19 3 -4 -2 2 8 5 3 -42 -2 21 11 8 -9 -38 -11 29 -47 -27 61 -3 -15 25 15 -18 -41 22 16 -34 24 
-17 1 -9 1 -23 81 -57 66 -45 -19 40 5 -11 -5 -1 -1 -13 -1 2 3 2 7 1 9 17 30 10 -32 0 0 0 0 0 2 -29 5 0 -50 0 0 2 -7 6 -11 61 0 -5 37 -3 -4 3 -2 -1 22 41 0 -2 -25 -4 5 10 -18 2 1 -3 -15 2 55 -4 -33 -7 -6 13 -20 11 8 56 -28 -3 4 14 -9 -12 -4 -3 10 17 -24 0 -1 17 9 -7 32 49 -6 3 -55 2 5 -16 0 -2 -17 -1 20 2 -7 -18 -49 42 20 -21 7 -19 23 -32 -20 37 -29 -3 26 -6 19 33 
-1 -5 -1 -15 108 -20 0 -28 -5 57 9 -76 -9 11 -3 -5 -1 34 -7 -4 -2 -1 5 -1 15 14 60 -29 48 0 0 0 44 -2 -41 9 -7 0 0 0 -3 -30 5 -5 4 0 -4 4 -26 -33 5 2 -1 5 -2 5 6 4 4 1 -2 8 -31 -37 -1 -47 -2 0 23 -2 4 -2 -2 -8 1 -1 -5 -51 -16 -19 -27 43 -9 -48 18 26 -12 -3 3 13 -17 16 -13 -2 42 -6 -4 -1 6 6 1 -22 -6 2 1 1 1 -10 0 -19 29 8 -11 -12 -5 -2 -9 1 17 -26 -14 15 -5 17 4 
-5 2 -10 53 3 -6 -66 5 77 7 0 0 -64 -10 -10 -3 0 -3 12 -6 -1 0 16 6 2 18 9 30 -23 5 -39 0 0 -4 -6 -4 5 -3 3 0 -2 53 0 -3 1 -20 2 6 -7 -5 -44 -5 -43 3 24 18 -8 3 3 23 -6 3 -4 2 50 -18 0 26 4 -8 -2 17 -52 1 -37 2 1 -32 0 46 39 -4 -39 -16 9 11 -40 19 -5 47 -2 8 -18 -21 41 -38 -2 6 -8 12 0 0 -3 14 2 1 -20 -2 -5 -22 9 -2 2 -11 -5 -2 -7 1 -6 -6 -14 2 -12 20 -5 
0 -2 33 21 0 -86 -6 104 -6 40 -63 0 7 3 -5 -11 -11 -1 -16 13 -3 -3 0 5 5 0 17 4 -32 13 -53 0 -7 -2 -23 -1 -4 4 1 2 25 0 3 -34 0 -2 0 4 -3 -5 42 -11 -10 2 6 -7 3 2 4 37 2 2 4 2 0 -3 2 1 2 -17 -5 45 54 5 -2 5 3 -2 -4 4 -46 -12 -9 -25 -20 26 -2 17 25 10 -72 20 17 -18 6 6 1 -5 5 -1 49 10 8 4 -4 -33 1 -31 -11 3 19 25 -2 30 -7 1 14 10 -9 3 5 -15 -50 10 -3 
-7 -10 84 11 -102 -14 31 6 3 0 0 -51 32 -50 42 -7 -9 31 2 -7 16 -5 -2 -1 27 2 -4 18 -5 43 24 0 -12 -1 1 1 10 2 -5 4 37 -32 16 -1 0 19 -52 1 -1 0 -4 5 -47 -6 3 -4 2 -2 8 -1 5 4 -1 46 -2 2 4 -9 2 12 -35 7 -4 -35 0 3 -57 22 -3 3 20 -33 -6 -7 -8 -37 19 -3 11 14 -8 3 -31 -5 31 21 -12 -21 14 -18 -2 -5 45 -2 -24 14 6 -30 -8 -5 22 21 6 -12 -31 24 -4 7 -8 -7 4 -70 -5 9 -20 
-11 94 -30 -86 -11 1 99 18 0 36 16 19 -10 -10 -16 23 26 -10 2 -3 -1 16 -5 -6 -3 6 4 -2 18 12 26 25 -44 -38 29 8 0 0 -2 2 -3 1 3 41 76 2 -8 -1 1 -3 -1 0 -12 -2 3 0 4 -2 4 0 2 -54 3 0 2 2 -64 -24 -3 24 1 -2 -3 -8 4 4 26 1 -4 -3 -15 -58 -6 3 19 -14 -20 14 15 6 -14 -28 -22 34 -3 1 -21 -27 -11 2 -54 19 -6 -50 7 14 24 -6 -39 11 32 33 2 -3 -9 -5 4 4 0 -11 18 -8 -14 36 13 
90 1 -26 -18 4 12 97 14 0 -9 -48 4 -11 69 0 -42 -15 29 -26 -1 -12 -1 15 -1 -16 0 34 6 5 11 15 21 47 -2 5 0 0 1 -17 5 -3 -2 -2 -4 8 2 -5 -17 5 -1 1 3 2 1 -3 -8 28 4 1 -3 0 2 4 -8 2 2 86 0 -4 41 59 -2 3 0 -3 38 -1 0 -57 -52 -2 -5 -8 -50 -2 -4 -27 -11 31 -1 8 -6 11 32 8 0 -29 -27 2 -3 -6 4 21 -64 16 11 -18 0 -10 5 19 20 -2 -5 -2 27 3 -30 -1 -4 -8 -13 17 -1 -14 
-3 -37 -42 -10 -6 -2 -20 102 32 7 -17 -21 69 8 0 0 -80 -3 24 -3 0 11 -2 13 -1 0 -1 6 5 6 10 2 1 -1 6 15 9 -3 3 -3 16 -2 26 -2 6 4 13 21 41 -17 -22 -24 -3 54 -5 17 1 -44 2 -2 0 0 4 -27 -4 -10 3 -1 -2 1 18 1 -1 -2 -2 0 3 -3 1 -5 -62 -7 -10 -2 31 20 12 -68 -38 -14 14 -43 9 10 2 25 1 -4 4 3 -28 -34 -2 -2 9 -1 -9 -53 3 17 22 7 5 -1 -2 -2 -15 -2 29 12 -9 -30 37 -16 6 
48 -11 2 5 5 -2 1 -9 53 -28 -12 57 0 -5 8 -49 22 -110 -9 29 -1 -16 -4 3 -27 -2 -1 -2 1 2 7 4 0 37 15 7 7 3 -20 -12 -12 7 65 -16 7 -2 -9 64 1 -12 -3 2 -3 -1 -2 3 57 7 -1 -54 4 0 -5 -30 0 -56 -58 -2 29 0 3 -3 -6 -56 6 -3 0 1 -21 -1 -8 -3 -12 45 -4 -25 3 -6 -72 -16 43 -8 -2 19 -19 -13 -11 -15 0 15 15 -30 -2 7 10 -5 -4 -20 7 13 28 11 7 2 2 2 1 17 -3 -6 -8 -47 25 -14 1 
0 5 -1 -1 2 0 2 -5 14 -8 -19 15 0 0 -70 -52 -47 -4 -35 -3 19 -5 -4 -9 5 1 -3 -1 -13 -7 2 2 4 15 13 -3 7 68 4 -4 -23 2 -1 5 8 7 43 52 7 55 -3 -2 1 -4 -1 1 -2 -1 3 1 0 -2 3 0 -3 0 -1 1 59 1 -5 1 1 1 6 -7 3 -3 0 0 -11 47 -3 -7 -1 13 0 0 -10 -32 -16 26 2 15 -6 2 -6 12 3 -31 1 -5 -4 -12 -38 30 36 -46 12 16 17 9 2 -6 3 13 -7 -7 12 24 -11 -32 7 -29 39 
5 -1 -20 16 -1 3 2 19 -5 -8 106 -6 14 0 -11 -32 -6 28 18 -78 18 -8 -12 0 1 13 -11 -15 -24 0 0 -2 13 19 -6 -18 29 -20 -4 -16 5 20 -1 -3 1 19 0 4 4 -17 3 4 18 11 -31 -1 23 -1 17 12 -1 1 -50 -3 1 0 -76 -3 -57 0 0 -54 0 -3 5 -52 1 1 -26 1 -9 -2 -5 57 23 26 1 0 -4 7 -10 -18 -32 -14 -9 0 3 1 6 7 11 1 -6 -21 11 29 1 -18 10 1 -8 5 29 9 5 3 -2 33 -9 -3 -23 18 8 -2 -1 
22 -6 -3 -2 1 -1 -1 -1 -19 -7 6 18 -47 8 -32 -7 37 6 1 4 -61 4 -5 23 2 2 35 -6 6 -4 2 -1 0 6 11 -21 33 -20 -12 -6 6 3 2 6 -9 -1 20 7 -21 -6 -3 3 -1 11 -27 1 6 8 16 4 56 -1 0 3 25 0 0 1 2 23 20 -2 24 2 -2 3 0 0 -2 -1 -4 0 -1 -2 19 28 0 -1 -6 -3 0 0 0 0 0 -2 -24 -35 -40 5 -10 -4 -7 2 14 28 23 -42 31 9 -14 3 23 -38 14 9 -15 -11 -4 -9 -25 9 2 4 -30 
-4 -25 0 -3 -1 0 -13 -36 1 -1 -3 61 -68 -10 -4 43 22 -9 -58 20 -3 -75 14 24 -2 -1 0 0 1 15 -3 -4 0 3 2 -1 9 11 2 1 6 -43 60 11 -4 -7 -20 -5 -12 7 3 17 -5 24 13 2 3 23 1 -9 4 1 5 0 -30 3 -1 23 -59 10 2 -5 -44 -2 44 1 -2 -4 9 2 -1 -44 0 0 -1 -1 -28 -20 -1 -1 7 -59 -56 36 44 -57 -18 0 -3 1 -22 -15 -8 -18 -34 -16 12 -47 34 18 22 17 6 -7 23 18 -24 -18 -14 -9 -23 -5 24 -8 -1 
-8 -3 -2 0 1 -2 -1 -4 -3 9 -1 2 8 -3 74 -21 -3 8 -4 -16 -68 -44 26 10 -3 -9 -28 15 -14 0 -3 0 -2 4 15 2 23 -1 -18 -15 5 -28 19 20 30 12 -5 2 -6 6 -14 12 1 3 1 -10 8 14 -8 0 -59 8 0 -7 -5 4 18 0 0 0 -1 -5 -2 2 -10 -11 -14 44 51 0 -1 1 -2 1 0 45 4 -4 26 -1 -2 24 0 -51 3 59 0 18 0 -26 0 -7 56 -1 -17 -3 -2 13 27 11 0 0 0 -19 -6 8 16 -17 9 -10 -16 -4 17 5 12 
-7 0 1 5 -9 -2 -28 1 1 2 -6 -2 0 80 0 -17 19 -3 7 -54 -10 23 -85 58 -42 -1 -5 -2 37 -20 1 -1 1 0 2 0 -4 -2 7 0 9 27 -2 25 -1 8 -12 -5 -4 26 8 8 6 -7 7 -48 3 3 75 4 0 0 -19 -18 5 6 12 6 0 0 -51 -34 3 26 3 9 3 0 11 4 -1 2 -1 4 -2 1 1 -2 2 51 0 22 34 0 0 43 0 0 0 -1 -53 -5 -21 14 -31 2 -21 -30 8 9 56 -24 0 0 -9 -28 -1 -14 -21 9 -5 -11 0 12 -5 
-3 1 2 5 1 0 -3 -1 -8 -26 7 1 2 -14 109 -13 12 0 -52 5 67 3 0 -82 19 -20 1 -1 1 7 -9 26 2 -7 -3 14 3 26 -6 -13 3 18 1 0 6 9 -31 -17 18 6 0 19 13 10 12 2 -9 0 60 23 -51 -52 -11 -4 -4 17 19 0 0 -14 0 -28 13 -58 -1 -8 -10 -6 10 12 10 3 5 51 2 2 2 3 -3 2 16 0 29 0 0 0 0 0 0 54 2 -2 -16 -45 8 15 42 -23 -47 19 -47 0 0 0 22 -32 -73 -37 -1 -7 -19 18 -2 16 8 
-3 3 2 -4 3 -11 0 2 1 -1 -4 1 -3 2 -5 89 -37 -10 -12 43 10 11 29 -3 -55 3 -19 3 3 9 -6 -4 2 -2 2 -2 5 4 -29 -4 -26 2 0 0 3 -1 -5 3 -2 11 2 10 12 4 -10 3 -10 -5 -9 20 -48 0 28 -29 10 33 -26 0 0 0 -7 -61 -12 -1 -5 -5 7 -20 13 6 -1 2 -46 -9 2 5 5 5 0 1 -53 -33 0 0 0 -52 -34 0 0 30 -7 -7 -44 20 1 5 64 -20 -4 -18 16 0 0 0 -15 -24 -13 -9 11 18 -11 -12 -3 9 1 
0 4 -2 -2 -4 -34 9 -1 0 -1 14 -6 -2 5 -2 -8 -3 -3 29 32 -22 0 35 0 -62 34 -8 -3 -1 13 -1 -10 3 -33 20 -4 -16 37 5 -5 11 -12 -2 33 -8 -11 12 -6 4 3 14 -36 102 3 -7 -9 -74 -14 12 29 15 3 -46 -4 -17 0 0 13 0 0 0 -5 -17 -4 1 -51 -7 -8 0 15 7 -6 -3 39 0 4 -25 5 2 24 -5 3 42 56 6 0 3 0 0 48 -10 -5 -46 9 23 -45 5 26 -5 32 0 -35 0 0 0 -23 -21 -7 -3 -8 -19 48 28 -9 13 
2 1 1 -2 -9 4 4 2 0 -30 29 4 -26 -23 5 6 -5 60 41 6 9 -17 -3 -20 0 -20 15 -11 17 4 -3 13 -12 0 1 29 -3 -6 9 13 -8 9 -31 23 39 -4 37 -16 -3 -3 17 -7 8 -7 0 30 5 13 -22 5 7 -35 5 45 7 2 -2 4 1 -1 -3 -45 3 -4 1 3 -2 -4 -2 0 6 22 -10 -42 -6 -2 -2 6 1 9 5 10 2 -35 22 -8 -9 29 0 -28 -42 5 -11 -11 56 -7 -4 -4 -8 29 0 0 0 -1 -8 -36 0 -5 -25 20 -56 22 -19 -11 3 
20 0 -13 3 -4 6 -11 20 -2 0 -29 21 6 -14 3 -16 5 16 9 -2 25 10 -22 -1 -5 -1 -21 4 -11 2 5 2 2 -6 -5 -2 5 -1 -9 -7 -1 -6 27 -24 -17 28 39 -13 -8 9 4 -4 -16 -6 -1 -3 -18 19 14 21 8 2 7 3 -5 8 6 2 5 5 7 4 2 1 1 2 -8 5 4 -4 -1 3 2 -27 17 -26 0 39 1 6 -20 -27 7 12 -5 -33 -15 54 -1 -73 16 -2 25 9 17 37 -21 3 29 29 -7 -48 0 1 -10 -49 -1 15 19 -29 34 -9 -21 -1 -6 
5 1 1 1 0 3 -1 9 0 3 -3 -3 5 1 2 25 -1 10 29 3 22 -9 18 2 103 -11 -21 1 -2 0 -1 -1 24 -7 -35 2 0 3 20 -4 25 1 -2 6 -49 1 -6 44 -45 4 4 -7 -15 -4 -5 27 -23 5 4 4 -5 -24 5 2 -5 1 -33 5 1 9 -20 -1 14 7 7 -35 14 -12 3 22 -2 1 -3 0 -8 -13 3 5 -2 8 7 15 1 -6 -7 -53 -15 27 1 -4 -26 -20 6 4 0 15 -13 22 -7 3 33 0 0 -30 -5 -25 -30 25 -43 9 32 -23 -1 -22 -13 
30 -45 1 30 0 -7 -10 3 -1 1 23 -5 1 0 1 2 2 3 -22 9 -4 0 -7 19 2 -3 -41 2 0 2 4 -3 17 1 -26 6 28 17 -4 -9 -10 2 -26 23 21 -11 -54 -8 119 -40 41 -8 -9 -6 -8 4 -36 -22 -15 43 1 -9 -9 0 -12 12 2 -3 6 2 -4 5 5 -1 3 9 7 4 -5 -13 -1 -18 8 -10 1 2 -1 13 -2 6 -2 -15 -2 -5 -41 -4 -16 64 -3 3 -36 -12 46 24 2 3 33 29 -1 -5 -4 0 -8 -15 -7 -23 -12 55 -58 47 10 -13 16 2 -48 
0 0 2 5 3 9 0 16 3 -1 19 -7 23 1 3 5 7 3 -32 -4 0 0 -8 -4 43 2 -8 -8 -52 6 12 0 -7 9 11 -16 3 28 -11 6 -11 -5 12 -31 4 -6 -17 -3 16 -17 78 18 27 -7 -9 -10 -9 6 -13 6 -20 9 -31 25 22 9 27 -30 2 -3 -32 27 -4 -5 2 5 -32 4 3 -15 13 -2 8 13 -15 1 -43 10 1 0 -37 -2 -2 -5 -7 -29 -10 36 -1 -4 -7 -3 17 26 4 -5 -4 42 2 0 0 -67 -6 -35 -23 -55 5 14 -24 16 1 1 6 5 -13 
-18 -18 4 1 -10 3 5 7 1 13 0 27 -3 -22 5 5 50 8 -17 -3 -1 -1 28 -8 16 17 -27 -17 -7 -45 -6 11 -31 1 -11 7 -18 17 6 20 3 -5 9 14 -27 -20 34 -15 3 -21 -3 14 3 -11 29 -50 -29 -11 -15 8 2 8 -11 13 -12 -25 36 -18 15 -24 1 5 -25 6 3 1 -36 1 2 -1 3 -25 1 -8 -13 0 -3 3 16 14 4 -3 5 1 -3 17 -16 -4 8 -6 -5 -37 11 10 -4 36 13 40 12 0 -47 -60 -29 -40 -3 -35 0 5 -14 30 -12 15 -13 3 -12 
0 6 0 3 2 -2 4 3 28 4 -18 -20 3 4 30 -1 -14 4 0 -18 -9 -4 0 0 -6 21 5 -16 -3 -34 -4 14 -3 -4 -5 -1 10 -32 13 1 -2 7 -37 -31 21 -28 3 -8 6 -1 37 10 3 14 -4 -37 12 -8 -23 5 7 1 -21 19 -19 -1 9 -5 13 30 -2 22 -15 -1 -26 2 -30 -1 -23 -9 -3 -5 7 67 -28 -19 -47 45 56 -22 -9 -31 8 16 0 8 6 2 7 0 -7 8 -3 5 0 2 70 10 3 -5 1 -44 -17 -20 -7 -80 16 -7 5 23 15 9 -13 10 -18 
-1 3 6 28 2 28 25 2 21 1 -1 -15 2 2 -41 3 2 0 -2 -2 -7 -3 -2 -3 0 -7 33 -35 -6 -20 -7 44 -8 -20 15 -5 -12 -16 -13 12 -4 0 30 -2 -9 32 -24 22 -2 -13 5 11 0 -8 -3 -3 -3 -10 -22 17 38 1 -16 12 -20 8 17 -21 3 10 -10 3 2 0 -3 2 0 6 -23 -2 -25 5 42 -7 -5 20 -27 15 43 -4 -11 -39 -67 47 -28 25 -28 20 -6 -16 -3 10 4 6 15 -1 42 13 4 0 2 0 -28 -13 -16 -47 56 -46 18 48 1 6 -1 3 -7 
1 -45 3 5 3 -3 4 3 1 33 0 34 4 1 2 -9 4 -36 -5 32 -8 -24 4 3 -7 -36 -6 19 -7 -12 11 -30 52 9 -4 -3 -7 11 -24 17 2 -7 -19 40 -11 7 -10 1 26 -1 11 8 10 4 -16 -9 -29 -1 -14 -13 8 0 -10 20 -19 7 8 2 -4 0 6 18 1 -3 4 -1 -3 -26 -14 -35 -57 39 -2 -50 -1 43 -8 14 -25 0 29 -37 18 -20 -7 17 -14 25 1 20 22 -6 7 12 9 5 25 16 7 -7 0 -1 -30 -11 -10 -6 91 -66 26 21 10 3 -2 4 -16 
0 1 -6 59 -8 -11 -7 -6 3 18 -4 4 6 18 11 3 3 -39 -30 -8 -8 6 -3 -1 -7 27 -10 15 -15 16 2 12 -32 34 -32 -7 0 -4 7 -32 -19 27 3 12 11 -14 6 2 -1 3 -7 9 3 -4 7 11 3 7 27 -19 1 -8 -5 27 -23 -12 -25 3 -17 15 17 -28 3 -2 -1 0 0 -23 -12 17 -18 11 19 -53 25 7 17 9 -41 -1 42 15 0 -39 -45 19 28 8 -3 -12 8 -8 0 -9 -4 52 10 -1 -2 1 42 -4 -3 -9 11 -8 2 -53 50 -1 24 0 -3 -50 0 
0 1 -9 76 -6 -20 -14 -17 -1 0 0 0 4 1 3 3 1 0 -5 15 15 -5 22 1 39 -5 19 -10 15 -9 -15 4 -37 -1 5 -2 2 -31 -5 -1 7 3 17 -15 1 33 -10 5 4 -1 -3 -31 -7 -3 -1 -20 5 -37 19 12 -11 11 -5 0 0 -22 -2 3 1 -13 3 1 2 3 6 -3 -12 -26 -26 6 -63 49 -1 -43 16 -8 31 -10 -25 37 -4 10 15 -15 -3 -13 28 20 -12 -18 -9 -11 -1 20 18 64 -49 -52 -6 34 -20 -45 -29 -9 -12 -6 5 -25 5 -1 1 -1 -3 -17 19 
-2 1 -30 59 -2 58 -13 -15 -8 1 -1 -1 -16 25 2 4 22 17 -8 -7 -2 2 -8 70 0 -4 -41 -9 6 -24 -9 21 -29 -15 14 -3 7 -2 -6 -8 40 -1 5 33 -6 2 6 -3 16 -3 -2 -7 -8 -3 4 -15 9 30 14 12 -35 22 -27 3 -5 51 -33 23 8 -3 -2 2 -1 -12 33 -1 -2 -34 13 5 -36 35 5 -32 9 -26 26 5 -4 6 5 4 28 21 4 -45 22 17 -9 5 -19 -8 24 12 11 74 53 4 -3 4 -3 -5 -23 -9 -8 0 1 1 -34 1 16 0 -1 -4 -2 
-6 0 -1 36 -19 0 -18 -43 17 1 1 -1 -5 -4 2 4 4 1 -3 -22 -13 -5 3 50 75 -22 -18 -23 39 0 42 8 -19 13 14 -3 23 -2 6 -11 8 14 -13 11 1 26 4 5 3 4 -26 -6 -1 -4 -3 -14 31 -25 16 4 -18 17 7 -6 15 27 -19 13 6 -22 3 2 0 0 0 7 0 -32 22 1 -38 67 8 -17 35 -31 13 28 14 3 -26 4 1 27 0 -39 12 13 -3 26 -13 -44 17 6 7 72 0 0 -5 0 -46 -12 -11 -6 12 -15 -2 0 3 -3 -3 -3 24 -1 -2 
-4 -17 29 19 -7 -5 -3 -15 24 1 -2 -1 -7 2 -2 -1 6 8 -6 -11 -5 3 -2 -2 -9 46 -49 -35 2 -24 -2 7 -10 0 27 18 12 -1 -1 -19 -4 30 19 14 12 -16 49 3 -3 30 4 7 -5 -48 -10 -30 12 -20 21 -29 -24 16 -11 19 -3 17 23 -1 5 2 16 -13 -25 0 0 1 -8 -19 31 3 -33 12 8 -54 74 -54 6 25 18 5 -21 -1 3 30 12 -27 10 -17 -10 22 -13 -51 8 17 33 48 0 0 46 0 0 -66 -9 -3 -5 -1 -5 -3 -14 29 -29 16 -2 1 15 
1 8 32 5 -3 2 -1 -5 26 -11 -1 -4 -9 0 2 4 40 0 -7 -7 -2 2 -5 -3 1 0 0 -3 12 3 1 5 -11 -9 17 -2 3 -1 4 -2 -11 31 -16 -2 -4 2 -6 20 1 -1 -1 0 0 -3 5 -23 11 -11 43 -8 -22 18 -8 4 -17 11 -4 -4 23 -5 1 4 -5 10 10 5 -12 -19 34 -4 -19 6 53 -23 -15 -51 4 26 -4 15 -22 9 -42 27 23 16 26 -8 -7 44 3 -19 2 7 40 32 0 -13 8 11 0 -60 12 -12 -19 -13 -22 -20 5 12 -35 27 21 -4 4 
-3 15 59 13 -52 -7 -8 -8 43 -10 3 -6 -20 0 28 6 -23 -1 -4 -37 3 -2 -8 -3 1 15 1 -2 33 4 -8 5 13 -49 42 -6 8 5 3 1 -14 9 -12 -7 -1 -1 0 3 -12 0 -1 5 2 3 -7 -3 -7 -12 15 -8 -11 27 -5 2 -5 -18 2 37 18 -20 8 -5 -20 -1 48 -18 -7 -36 -40 12 -6 -14 -7 19 4 -4 -4 66 31 8 -18 15 -11 -14 39 -20 -12 -23 -1 43 -4 5 3 8 33 19 5 48 4 0 -2 -16 17 -6 0 -8 -31 -15 -3 9 8 36 5 -2 -3 
-10 7 0 3 -3 5 6 -1 15 7 2 -5 -31 -20 9 0 3 -3 -5 1 1 13 -5 -1 0 1 0 -1 3 -2 6 31 32 -21 53 -6 2 11 29 -5 -15 5 -18 -8 -3 -41 2 -20 -1 -1 5 7 7 1 5 -4 1 -5 13 9 -20 1 -50 2 51 0 17 -23 16 -37 -53 1 -1 9 57 -33 -55 -32 21 29 5 16 -20 18 18 -24 3 -22 2 17 -8 -6 3 -1 9 -70 -24 38 -42 37 -12 -2 34 -5 30 51 15 1 16 5 1 -8 -36 1 0 -42 10 -27 46 43 3 -5 -35 18 4 
1 5 21 0 4 7 2 -5 27 9 4 2 -17 -4 3 18 4 -1 -16 7 0 -6 -2 3 -3 -11 -17 -6 4 -7 -17 2 -11 12 40 -10 -9 1 -5 -7 -5 9 -33 -3 1 62 2 23 0 3 1 -7 -2 2 3 -4 0 -3 15 1 8 -3 -12 10 12 33 -18 -3 -12 -19 1 0 10 15 20 20 30 -19 50 -3 -5 4 -9 26 11 45 -4 -10 26 13 -16 9 -22 -2 12 32 -20 15 -4 7 6 -1 2 7 -1 -4 6 12 26 10 -3 -4 -17 2 1 -10 -9 -33 53 -3 -3 -18 -2 -36 -3 
6 6 -3 -27 40 -3 1 -8 -11 1 0 4 4 15 2 -3 2 -5 -15 -10 3 29 -4 2 1 -1 0 -2 -1 4 2 0 -6 10 19 -6 -3 7 0 -4 -4 -16 -25 -4 1 38 -30 24 -1 3 0 0 3 2 -2 3 -1 3 3 -6 -2 13 -4 -9 8 -4 0 -2 -5 -11 18 -2 60 -49 -31 5 49 -4 20 -36 5 7 30 8 -22 -31 -9 6 15 8 22 -2 35 -1 37 -5 -2 -8 -23 5 44 -2 -10 -3 5 0 20 5 2 2 -10 8 3 -21 4 -29 -1 29 35 15 -20 -3 -4 -4 4 
8 25 -4 -14 33 14 7 8 -54 -2 0 -34 38 -4 11 -11 -20 -15 1 44 33 0 -4 4 -2 0 -4 -3 2 3 2 -7 -35 17 13 -11 4 2 -1 4 -12 23 -36 1 1 2 2 4 0 3 3 -33 -39 1 5 -6 -1 -2 -3 -1 -5 0 18 -8 16 -3 17 -17 -24 -12 4 -17 17 -2 -2 1 2 -1 27 17 8 -26 30 37 -28 5 -21 27 35 -26 2 -30 -3 14 14 -6 3 -31 -11 10 77 4 -3 0 4 2 -3 24 -1 3 -7 -1 0 3 0 -13 0 -4 5 6 7 -7 6 0 2 
-1 -2 3 20 2 4 -1 0 18 -42 -5 -2 2 -2 6 2 -18 -7 0 8 -3 -29 1 -10 0 -4 -8 1 -11 13 4 5 -47 17 9 -13 7 -19 1 1 1 41 -29 2 1 1 -3 5 3 4 4 2 -3 4 4 17 -5 2 1 2 6 -7 3 -19 -4 0 -3 8 -22 -15 4 -25 27 17 -11 0 7 -2 5 -2 20 -49 10 15 17 2 -36 7 21 -28 12 -47 25 0 35 -27 14 -41 1 31 -8 -3 22 -2 4 -13 -2 -10 -35 65 2 5 5 2 -25 29 14 4 16 -32 14 -4 18 7 2 
10 1 9 -1 7 0 1 -1 -1 -1 -1 -2 4 -4 -1 -1 -8 -5 -17 -1 -9 -4 -4 -1 2 11 9 6 10 9 8 43 -10 3 -11 -2 3 -20 12 -4 -15 30 62 -12 4 -16 4 -15 34 21 43 -22 2 1 -1 -4 -1 31 3 5 26 -17 -2 10 17 -9 -64 -20 -29 15 7 -33 17 -7 -24 -28 -5 5 7 20 11 -43 42 -9 33 12 -70 5 3 -21 44 -35 -10 22 -5 -22 47 -27 9 12 -17 18 -1 -5 10 -1 -11 -24 15 22 1 -32 0 0 37 29 14 -7 -6 -48 12 0 8 -2 5 
-30 2 -4 -1 4 3 -1 0 -6 -24 2 -1 -10 11 0 -4 -7 20 0 -2 1 -29 -5 -2 -7 20 0 -1 13 -17 2 5 5 14 -32 9 2 0 -3 -14 29 -1 -9 -3 0 20 42 12 2 0 7 -25 -1 2 2 0 2 -20 -25 5 -5 -6 -8 3 3 9 -11 -7 -20 20 0 -30 2 31 42 -21 -22 -9 -12 24 30 -20 4 -34 28 14 -11 5 -18 -19 52 -14 1 1 -33 6 29 -30 0 18 -24 8 -20 0 1 -19 -45 -29 -1 21 2 5 8 -2 20 49 -23 2 -4 -40 53 -5 -5 -25 -4 
-5 -3 -1 1 5 2 0 6 5 6 3 1 -11 -3 20 -1 -4 -3 0 21 -10 -6 -1 -11 -3 -3 -23 4 -8 0 4 5 1 4 8 1 -1 0 -6 -16 12 -40 -4 -2 0 3 -1 2 45 2 30 32 2 -1 26 -8 -11 -3 2 6 -5 -6 15 -8 21 -2 10 -12 -17 30 -1 -26 9 -8 15 1 -27 7 -39 23 22 52 -4 -35 20 -17 8 12 -61 -45 46 -14 30 9 -42 17 19 -37 8 15 -4 45 -24 1 3 -48 12 -19 5 12 -46 2 -1 5 4 -17 3 7 -17 1 9 8 -23 4 12 
-2 -4 -1 1 4 -27 0 0 4 1 2 2 -1 -8 -23 2 8 1 -3 23 -4 -2 -4 -1 -3 -7 -9 38 0 -12 -2 1 6 20 0 10 1 3 -10 34 -5 -13 -10 0 -26 -2 -1 2 1 3 5 -13 4 1 -1 14 1 -11 30 2 1 -7 4 -20 -15 0 1 6 -24 63 -17 -58 -1 32 -14 8 -31 15 13 8 48 12 25 -45 23 8 17 14 -45 19 20 -13 37 11 -45 57 2 -45 11 27 -9 25 -13 -2 -2 -54 19 -16 9 4 1 1 9 22 2 -7 28 -42 -5 7 5 -2 -4 0 23 
1 -7 -3 -20 -4 27 -4 -1 -2 0 30 2 0 0 -29 -1 4 2 0 -29 3 4 4 4 6 5 2 4 -6 16 4 -17 3 30 4 -8 -5 -3 13 -6 -7 -2 4 8 -8 -7 -3 -3 -2 2 4 -8 1 -1 3 0 30 2 -32 -2 2 -2 1 -7 -1 -2 3 -5 -18 39 -9 -5 54 -6 -2 45 4 -3 5 -50 0 -34 10 24 -18 36 2 30 -26 2 0 -8 28 15 -39 17 20 -13 22 -15 1 25 -6 -2 -9 -18 5 51 15 2 3 27 3 25 -1 -2 -4 -42 -2 32 -21 3 -1 -1 2 
-24 2 -2 2 -6 14 -4 -1 34 1 1 1 0 -3 -3 -3 1 3 -37 0 -2 -1 2 0 -1 -14 -2 1 4 5 0 -4 -10 -11 -3 -14 3 -18 -11 0 -22 27 19 1 -3 -17 21 1 -5 2 1 0 1 2 -1 2 30 21 0 9 2 -4 25 -3 -19 -21 -4 1 -2 2 2 -17 -3 7 3 1 -49 36 -4 4 -21 1 0 7 -5 -5 -7 2 7 -1 5 -24 18 27 -18 4 -30 24 20 -34 -7 38 -26 -1 -67 -2 -45 -4 27 21 1 1 26 29 -1 -6 -4 -37 47 24 2 5 -4 39 20 
0 -1 1 -38 0 4 -12 -21 15 26 10 0 2 0 -18 9 -18 -1 -3 1 -4 0 -1 2 -7 11 0 -8 5 25 3 5 0 2 -1 -2 -2 -1 2 -7 1 0 7 -10 1 -11 0 -1 3 -3 42 -3 -2 8 -3 4 1 -1 2 2 -4 2 -2 20 0 -2 -14 -4 -1 13 -25 -8 -25 14 -1 -4 -29 9 1 0 10 5 -4 34 -1 -17 -2 8 35 -42 7 -5 -11 -19 6 5 25 -2 20 31 -35 16 -2 1 -12 -9 3 -34 29 -1 -12 1 5 18 -3 -10 -44 8 0 26 3 20 5 1 17 
-14 0 -12 3 6 -8 -3 3 -10 1 0 0 2 -21 27 17 16 -1 -10 -8 0 4 -1 0 -1 8 -7 0 34 -37 2 -3 -1 1 -11 2 1 1 1 0 2 -2 4 -8 2 -28 -2 -32 2 -3 2 -13 -3 12 -21 -1 2 -2 4 -13 0 0 -1 -25 -19 -2 3 2 3 -8 -13 11 -17 7 -1 -1 13 4 13 -6 -3 2 42 -26 -4 -9 -4 2 14 2 -31 0 8 -21 1 -35 -16 23 1 42 17 -16 39 5 -1 -42 24 2 22 -2 8 1 8 13 -3 -5 -3 -30 21 -7 0 -1 0 4 17 
11 2 1 -9 13 3 0 46 -3 -5 1 4 -5 2 5 3 -3 2 -7 4 5 -1 -16 -2 10 12 -3 16 17 -4 5 1 -1 28 -3 0 4 1 7 -1 -20 33 -4 -5 -7 26 8 -2 -1 2 3 -24 3 7 -6 15 -1 -1 0 3 -5 2 -24 -5 1 -21 7 2 3 -8 -33 -10 5 21 1 -1 7 8 28 -2 -2 2 -11 22 -7 21 -16 -4 -16 0 -32 -6 5 4 -2 20 -2 31 -50 0 -2 30 3 6 -5 -27 -9 -3 11 0 4 1 11 11 -3 -6 -21 -34 1 32 -1 0 17 5 21 
-8 12 0 -24 80 8 2 -12 -22 0 -11 4 -10 -7 -5 16 4 9 20 -2 9 -5 -11 1 -15 0 -1 -1 -19 -13 -7 3 -7 32 5 2 2 -6 0 30 26 -4 -1 -2 -2 31 -12 4 -11 9 -1 -43 -13 3 0 -1 0 0 3 -3 -15 11 -19 -2 -16 -3 2 2 4 1 24 1 -14 40 -2 2 19 36 4 24 0 -5 0 -5 -6 83 0 -84 -3 -23 24 -12 -11 -1 4 -6 1 3 -3 38 2 -1 12 1 -44 -50 -6 12 2 -18 0 0 21 7 3 -1 -29 -10 5 15 -44 5 0 8 3 
3 -20 -4 -18 -1 -1 -1 -3 -3 -3 -6 30 1 57 -9 -32 5 -13 4 -26 74 -3 -43 3 57 -4 -59 -7 -13 0 28 3 17 51 3 -14 19 0 1 1 -20 3 5 -15 1 -13 -8 0 -12 4 -8 -2 -5 13 -1 -1 -3 -58 15 0 1 4 -5 0 1 4 -2 0 -1 4 -1 -2 3 -1 4 -2 -2 2 9 17 -2 1 -2 -9 -14 57 25 -77 30 -5 27 -49 -5 -1 4 3 3 -2 -3 5 -1 7 -36 -29 -2 -34 -6 15 4 0 9 1 36 35 7 -7 -44 47 5 12 -1 2 -10 16 -16 
18 0 6 -2 12 -26 0 5 0 3 -31 -4 -2 14 -44 -31 3 4 6 -14 58 -57 15 2 -6 0 -24 -9 11 -20 31 2 -3 26 1 22 -1 -2 30 35 17 0 -36 -1 18 1 -36 9 -3 4 0 -7 -2 5 1 -28 -14 -1 0 -3 -3 -1 -4 0 3 21 -3 35 38 -2 -31 -1 3 -2 -2 4 -1 10 -1 1 0 -1 0 -2 -6 -2 -7 16 -1 3 5 9 0 -2 1 -3 1 17 -27 3 -1 5 -2 0 1 -41 -5 22 0 -11 2 5 28 5 -1 -2 -29 -6 6 6 20 0 0 17 1 
